1728900969280 0.10039636492729187 1
1728900973603 0.19376254081726074 2
1728900977917 0.06875624507665634 3
1728900982247 0.11883831024169922 4
1728900986560 0.11917129158973694 5
1728900990888 0.11896039545536041 6
1728900995229 0.07215794175863266 7
1728900999573 0.08709786832332611 8
1728901003925 0.12172962725162506 9
1728901008285 0.16192668676376343 10
1728901012661 0.08817026019096375 11
1728901017043 0.09357117861509323 12
1728901021419 0.10320891439914703 13
1728901025779 0.05025169998407364 14
1728901030157 0.13380803167819977 15
1728901034530 0.15571704506874084 16
1728901038894 0.08363120257854462 17
1728901043273 0.09998104721307755 18
1728901047655 0.3298099637031555 19
1728901052047 0.1830727458000183 20
1728901056437 0.15982627868652344 21
1728901060818 0.09390385448932648 22
1728901065205 0.08215084671974182 23
1728901069607 0.19906112551689148 24
1728901073998 0.09021085500717163 25
1728901078404 0.1520787924528122 26
1728901082797 0.13562949001789093 27
1728901087205 0.10013209283351898 28
1728901091598 0.10426615178585052 29
1728901095995 0.07038374245166779 30
1728901100403 0.19511356949806213 31
1728901104797 0.07222653180360794 32
1728901109198 0.09819439798593521 33
1728901113594 0.07947753369808197 34
1728901118001 0.13602584600448608 35
1728901122405 0.1399102509021759 36
1728901126812 0.1227760761976242 37
1728901131199 0.09888438880443573 38
1728901135575 0.04319664463400841 39
1728901139984 0.11196544766426086 40
1728901144408 0.09761570394039154 41
1728901148794 0.09575226157903671 42
1728901153206 0.09549414366483688 43
1728901157604 0.23740729689598083 44
1728901162011 0.1606840044260025 45
1728901166411 0.21740886569023132 46
1728901170804 0.04308076202869415 47
1728901175208 0.16704653203487396 48
1728901179593 0.12617820501327515 49
1728901184004 0.17491087317466736 50
1728901188416 0.12319200485944748 51
1728901192811 0.12281855940818787 52
1728901197216 0.07203694432973862 53
1728901201618 0.22598035633563995 54
1728901206026 0.07446438074111938 55
1728901210423 0.14543770253658295 56
1728901214843 0.09612934291362762 57
1728901219237 0.10221704840660095 58
1728901223645 0.08510076999664307 59
1728901228052 0.16095536947250366 60
1728901232449 0.14422091841697693 61
1728901236833 0.04704222455620766 62
1728901241240 0.10035362839698792 63
1728901245632 0.08550413697957993 64
1728901250028 0.10194012522697449 65
1728901254421 0.1115039810538292 66
1728901258826 0.15867730975151062 67
1728901263229 0.13797131180763245 68
1728901267633 0.13326674699783325 69
1728901272046 0.22990813851356506 70
1728901276447 0.11264685541391373 71
1728901280842 0.08595235645771027 72
1728901285246 0.0874379575252533 73
1728901289635 0.12222375720739365 74
1728901294039 0.15162795782089233 75
1728901298446 0.11415503919124603 76
1728901302850 0.1289803385734558 77
1728901307245 0.13561032712459564 78
1728901311639 0.13251596689224243 79
1728901316048 0.10250081866979599 80
1728901320449 0.07865093648433685 81
1728901324849 0.04899834096431732 82
1728901329249 0.060429178178310394 83
1728901333661 0.1559901237487793 84
1728901338068 0.0899704173207283 85
1728901342466 0.1237582117319107 86
1728901346871 0.09895347058773041 87
1728901351279 0.08054104447364807 88
1728901355680 0.10553737729787827 89
1728901360089 0.1549556702375412 90
1728901364486 0.052932009100914 91
1728901368885 0.09317350387573242 92
1728901373281 0.09061257541179657 93
1728901377683 0.11106180399656296 94
1728901382081 0.06613045185804367 95
1728901386470 0.11944801360368729 96
1728901390876 0.0694115161895752 97
1728901395281 0.06205512210726738 98
1728901399682 0.12433841824531555 99
1728901404092 0.1037425547838211 100
1728901408506 0.11619522422552109 101
1728901412894 0.09597857296466827 102
1728901417300 0.08250787109136581 103
1728901421695 0.20578312873840332 104
1728901426092 0.10319879651069641 105
1728901430488 0.10143537819385529 106
1728901434895 0.12018539011478424 107
1728901439309 0.07165053486824036 108
1728901443708 0.1432202160358429 109
1728901448098 0.0822940468788147 110
1728901452510 0.08477693796157837 111
1728901456910 0.09039532393217087 112
1728901461326 0.17062649130821228 113
1728901465734 0.11561939865350723 114
1728901470130 0.09944263100624084 115
1728901474536 0.12538331747055054 116
1728901478932 0.08728712797164917 117
1728901483330 0.07896750420331955 118
1728901487707 0.024902477860450745 119
1728901492089 0.11100215464830399 120
1728901496494 0.19278579950332642 121
1728901500890 0.0908275842666626 122
1728901505285 0.09228597581386566 123
1728901509688 0.09673900902271271 124
1728901514079 0.1067495048046112 125
1728901518474 0.16911542415618896 126
1728901522870 0.12449724972248077 127
1728901527277 0.08684815466403961 128
1728901531682 0.09228304028511047 129
1728901536085 0.10221430659294128 130
1728901540490 0.04760535806417465 131
1728901544893 0.19241276383399963 132
1728901549303 0.1513575315475464 133
1728901553712 0.10468313097953796 134
1728901558105 0.11063943058252335 135
1728901562514 0.07929018139839172 136
1728901566905 0.06115540862083435 137
1728901571330 0.13720592856407166 138
1728901575757 0.12193641066551208 139
1728901580147 0.13309939205646515 140
1728901584545 0.08951215445995331 141
1728901588946 0.09801939129829407 142
1728901593350 0.11703280359506607 143
1728901597750 0.15754926204681396 144
1728901602140 0.09233145415782928 145
1728901606551 0.3190067410469055 146
1728901610944 0.06741039454936981 147
1728901615349 0.09216691553592682 148
1728901619746 0.07125560194253922 149
1728901624144 0.11820103228092194 150
1728901628551 0.10245250165462494 151
1728901632937 0.14125020802021027 152
1728901637335 0.44379204511642456 153
1728901641744 0.09831022471189499 154
1728901646135 0.09247805923223495 155
1728901650533 0.12551085650920868 156
1728901654944 0.08670874685049057 157
1728901659346 0.09421861171722412 158
1728901663751 0.31095996499061584 159
1728901668144 0.05721142888069153 160
1728901672544 0.06526684015989304 161
1728901676939 0.23711416125297546 162
1728901681348 0.10436394810676575 163
1728901685749 0.08656620979309082 164
1728901690155 0.07779044657945633 165
1728901694556 0.07749873399734497 166
1728901698957 0.07762086391448975 167
1728901703348 0.12958118319511414 168
1728901707751 0.16926640272140503 169
1728901712161 0.07079935073852539 170
1728901716567 0.08704765141010284 171
1728901720996 0.07902165502309799 172
1728901725397 0.11347293853759766 173
1728901729786 0.13634613156318665 174
1728901734187 0.15415990352630615 175
1728901738587 0.127068430185318 176
1728901742984 0.09540721774101257 177
1728901747384 0.1529744416475296 178
1728901751786 0.08750208467245102 179
1728901756186 0.08827294409275055 180
1728901760601 0.0700792521238327 181
1728901765012 0.1049688458442688 182
1728901769407 0.10022196173667908 183
1728901773815 0.12063358724117279 184
1728901778214 0.14513565599918365 185
1728901782605 0.09346477687358856 186
1728901787012 0.06415668874979019 187
1728901791408 0.14421799778938293 188
1728901795801 0.08996938914060593 189
1728901800188 0.12714415788650513 190
1728901804567 0.09072286635637283 191
1728901808985 0.07654327154159546 192
1728901813371 0.08371508866548538 193
1728901817776 0.22309988737106323 194
1728901822176 0.17828336358070374 195
1728901826566 0.08042657375335693 196
1728901830975 0.09810271114110947 197
1728901835371 0.08372941613197327 198
1728901839774 0.10831479728221893 199
1728901844168 0.10908719897270203 200
1728901848572 0.06867776811122894 201
1728901852974 0.061362821608781815 202
1728901857373 0.17239470779895782 203
1728901861774 0.10071218758821487 204
1728901866170 0.1073928028345108 205
1728901870569 0.13294845819473267 206
1728901874946 0.07951287925243378 207
1728901879336 0.09998486191034317 208
1728901883746 0.08475463092327118 209
1728901888154 0.126096710562706 210
1728901892550 0.10082629323005676 211
1728901896946 0.07221422344446182 212
1728901901348 0.18787339329719543 213
1728901905755 0.1957775503396988 214
1728901910150 0.0638943612575531 215
1728901914547 0.08715677261352539 216
1728901918929 0.08730040490627289 217
1728901923340 0.0891876295208931 218
1728901927754 0.12241403013467789 219
1728901932156 0.1300601363182068 220
1728901936559 0.14292344450950623 221
1728901940944 0.06960123777389526 222
1728901945354 0.15235275030136108 223
1728901949770 0.0632101446390152 224
1728901954163 0.10159634053707123 225
1728901958555 0.11855432391166687 226
1728901962980 0.211828351020813 227
1728901967379 0.1440138816833496 228
1728901971791 0.14227275550365448 229
1728901976186 0.0769587829709053 230
1728901980591 0.08539851754903793 231
1728901985001 0.14260435104370117 232
1728901989382 0.08497646450996399 233
1728901993789 0.10591234266757965 234
1728901998191 0.18527868390083313 235
1728902002617 0.12992283701896667 236
1728902007024 0.11866717785596848 237
1728902011423 0.10335378348827362 238
1728902015837 0.08150623738765717 239
1728902020221 0.13886205852031708 240
1728902024614 0.4173014760017395 241
1728902029014 0.08395184576511383 242
1728902033420 0.17643462121486664 243
1728902037824 0.08959691971540451 244
1728902042227 0.11797614395618439 245
1728902046631 0.1059456467628479 246
1728902051043 0.14848123490810394 247
1728902055438 0.1228065937757492 248
1728902059844 0.1140446811914444 249
1728902064238 0.1418362855911255 250
1728902068638 0.09290272742509842 251
1728902073054 0.1234746128320694 252
1728902077462 0.12077028304338455 253
1728902081866 0.07010652869939804 254
1728902086268 0.20469067990779877 255
1728902090661 0.19250337779521942 256
1728902095064 0.1939999759197235 257
1728902099463 0.1324552297592163 258
1728902103878 0.0865015983581543 259
1728902108295 0.08532145619392395 260
1728902112681 0.09251585602760315 261
1728902117062 0.11723823845386505 262
1728902121449 0.03235146403312683 263
1728902125872 0.09187312424182892 264
1728902130266 0.17897272109985352 265
1728902134659 0.0873909443616867 266
1728902139056 0.12027746438980103 267
1728902143459 0.07528811693191528 268
1728902147877 0.12361171841621399 269
1728902152279 0.13715742528438568 270
1728902156691 0.17083169519901276 271
1728902161077 0.08752471208572388 272
1728902165471 0.08203284442424774 273
1728902169872 0.12664657831192017 274
1728902174290 0.09595082700252533 275
1728902178693 0.16017520427703857 276
1728902183093 0.12640893459320068 277
1728902187492 0.10489834100008011 278
1728902191898 0.14711061120033264 279
1728902196314 0.0895782858133316 280
1728902200713 0.18848580121994019 281
1728902205109 0.0598897822201252 282
1728902209519 0.11226107180118561 283
1728902213911 0.08829069137573242 284
1728902218320 0.08645980060100555 285
1728902222720 0.07365981489419937 286
1728902227137 0.0877041220664978 287
1728902231554 0.05360421910881996 288
1728902235954 0.09418822824954987 289
1728902240359 0.061092622578144073 290
1728902244772 0.1584036648273468 291
1728902249170 0.10017389059066772 292
1728902253576 0.199354350566864 293
1728902258080 0.1992507129907608 294
1728902262489 0.07731547206640244 295
1728902266896 0.1892678141593933 296
1728902271299 0.11379345506429672 297
1728902275693 0.08908942341804504 298
1728902280104 0.08326102048158646 299
1728902284506 0.12833988666534424 300
1728902288902 0.08429701626300812 301
1728902293292 0.056478142738342285 302
1728902297692 0.06542126089334488 303
1728902302097 0.15141141414642334 304
1728902306499 0.07005277276039124 305
1728902310891 0.06486763060092926 306
1728902315293 0.33352604508399963 307
1728902319685 0.20135554671287537 308
1728902324081 0.13341619074344635 309
1728902328493 0.056403037160634995 310
1728902332902 0.13327164947986603 311
1728902337304 0.07815507054328918 312
1728902341707 0.15046656131744385 313
1728902346105 0.09816062450408936 314
1728902350507 0.14843322336673737 315
1728902354900 0.0761757642030716 316
1728902359305 0.16160470247268677 317
1728902363708 0.1893635392189026 318
1728902368103 0.11549551784992218 319
1728902372506 0.17377910017967224 320
1728902376895 0.1170869916677475 321
1728902381318 0.0729011595249176 322
1728902385726 0.18949128687381744 323
1728902390122 0.10663698613643646 324
1728902394511 0.1683846265077591 325
1728902398912 0.07697629183530807 326
1728902403322 0.17064683139324188 327
1728902407732 0.07413551211357117 328
1728902412139 0.152307391166687 329
1728902416541 0.11625164747238159 330
1728902420938 0.10549156367778778 331
1728902425344 0.09625951945781708 332
1728902429735 0.10419628024101257 333
1728902434126 0.09087479114532471 334
1728902438531 0.31241750717163086 335
1728902442913 0.05075111985206604 336
1728902447299 0.1052766740322113 337
1728902451723 0.13873271644115448 338
1728902456122 0.10282859206199646 339
1728902460523 0.09446064382791519 340
1728902464942 0.09720413386821747 341
1728902469354 0.09432026743888855 342
1728902473756 0.0832962691783905 343
1728902478158 0.10440848767757416 344
1728902482567 0.1556401550769806 345
1728902486967 0.09359156340360641 346
1728902491370 0.08847692608833313 347
1728902495765 0.0962127149105072 348
1728902500157 0.10798501968383789 349
1728902504543 0.18326804041862488 350
1728902508947 0.14464664459228516 351
1728902513341 0.19268649816513062 352
1728902517721 0.0625048577785492 353
1728902522130 0.2065443992614746 354
1728902526509 0.05800008773803711 355
1728902530909 0.11609480530023575 356
1728902535304 0.09946392476558685 357
1728902539698 0.11329768598079681 358
1728902544094 0.05384460836648941 359
1728902548495 0.24158330261707306 360
1728902552905 0.09366363286972046 361
1728902557306 0.07285410165786743 362
1728902561707 0.10493798553943634 363
1728902566105 0.07590791583061218 364
1728902570504 0.10100854188203812 365
1728902574918 0.13172408938407898 366
1728902579311 0.07782071083784103 367
1728902583705 0.10486561059951782 368
1728902588109 0.09617989510297775 369
1728902592520 0.27026471495628357 370
1728902596924 0.12343396991491318 371
1728902601323 0.13609397411346436 372
1728902605723 0.061442241072654724 373
1728902610118 0.0988689512014389 374
1728902614508 0.05892735719680786 375
1728902618937 0.17198264598846436 376
1728902623349 0.052080992609262466 377
1728902627743 0.08859279006719589 378
1728902632154 0.05176077038049698 379
1728902636562 0.10633072257041931 380
1728902640966 0.08323213458061218 381
1728902645365 0.10387542843818665 382
1728902649756 0.11864105612039566 383
1728902654167 0.09579862654209137 384
1728902658561 0.07516700774431229 385
1728902662970 0.14659491181373596 386
1728902667365 0.14650031924247742 387
1728902671778 0.07844219356775284 388
1728902676184 0.14924712479114532 389
1728902680565 0.11591663956642151 390
1728902684976 0.06943629682064056 391
1728902689379 0.06523525714874268 392
1728902693762 0.08971114456653595 393
1728902698170 0.09666070342063904 394
1728902702579 0.1149146556854248 395
1728902706983 0.07868260145187378 396
1728902711379 0.09755592793226242 397
1728902715771 0.09091439098119736 398
1728902720171 0.24258644878864288 399
1728902724559 0.10760408639907837 400
1728902728965 0.10380910336971283 401
1728902733371 0.1116177886724472 402
1728902737780 0.0854545384645462 403
1728902742188 0.11266355216503143 404
1728902746579 0.11915035545825958 405
1728902750987 0.14275898039340973 406
1728902755387 0.09294547140598297 407
1728902759802 0.09799015522003174 408
1728902764207 0.09417756646871567 409
1728902768604 0.16453790664672852 410
1728902773007 0.16864416003227234 411
1728902777403 0.06906390190124512 412
1728902781788 0.0383407399058342 413
1728902786186 0.23568911850452423 414
1728902790567 0.06965953856706619 415
1728902794965 0.12706312537193298 416
1728902799352 0.05827750265598297 417
1728902803756 0.031640492379665375 418
1728902808153 0.13963578641414642 419
1728902812546 0.1276731640100479 420
1728902816939 0.0668465867638588 421
1728902821331 0.1339261531829834 422
1728902825728 0.2903168797492981 423
1728902830113 0.04217251017689705 424
1728902834481 0.1067790687084198 425
1728902838884 0.0936708077788353 426
1728902843281 0.13218078017234802 427
1728902847666 0.08017943799495697 428
1728902852072 0.08871988952159882 429
1728902856458 0.11211647093296051 430
1728902860860 0.09569469094276428 431
1728902865266 0.14223039150238037 432
1728902869666 0.12028595060110092 433
1728902874063 0.11658268421888351 434
1728902878468 0.15096884965896606 435
1728902882862 0.11586165428161621 436
1728902887262 0.09628147631883621 437
1728902891673 0.1768312156200409 438
1728902896069 0.09181328862905502 439
1728902900473 0.13938766717910767 440
1728902904881 0.1111796498298645 441
1728902909268 0.09494222700595856 442
1728902913695 0.1941009908914566 443
1728902918081 0.04158811271190643 444
1728902922477 0.05487075820565224 445
1728902926888 0.09767871350049973 446
1728902931286 0.06717231869697571 447
1728902935675 0.09209299087524414 448
1728902940070 0.08829662203788757 449
1728902944461 0.20093467831611633 450
1728902948865 0.0935882031917572 451
1728902953252 0.12335559725761414 452
1728902957669 0.13114148378372192 453
1728902962078 0.05055375024676323 454
1728902966483 0.12098568677902222 455
1728902970866 0.11458294093608856 456
1728902975284 0.11585645377635956 457
1728902979691 0.10622180998325348 458
1728902984082 0.06953276693820953 459
1728902988473 0.09419089555740356 460
1728902992871 0.09125404059886932 461
1728902997285 0.11861877143383026 462
1728903001704 0.06950854510068893 463
1728903006091 0.1285519003868103 464
1728903010493 0.11721732467412949 465
1728903014888 0.07502523064613342 466
1728903019290 0.09475071728229523 467
1728903023691 0.10659855604171753 468
1728903028090 0.16777527332305908 469
1728903032490 0.2629072368144989 470
1728903036893 0.19730010628700256 471
1728903041289 0.0851045697927475 472
1728903045694 0.08272262662649155 473
1728903050091 0.10367397218942642 474
1728903054491 0.08267698436975479 475
1728903058905 0.08306685835123062 476
1728903063287 0.0876329243183136 477
1728903067705 0.08744566142559052 478
1728903072097 0.08098018169403076 479
1728903076526 0.13524633646011353 480
1728903080950 0.12580978870391846 481
1728903085346 0.12957711517810822 482
1728903089742 0.052830785512924194 483
1728903094143 0.09010511636734009 484
1728903098553 0.08824101090431213 485
1728903102952 0.1026468276977539 486
1728903107348 0.35968178510665894 487
1728903111749 0.11266522109508514 488
1728903116137 0.10121653974056244 489
1728903120542 0.07110664248466492 490
1728903124954 0.0700422152876854 491
1728903129352 0.08067278563976288 492
1728903133741 0.06900932639837265 493
1728903138140 0.22217711806297302 494
1728903142557 0.1126534640789032 495
1728903146965 0.05665134638547897 496
1728903151397 0.15628263354301453 497
1728903155784 0.07804322242736816 498
1728903160177 0.07881489396095276 499
1728903164574 0.14788268506526947 500
1728903168987 0.07019349932670593 501
1728903173385 0.09713588654994965 502
1728903177797 0.17203757166862488 503
1728903182188 0.052904583513736725 504
1728903186584 0.05421783775091171 505
1728903190971 0.131758451461792 506
1728903195387 0.1945154368877411 507
1728903199787 0.10126437991857529 508
1728903204168 0.10889540612697601 509
1728903208581 0.07525314390659332 510
1728903212983 0.10613148659467697 511
1728903217375 0.09843528270721436 512
1728903221788 0.15380600094795227 513
1728903226190 0.11521363258361816 514
1728903230589 0.09867341816425323 515
1728903234969 0.11019130051136017 516
1728903239378 0.10001865774393082 517
1728903243785 0.15826672315597534 518
1728903248172 0.10808315128087997 519
1728903252581 0.08901612460613251 520
1728903256969 0.07683603465557098 521
1728903261378 0.1477295160293579 522
1728903265772 0.1076715812087059 523
1728903270167 0.19168531894683838 524
1728903274571 0.11711747944355011 525
1728903278962 0.05142673850059509 526
1728903283365 0.19023317098617554 527
1728903287759 0.11889857053756714 528
1728903292135 0.07254709303379059 529
1728903296546 0.16824711859226227 530
1728903300933 0.13440681993961334 531
1728903305348 0.21332690119743347 532
1728903309749 0.08794081211090088 533
1728903314140 0.11987661570310593 534
1728903318552 0.08447745442390442 535
1728903322960 0.06473110616207123 536
1728903327362 0.08531900495290756 537
1728903331743 0.08690096437931061 538
1728903336131 0.09879805892705917 539
1728903340539 0.09596623480319977 540
1728903344928 0.11237985640764236 541
1728903349333 0.17312033474445343 542
1728903353739 0.1270580142736435 543
1728903358122 0.035907331854104996 544
1728903362524 0.10266062617301941 545
1728903366905 0.22378844022750854 546
1728903371298 0.11327685415744781 547
1728903375698 0.1360539048910141 548
1728903380094 0.1138002872467041 549
1728903384507 0.10738612711429596 550
1728903388907 0.22511975467205048 551
1728903393309 0.12378707528114319 552
1728903397724 0.12444590777158737 553
1728903402130 0.1483585685491562 554
1728903406545 0.14636555314064026 555
1728903410946 0.07317543029785156 556
1728903415328 0.10163179785013199 557
1728903419722 0.06937918066978455 558
1728903424125 0.13843446969985962 559
1728903428534 0.10526211559772491 560
1728903432952 0.0948844775557518 561
1728903437338 0.03599792718887329 562
1728903441738 0.0886652022600174 563
1728903446144 0.07308939844369888 564
1728903450537 0.08544337004423141 565
1728903454940 0.14405091106891632 566
1728903459336 0.07160639762878418 567
1728903463735 0.1659860908985138 568
1728903468141 0.08920357376337051 569
1728903472542 0.180362731218338 570
1728903476948 0.06018885225057602 571
1728903481353 0.10852493345737457 572
1728903485772 0.08392199873924255 573
1728903490176 0.062476273626089096 574
1728903494583 0.24649256467819214 575
1728903498997 0.1266433745622635 576
1728903503398 0.20508697628974915 577
1728903507791 0.1307825893163681 578
1728903512198 0.11449310183525085 579
1728903516587 0.09201732277870178 580
1728903521009 0.1009344756603241 581
1728903525408 0.06325531750917435 582
1728903529821 0.0788225382566452 583
1728903534217 0.1069672703742981 584
1728903538609 0.08037158846855164 585
1728903543013 0.10036106407642365 586
1728903547391 0.07810228317975998 587
1728903551790 0.10988840460777283 588
1728903556184 0.06448313593864441 589
1728903560578 0.12922950088977814 590
1728903564974 0.07544808089733124 591
1728903569377 0.14931806921958923 592
1728903573758 0.036733537912368774 593
1728903578173 0.09336365759372711 594
1728903582582 0.10954831540584564 595
1728903586998 0.10705245286226273 596
1728903591396 0.16230157017707825 597
1728903595797 0.07980015128850937 598
1728903600191 0.09627387672662735 599
1728903604576 0.11053487658500671 600
1728903609003 0.06973758339881897 601
1728903613410 0.101915143430233 602
1728903617812 0.1654765009880066 603
1728903622209 0.11588375270366669 604
1728903626612 0.11678208410739899 605
1728903631003 0.08937385678291321 606
1728903635415 0.09528513252735138 607
1728903639820 0.10824781656265259 608
1728903644208 0.08560924232006073 609
1728903648599 0.08050340414047241 610
1728903652991 0.08292281627655029 611
1728903657397 0.08630313724279404 612
1728903661790 0.06270924210548401 613
1728903666188 0.08670341968536377 614
1728903670587 0.09292302280664444 615
1728903675001 0.09711635112762451 616
1728903679397 0.06749223917722702 617
1728903683801 0.12561769783496857 618
1728903688191 0.08919083327054977 619
1728903692589 0.14324349164962769 620
1728903696991 0.14413483440876007 621
1728903701398 0.09898589551448822 622
1728903705803 0.16472339630126953 623
1728903710200 0.15246185660362244 624
1728903714597 0.05904722213745117 625
1728903718993 0.09615109860897064 626
1728903723400 0.2475031018257141 627
1728903727791 0.0814015343785286 628
1728903732193 0.18239790201187134 629
1728903736593 0.13169202208518982 630
1728903740984 0.3098079562187195 631
1728903745397 0.12705251574516296 632
1728903749799 0.08995895087718964 633
1728903754203 0.1029486209154129 634
1728903758602 0.10530737787485123 635
1728903763003 0.15013326704502106 636
1728903767393 0.055993057787418365 637
1728903771794 0.29140713810920715 638
1728903776183 0.10630617290735245 639
1728903780576 0.06729921698570251 640
1728903784993 0.10669229924678802 641
1728903789412 0.10933558642864227 642
1728903793813 0.11688090860843658 643
1728903798212 0.10992448776960373 644
1728903802601 0.06858702003955841 645
1728903806992 0.09903112053871155 646
1728903811417 0.09758739173412323 647
1728903815830 0.09521519392728806 648
1728903820223 0.1743624210357666 649
1728903824601 0.0778878778219223 650
1728903829014 0.09818657487630844 651
1728903833427 0.24528293311595917 652
1728903837830 0.06491892784833908 653
1728903842255 0.10784530639648438 654
1728903846640 0.07291071116924286 655
1728903851039 0.16612674295902252 656
1728903855434 0.14176161587238312 657
1728903859841 0.09652543067932129 658
1728903864242 0.13315248489379883 659
1728903868654 0.1582375168800354 660
1728903873065 0.14022713899612427 661
1728903877465 0.1662692278623581 662
1728903881874 0.10810182988643646 663
1728903886273 0.07390883564949036 664
1728903890675 0.07653282582759857 665
1728903895081 0.225791797041893 666
1728903899480 0.11176557838916779 667
1728903903899 0.12431810796260834 668
1728903908299 0.15034426748752594 669
1728903912688 0.07649420201778412 670
1728903917096 0.11595981568098068 671
1728903921483 0.0989271029829979 672
1728903925898 0.2237720787525177 673
1728903930319 0.13706928491592407 674
1728903934725 0.11452880501747131 675
1728903939113 0.09919744729995728 676
1728903943493 0.09885998070240021 677
1728903947889 0.12189346551895142 678
1728903952301 0.2918902039527893 679
1728903956702 0.08575084805488586 680
1728903961117 0.15452133119106293 681
1728903965517 0.11539995670318604 682
1728903969911 0.09543246030807495 683
1728903974315 0.10792533308267593 684
1728903978702 0.10391472280025482 685
1728903983106 0.11566337943077087 686
1728903987518 0.17047560214996338 687
1728903991907 0.09817861020565033 688
1728903996316 0.10824818164110184 689
1728904000722 0.13512785732746124 690
1728904005141 0.07477059960365295 691
1728904009551 0.2378780096769333 692
1728904013947 0.08047956228256226 693
1728904018347 0.13153620064258575 694
1728904022742 0.09078002721071243 695
1728904027141 0.10959132760763168 696
1728904031539 0.09653402864933014 697
1728904035939 0.10437291860580444 698
1728904040335 0.09937325119972229 699
1728904044729 0.23107200860977173 700
1728904049224 0.0963260754942894 701
1728904053628 0.18943998217582703 702
1728904058024 0.10312975943088531 703
1728904062426 0.09464596956968307 704
1728904066826 0.10607296973466873 705
1728904071234 0.07473334670066833 706
1728904075649 0.1615198850631714 707
1728904080031 0.059639185667037964 708
1728904084424 0.0635184645652771 709
1728904088806 0.09002946317195892 710
1728904093204 0.10959289222955704 711
1728904097602 0.11244405806064606 712
1728904101997 0.10897055268287659 713
1728904106399 0.3202727735042572 714
1728904110799 0.06759954988956451 715
1728904115193 0.06771373748779297 716
1728904119580 0.0679987445473671 717
1728904123984 0.17382782697677612 718
1728904128386 0.09872359782457352 719
1728904132780 0.1257740557193756 720
1728904137179 0.0722508579492569 721
1728904141570 0.23786216974258423 722
1728904145975 0.09699667990207672 723
1728904150378 0.10213184356689453 724
1728904154779 0.16241227090358734 725
1728904159182 0.09515056759119034 726
1728904163584 0.11956274509429932 727
1728904167982 0.08460420370101929 728
1728904172387 0.10846780240535736 729
1728904176788 0.12233663350343704 730
1728904181198 0.22048451006412506 731
1728904185584 0.12579236924648285 732
1728904190001 0.09707587957382202 733
1728904194405 0.0996442586183548 734
1728904198805 0.1431516408920288 735
1728904203200 0.13100409507751465 736
1728904207586 0.10543611645698547 737
1728904211975 0.08595839887857437 738
1728904216378 0.06131530553102493 739
1728904220787 0.1553356647491455 740
1728904225188 0.1259082704782486 741
1728904229585 0.0985918641090393 742
1728904233978 0.0822388082742691 743
1728904238384 0.13986369967460632 744
1728904242783 0.14683905243873596 745
1728904247188 0.12641437351703644 746
1728904251594 0.11350668221712112 747
1728904255990 0.08127246797084808 748
1728904260391 0.11775007098913193 749
1728904264792 0.05213529244065285 750
1728904269206 0.07362079620361328 751
1728904273606 0.19730350375175476 752
1728904277998 0.08564649522304535 753
1728904282399 0.1681278645992279 754
1728904286797 0.14972195029258728 755
1728904291201 0.12721970677375793 756
1728904295593 0.10012161731719971 757
1728904299999 0.13206306099891663 758
1728904304403 0.10918112099170685 759
1728904308790 0.10205858945846558 760
1728904313190 0.11125075817108154 761
1728904317580 0.1210540235042572 762
1728904321974 0.09488654136657715 763
1728904326367 0.07499094307422638 764
1728904330771 0.13082703948020935 765
1728904335178 0.09188446402549744 766
1728904339568 0.09940426796674728 767
1728904343968 0.12130631506443024 768
1728904348387 0.10082066804170609 769
1728904352800 0.13333779573440552 770
1728904357204 0.06261356174945831 771
1728904361607 0.08042250573635101 772
1728904365995 0.1631336361169815 773
1728904370401 0.09141130745410919 774
1728904374804 0.13346216082572937 775
1728904379207 0.14466165006160736 776
1728904383625 0.1233019083738327 777
1728904388018 0.09801405668258667 778
1728904392452 0.1346094310283661 779
1728904396852 0.0928838923573494 780
1728904401261 0.1026238203048706 781
1728904405651 0.11164643615484238 782
1728904410030 0.09186534583568573 783
1728904414430 0.07556372135877609 784
1728904418847 0.1396690011024475 785
1728904423254 0.1919373869895935 786
1728904427652 0.09799832105636597 787
1728904432053 0.11579447984695435 788
1728904436465 0.28582698106765747 789
1728904440875 0.14715659618377686 790
1728904445279 0.08755530416965485 791
1728904449681 0.09859107434749603 792
1728904454072 0.07625909149646759 793
1728904458484 0.10122378170490265 794
1728904462888 0.10069121420383453 795
1728904467281 0.0811963826417923 796
1728904471674 0.18059362471103668 797
1728904476073 0.3312509059906006 798
1728904480494 0.24103906750679016 799
1728904484917 0.06585553288459778 800
1728904489309 0.07902547717094421 801
1728904493705 0.06398619711399078 802
1728904498089 0.10946960002183914 803
1728904502482 0.04806904122233391 804
1728904506880 0.061144888401031494 805
1728904511287 0.10503894835710526 806
1728904515669 0.07004906982183456 807
1728904520059 0.068931445479393 808
1728904524474 0.11995654553174973 809
1728904528883 0.1777944266796112 810
1728904533286 0.0789588913321495 811
1728904537687 0.1190386712551117 812
1728904542074 0.12396279722452164 813
1728904546474 0.12495210766792297 814
1728904550873 0.12583757936954498 815
1728904555282 0.09617926925420761 816
1728904559659 0.16197633743286133 817
1728904564060 0.09151214361190796 818
1728904568451 0.08675427734851837 819
1728904572850 0.09197422862052917 820
1728904577258 0.0630638524889946 821
1728904581650 0.19063785672187805 822
1728904586054 0.08895287662744522 823
1728904590485 0.09370018541812897 824
1728904594886 0.10900059342384338 825
1728904599290 0.19215090572834015 826
1728904603701 0.08699005842208862 827
1728904608113 0.12209918349981308 828
1728904612523 0.13364090025424957 829
1728904616921 0.0828067809343338 830
1728904621323 0.08506268262863159 831
1728904625722 0.09897232055664062 832
1728904630118 0.09816336631774902 833
1728904634512 0.12571555376052856 834
1728904638916 0.13085836172103882 835
1728904643327 0.09327110648155212 836
1728904647722 0.061432722955942154 837
1728904652123 0.16631945967674255 838
1728904656526 0.12390980869531631 839
1728904660932 0.14407336711883545 840
1728904665350 0.1036481037735939 841
1728904669768 0.1754906177520752 842
1728904674169 0.06262753158807755 843
1728904678576 0.17787912487983704 844
1728904682985 0.08705499023199081 845
1728904687389 0.09014631062746048 846
1728904691792 0.12564417719841003 847
1728904696194 0.1094050481915474 848
1728904700577 0.07860283553600311 849
1728904704983 0.06452013552188873 850
1728904709392 0.09384851157665253 851
1728904713792 0.09149090945720673 852
1728904718189 0.10052074491977692 853
1728904722591 0.06436508893966675 854
1728904726995 0.07862751930952072 855
1728904731406 0.0670110434293747 856
1728904735805 0.10723523795604706 857
1728904740203 0.09948202967643738 858
1728904744582 0.04314900189638138 859
1728904748989 0.11992184817790985 860
1728904753392 0.10792681574821472 861
1728904757797 0.11627174913883209 862
1728904762191 0.054901689291000366 863
1728904766581 0.05645567178726196 864
1728904770973 0.071441151201725 865
1728904775378 0.1418963074684143 866
1728904779785 0.10287149250507355 867
1728904784187 0.10666937381029129 868
1728904788585 0.09695158153772354 869
1728904792996 0.2031097710132599 870
1728904797402 0.09285497665405273 871
1728904801805 0.15025848150253296 872
1728904806211 0.15617720782756805 873
1728904810621 0.09357472509145737 874
1728904815031 0.0755779817700386 875
1728904819421 0.030308231711387634 876
1728904823814 0.09120550751686096 877
1728904828216 0.11606872826814651 878
1728904832629 0.19975495338439941 879
1728904837032 0.10617044568061829 880
1728904841450 0.08668847382068634 881
1728904845852 0.15020102262496948 882
1728904850263 0.13057711720466614 883
1728904854707 0.08275821059942245 884
1728904859109 0.08271075040102005 885
1728904863499 0.0787767693400383 886
1728904867892 0.0680551528930664 887
1728904872285 0.09125185012817383 888
1728904876692 0.09866464138031006 889
1728904881085 0.06172146275639534 890
1728904885493 0.1673867255449295 891
1728904889889 0.14035488665103912 892
1728904894296 0.10865239053964615 893
1728904898684 0.04800320789217949 894
1728904903085 0.07899538427591324 895
1728904907498 0.11607406288385391 896
1728904911901 0.09076684713363647 897
1728904916286 0.11018653959035873 898
1728904920685 0.1402120739221573 899
1728904925107 0.1522848904132843 900
1728904929502 0.10263349115848541 901
1728904933900 0.10919473320245743 902
1728904938291 0.07165411114692688 903
1728904942685 0.0956016331911087 904
1728904947078 0.08335596323013306 905
1728904951475 0.07907146215438843 906
1728904955873 0.09944938868284225 907
1728904960285 0.1248849481344223 908
1728904964673 0.14726535975933075 909
1728904969078 0.10813987255096436 910
1728904973482 0.15605047345161438 911
1728904977890 0.12733623385429382 912
1728904982285 0.10185704380273819 913
1728904986692 0.12793537974357605 914
1728904991094 0.18696030974388123 915
1728904995507 0.08255454897880554 916
1728904999906 0.07221682369709015 917
1728905004313 0.17491471767425537 918
1728905008733 0.08007024228572845 919
1728905013141 0.2840452194213867 920
1728905017538 0.12112811952829361 921
1728905021950 0.07545388489961624 922
1728905026337 0.07965466380119324 923
1728905030749 0.08463457226753235 924
1728905035145 0.28171610832214355 925
1728905039554 0.1030101552605629 926
1728905043956 0.10998282581567764 927
1728905048349 0.18774482607841492 928
1728905052764 0.11614993214607239 929
1728905057159 0.05299187824130058 930
1728905061573 0.12846334278583527 931
1728905065983 0.09423230588436127 932
1728905070388 0.14083395898342133 933
1728905074783 0.058784812688827515 934
1728905079188 0.08679379522800446 935
1728905083593 0.11642414331436157 936
1728905087999 0.15102416276931763 937
1728905092412 0.1712956726551056 938
1728905096821 0.5108875036239624 939
1728905101208 0.1297338902950287 940
1728905105607 0.11758215725421906 941
1728905110008 0.07923378050327301 942
1728905114418 0.22022928297519684 943
1728905118809 0.10227331519126892 944
1728905123215 0.12254784256219864 945
1728905127617 0.08229535818099976 946
1728905132020 0.10898672789335251 947
1728905136419 0.08907413482666016 948
1728905140838 0.06980064511299133 949
1728905145238 0.0999947264790535 950
1728905149636 0.12529076635837555 951
1728905154025 0.08358192443847656 952
1728905158418 0.06938819587230682 953
1728905162830 0.10585244745016098 954
1728905167220 0.07842807471752167 955
1728905171631 0.23463819921016693 956
1728905176033 0.061131853610277176 957
1728905180442 0.3248600661754608 958
1728905184857 0.13368937373161316 959
1728905189269 0.1054334044456482 960
1728905193658 0.05210366100072861 961
1728905198057 0.10755608975887299 962
1728905202443 0.13345728814601898 963
1728905206853 0.09324944764375687 964
1728905211273 0.08396302163600922 965
1728905215671 0.1188385933637619 966
1728905220070 0.15940025448799133 967
1728905224445 0.06203172355890274 968
1728905228839 0.14783704280853271 969
1728905233229 0.09444645792245865 970
1728905237644 0.07577285915613174 971
1728905242057 0.15832087397575378 972
1728905246452 0.1564965546131134 973
1728905250835 0.0774783194065094 974
1728905255262 0.06755267083644867 975
1728905259672 0.06601899117231369 976
1728905264057 0.059520475566387177 977
1728905268453 0.10402247309684753 978
1728905272839 0.10838077962398529 979
1728905277221 0.07204799354076385 980
1728905281633 0.10742633044719696 981
1728905286037 0.20293764770030975 982
1728905290438 0.07839962840080261 983
1728905294833 0.1433524638414383 984
1728905299223 0.08775291591882706 985
1728905303632 0.11463280767202377 986
1728905308027 0.06924006342887878 987
1728905312408 0.06519848853349686 988
1728905316816 0.13026928901672363 989
1728905321198 0.11144176125526428 990
1728905325593 0.17093926668167114 991
1728905329960 0.05119187384843826 992
1728905334363 0.08609403669834137 993
1728905338750 0.09112788736820221 994
1728905343151 0.07281450927257538 995
1728905347559 0.07704177498817444 996
1728905351970 0.06840258836746216 997
1728905356362 0.6014119386672974 998
1728905360759 0.09788152575492859 999
1728905365139 0.0514959841966629 1000
1728905560319 0.10850664973258972 1001
1728905564685 0.07190045714378357 1002
1728905569072 0.13059690594673157 1003
1728905573451 0.38488709926605225 1004
1728905577834 0.10072651505470276 1005
1728905582823 0.13093021512031555 1006
1728905587205 0.09886366873979568 1007
1728905591605 0.6674841642379761 1008
1728905595977 0.14660710096359253 1009
1728905600361 0.15801629424095154 1010
1728905604773 0.11003696918487549 1011
1728905609176 0.11516653746366501 1012
1728905613586 0.42929190397262573 1013
1728905617955 0.10116831958293915 1014
1728905622340 0.09364023804664612 1015
1728905626742 0.08609232306480408 1016
1728905631141 0.08273139595985413 1017
1728905635557 0.2646017074584961 1018
1728905639941 0.09358784556388855 1019
1728905644317 0.04804147034883499 1020
1728905648716 0.06920677423477173 1021
1728905653111 0.11119111627340317 1022
1728905657512 0.08118341863155365 1023
1728905661910 0.06987527757883072 1024
1728905666316 0.1343344748020172 1025
1728905670713 0.13300442695617676 1026
1728905675122 0.06770122051239014 1027
1728905679525 0.11769406497478485 1028
1728905683923 0.08453603833913803 1029
1728905688315 0.0767655223608017 1030
1728905692725 0.19283026456832886 1031
1728905697111 0.11487987637519836 1032
1728905701518 0.06225481256842613 1033
1728905705918 0.08343200385570526 1034
1728905710303 0.11183252930641174 1035
1728905714709 0.11576410382986069 1036
1728905719104 0.09584037959575653 1037
1728905723522 0.1359940618276596 1038
1728905727934 0.13808540999889374 1039
1728905732323 0.06547126173973083 1040
1728905736736 0.1411888599395752 1041
1728905741144 0.1370166838169098 1042
1728905745567 0.0976075679063797 1043
1728905749967 0.06749051809310913 1044
1728905754377 0.1240779384970665 1045
1728905758798 0.14537784457206726 1046
1728905763211 0.057079069316387177 1047
1728905767625 0.05424237251281738 1048
1728905772030 0.055618684738874435 1049
1728905776426 0.07478755712509155 1050
1728905780838 0.13813771307468414 1051
