1728906380437 0.10039636492729187 1
1728906384768 0.19376108050346375 2
1728906389072 0.06875640898942947 3
1728906393390 0.11883863806724548 4
1728906397730 0.11917257308959961 5
1728906402074 0.11896134167909622 6
1728906406415 0.07215794920921326 7
1728906410764 0.08709819614887238 8
1728906415127 0.12173029780387878 9
1728906419497 0.16192641854286194 10
1728906423898 0.08817055821418762 11
1728906428269 0.09357152134180069 12
1728906432669 0.1032090038061142 13
1728906437036 0.050251711159944534 14
1728906441417 0.13380739092826843 15
1728906445804 0.15571555495262146 16
1728906450202 0.08363086730241776 17
1728906454609 0.09998133778572083 18
1728906459010 0.32980114221572876 19
1728906463406 0.1830747127532959 20
1728906467810 0.1598266065120697 21
1728906472207 0.0939042717218399 22
1728906476608 0.08215150237083435 23
1728906481017 0.19906002283096313 24
1728906485414 0.09021061658859253 25
1728906489830 0.15207859873771667 26
1728906494228 0.13562795519828796 27
1728906498643 0.10013280808925629 28
1728906503055 0.10426455736160278 29
1728906507451 0.0703839510679245 30
1728906511873 0.1951131820678711 31
1728906516268 0.0722266212105751 32
1728906520682 0.09819495677947998 33
1728906525084 0.07947708666324615 34
1728906529492 0.13602665066719055 35
1728906533909 0.13991111516952515 36
1728906538333 0.12277396768331528 37
1728906542744 0.09888418018817902 38
1728906547143 0.04319676011800766 39
1728906551557 0.11196563392877579 40
1728906555977 0.09761568903923035 41
1728906560382 0.09575262665748596 42
1728906564792 0.09549647569656372 43
1728906569209 0.23740556836128235 44
1728906573618 0.16068531572818756 45
1728906578018 0.21740731596946716 46
1728906582408 0.04308076575398445 47
1728906586810 0.16704218089580536 48
1728906591206 0.12617895007133484 49
1728906595622 0.17491114139556885 50
1728906600024 0.12319330126047134 51
1728906604431 0.12281843274831772 52
1728906608837 0.07203533500432968 53
1728906613250 0.22597718238830566 54
1728906617657 0.07446567714214325 55
1728906622066 0.14543648064136505 56
1728906626494 0.09612993896007538 57
1728906630908 0.10221680998802185 58
1728906635311 0.08510150015354156 59
1728906639719 0.16095703840255737 60
1728906644129 0.14421886205673218 61
1728906648533 0.04704200103878975 62
1728906652947 0.10035351663827896 63
1728906657351 0.08550113439559937 64
1728906661755 0.1019401103258133 65
1728906666188 0.11150415241718292 66
1728906670600 0.15867632627487183 67
1728906675012 0.137971431016922 68
1728906679417 0.1332659125328064 69
1728906683839 0.22991256415843964 70
1728906688250 0.11264660954475403 71
1728906692657 0.08595238626003265 72
1728906697053 0.08743473887443542 73
1728906701442 0.12222330272197723 74
1728906705848 0.1516280472278595 75
1728906710238 0.11415588855743408 76
1728906714640 0.12898032367229462 77
1728906719053 0.13561107218265533 78
1728906723467 0.13251669704914093 79
1728906727876 0.10250218212604523 80
1728906732294 0.07865078747272491 81
1728906736705 0.048998527228832245 82
1728906741109 0.06042885035276413 83
1728906745518 0.1559866964817047 84
1728906749939 0.08997002243995667 85
1728906754339 0.12375811487436295 86
1728906758758 0.09895111620426178 87
1728906763163 0.0805412083864212 88
1728906767570 0.10553690791130066 89
1728906771980 0.15495535731315613 90
1728906776380 0.05293198674917221 91
1728906780794 0.09317290037870407 92
1728906785199 0.09061283618211746 93
1728906789609 0.11106035858392715 94
1728906794017 0.0661318302154541 95
1728906798432 0.11944794654846191 96
1728906802836 0.0694117546081543 97
1728906807257 0.062054991722106934 98
1728906811690 0.12433793395757675 99
1728906816101 0.10374295711517334 100
1728906820516 0.11619584262371063 101
1728906824909 0.09597957879304886 102
1728906829310 0.08250793814659119 103
1728906833721 0.20578506588935852 104
1728906838127 0.10319919139146805 105
1728906842536 0.10143451392650604 106
1728906846940 0.12018558382987976 107
1728906851351 0.0716504231095314 108
1728906855760 0.14322122931480408 109
1728906860175 0.08229474723339081 110
1728906864583 0.08477696776390076 111
1728906868991 0.09039628505706787 112
1728906873403 0.17062830924987793 113
1728906877808 0.11562135815620422 114
1728906882212 0.09944078326225281 115
1728906886620 0.1253841519355774 116
1728906891019 0.08728679269552231 117
1728906895423 0.07896776497364044 118
1728906899796 0.024902641773223877 119
1728906904208 0.11100152134895325 120
1728906908627 0.1927858293056488 121
1728906913040 0.09082791209220886 122
1728906917453 0.09228646755218506 123
1728906921861 0.09673919528722763 124
1728906926262 0.10675020515918732 125
1728906930661 0.16911405324935913 126
1728906935065 0.12449701130390167 127
1728906939473 0.08684854209423065 128
1728906943877 0.09228269755840302 129
1728906948283 0.10221385955810547 130
1728906952692 0.04760540649294853 131
1728906957102 0.19241315126419067 132
1728906961532 0.15135778486728668 133
1728906965951 0.1046835258603096 134
1728906970351 0.11063884198665619 135
1728906974753 0.07928968966007233 136
1728906979149 0.06115517020225525 137
1728906983564 0.13720698654651642 138
1728906987983 0.12193627655506134 139
1728906992381 0.13309922814369202 140
1728906996779 0.0895119309425354 141
1728907001190 0.09801952540874481 142
1728907005602 0.11703222990036011 143
1728907010002 0.15754768252372742 144
1728907014412 0.09233173727989197 145
1728907018825 0.31900566816329956 146
1728907023232 0.06741060316562653 147
1728907027644 0.09216669201850891 148
1728907032061 0.07125470042228699 149
1728907036486 0.11820077896118164 150
1728907040893 0.1024518758058548 151
1728907045292 0.14124977588653564 152
1728907049701 0.4437941312789917 153
1728907054118 0.09831062704324722 154
1728907058523 0.09247802197933197 155
1728907062935 0.12550991773605347 156
1728907067340 0.08670821785926819 157
1728907071740 0.09421837329864502 158
1728907076162 0.3109532594680786 159
1728907080569 0.05721152201294899 160
1728907084975 0.06526646763086319 161
1728907089386 0.23711663484573364 162
1728907093814 0.10436530411243439 163
1728907098214 0.08656622469425201 164
1728907102615 0.07779054343700409 165
1728907107021 0.0774984061717987 166
1728907111428 0.07762111723423004 167
1728907115822 0.1295824497938156 168
1728907120235 0.16926535964012146 169
1728907124640 0.07079973816871643 170
1728907129045 0.08704864233732224 171
1728907133474 0.07902142405509949 172
1728907137887 0.11347410082817078 173
1728907142300 0.13634687662124634 174
1728907146719 0.15415987372398376 175
1728907151146 0.12707164883613586 176
1728907155553 0.0954069197177887 177
1728907159965 0.15297767519950867 178
1728907164384 0.08750192075967789 179
1728907168790 0.08827315270900726 180
1728907173204 0.0700807198882103 181
1728907177618 0.10496850311756134 182
1728907182041 0.1002226397395134 183
1728907186457 0.12063388526439667 184
1728907190867 0.1451379358768463 185
1728907195275 0.09346463531255722 186
1728907199697 0.06415825337171555 187
1728907204124 0.14421798288822174 188
1728907208535 0.08996975421905518 189
1728907212935 0.12714463472366333 190
1728907217327 0.09072218835353851 191
1728907221735 0.07654130458831787 192
1728907226143 0.08371472358703613 193
1728907230546 0.2231011688709259 194
1728907234960 0.1782822459936142 195
1728907239367 0.0804266631603241 196
1728907243786 0.09810352325439453 197
1728907248191 0.08372951298952103 198
1728907252601 0.10831528156995773 199
1728907257005 0.10908917337656021 200
1728907261415 0.06867792457342148 201
1728907265824 0.06136253848671913 202
1728907270258 0.17239132523536682 203
1728907274667 0.1007121205329895 204
1728907279076 0.10739313811063766 205
1728907283496 0.13295000791549683 206
1728907287886 0.07951250672340393 207
1728907292273 0.09998545795679092 208
1728907296688 0.08475463092327118 209
1728907301099 0.1260966956615448 210
1728907305518 0.10082672536373138 211
1728907309923 0.07221461832523346 212
1728907314324 0.1878700852394104 213
1728907318741 0.1957751363515854 214
1728907323153 0.06389454007148743 215
1728907327556 0.08715732395648956 216
1728907331956 0.08730070292949677 217
1728907336358 0.08918727934360504 218
1728907340771 0.12241431325674057 219
1728907345181 0.1300593614578247 220
1728907349587 0.14292338490486145 221
1728907353982 0.06960228085517883 222
1728907358389 0.15235254168510437 223
1728907362805 0.06320910900831223 224
1728907367225 0.1015969067811966 225
1728907371640 0.1185542494058609 226
1728907376063 0.21182793378829956 227
1728907380469 0.14401370286941528 228
1728907384889 0.14226865768432617 229
1728907389296 0.07695865631103516 230
1728907393700 0.08539856970310211 231
1728907398101 0.14260542392730713 232
1728907402488 0.08497631549835205 233
1728907406908 0.1059117466211319 234
1728907411318 0.18527692556381226 235
1728907415741 0.12992267310619354 236
1728907420145 0.11866777390241623 237
1728907424568 0.10335533320903778 238
1728907428999 0.08150588721036911 239
1728907433405 0.1388620138168335 240
1728907437818 0.4173080325126648 241
1728907442222 0.08395308256149292 242
1728907446650 0.17643746733665466 243
1728907451061 0.0895971953868866 244
1728907455465 0.11797259747982025 245
1728907459863 0.10594414174556732 246
1728907464286 0.14848163723945618 247
1728907468695 0.12280458211898804 248
1728907473120 0.11404441297054291 249
1728907477524 0.1418352872133255 250
1728907481926 0.09290312230587006 251
1728907486331 0.12347619235515594 252
1728907490749 0.12076982855796814 253
1728907495158 0.07010679692029953 254
1728907499581 0.20468845963478088 255
1728907503997 0.19250091910362244 256
1728907508411 0.19400088489055634 257
1728907512829 0.13245554268360138 258
1728907517245 0.0865013375878334 259
1728907521644 0.08532138913869858 260
1728907526045 0.09251323342323303 261
1728907530425 0.11723765730857849 262
1728907534810 0.0323515422642231 263
1728907539232 0.09187398850917816 264
1728907543647 0.1789727658033371 265
1728907548060 0.08739156275987625 266
1728907552462 0.12027637660503387 267
1728907556875 0.07528866827487946 268
1728907561302 0.12361124902963638 269
1728907565711 0.1371602714061737 270
1728907570138 0.1708351969718933 271
1728907574538 0.08752499520778656 272
1728907578944 0.08203303813934326 273
1728907583347 0.1266474574804306 274
1728907587766 0.09595070779323578 275
1728907592184 0.16017626225948334 276
1728907596582 0.1264105588197708 277
1728907600980 0.10489785671234131 278
1728907605392 0.14711102843284607 279
1728907609811 0.08957820385694504 280
1728907614224 0.18848946690559387 281
1728907618623 0.059889934957027435 282
1728907623049 0.11226143687963486 283
1728907627452 0.08829150348901749 284
1728907631860 0.08645987510681152 285
1728907636259 0.07365980744361877 286
1728907640673 0.08770372718572617 287
1728907645080 0.0536041334271431 288
1728907649487 0.09419099986553192 289
1728907653898 0.06109306961297989 290
1728907658324 0.15840740501880646 291
1728907662729 0.10017336905002594 292
1728907667134 0.19936731457710266 293
1728907671646 0.19924870133399963 294
1728907676057 0.0773155689239502 295
1728907680466 0.18926957249641418 296
1728907684875 0.11379359662532806 297
1728907689269 0.08908963948488235 298
1728907693673 0.08326132595539093 299
1728907698087 0.12833942472934723 300
1728907702495 0.08429636061191559 301
1728907706898 0.05647805333137512 302
1728907711300 0.06542127579450607 303
1728907715707 0.15141505002975464 304
1728907720112 0.07005242258310318 305
1728907724523 0.06486973166465759 306
1728907728931 0.33352380990982056 307
1728907733332 0.20135751366615295 308
1728907737725 0.1334158182144165 309
1728907742136 0.05640336126089096 310
1728907746539 0.13327208161354065 311
1728907750945 0.0781545341014862 312
1728907755372 0.15046222507953644 313
1728907759786 0.09816126525402069 314
1728907764208 0.148434579372406 315
1728907768630 0.07617631554603577 316
1728907773049 0.16160820424556732 317
1728907777453 0.18936488032341003 318
1728907781864 0.11549710482358932 319
1728907786288 0.17378415167331696 320
1728907790698 0.1170906126499176 321
1728907795113 0.07290181517601013 322
1728907799527 0.18950778245925903 323
1728907803950 0.10663654655218124 324
1728907808361 0.16838282346725464 325
1728907812760 0.07697676122188568 326
1728907817174 0.1706392467021942 327
1728907821572 0.0741356760263443 328
1728907825972 0.15230634808540344 329
1728907830374 0.11625291407108307 330
1728907834761 0.10549161583185196 331
1728907839188 0.09625966846942902 332
1728907843595 0.10419315099716187 333
1728907848010 0.09087426960468292 334
1728907852417 0.3124140501022339 335
1728907856810 0.05075109377503395 336
1728907861204 0.10527513176202774 337
1728907865606 0.1387326419353485 338
1728907870029 0.10282766819000244 339
1728907874447 0.09446083009243011 340
1728907878871 0.09720360487699509 341
1728907883271 0.09432008862495422 342
1728907887685 0.08329686522483826 343
1728907892096 0.10440829396247864 344
1728907896516 0.15564219653606415 345
1728907900927 0.09359151124954224 346
1728907905339 0.08847444504499435 347
1728907909743 0.09621293842792511 348
1728907914144 0.1079842746257782 349
1728907918545 0.18326769769191742 350
1728907922952 0.1446475237607956 351
1728907927350 0.19268818199634552 352
1728907931732 0.06250497698783875 353
1728907936144 0.2065446674823761 354
1728907940547 0.058000534772872925 355
1728907944948 0.11609509587287903 356
1728907949356 0.099463552236557 357
1728907953766 0.11329860240221024 358
1728907958174 0.05384465679526329 359
1728907962587 0.2415793240070343 360
1728907967002 0.09366347640752792 361
1728907971414 0.07285397499799728 362
1728907975828 0.10493747889995575 363
1728907980243 0.07590851932764053 364
1728907984654 0.1010083481669426 365
1728907989064 0.13172340393066406 366
1728907993469 0.07782032340765 367
1728907997875 0.10486525297164917 368
1728908002293 0.09617899358272552 369
1728908006697 0.2702575922012329 370
1728908011116 0.12343394011259079 371
1728908015537 0.13609425723552704 372
1728908019939 0.06144183129072189 373
1728908024352 0.09886854141950607 374
1728908028758 0.058927424252033234 375
1728908033173 0.17198003828525543 376
1728908037578 0.052080560475587845 377
1728908041975 0.08859336376190186 378
1728908046379 0.051760729402303696 379
1728908050786 0.10633102059364319 380
1728908055198 0.0832321047782898 381
1728908059602 0.1038760393857956 382
1728908064009 0.1186404824256897 383
1728908068423 0.09579838812351227 384
1728908072832 0.07516719400882721 385
1728908077247 0.1465962678194046 386
1728908081647 0.1464993804693222 387
1728908086062 0.07844160497188568 388
1728908090491 0.14924654364585876 389
1728908094900 0.11591540277004242 390
1728908099301 0.06943681091070175 391
1728908103714 0.06523579359054565 392
1728908108123 0.08971106261014938 393
1728908112538 0.09666183590888977 394
1728908116946 0.11491432785987854 395
1728908121347 0.0786830335855484 396
1728908125748 0.09755560755729675 397
1728908130141 0.090913787484169 398
1728908134551 0.24259057641029358 399
1728908138975 0.10760311782360077 400
1728908143391 0.10381016880273819 401
1728908147805 0.1116180568933487 402
1728908152217 0.08545446395874023 403
1728908156632 0.11266383528709412 404
1728908161039 0.11914941668510437 405
1728908165458 0.14275628328323364 406
1728908169869 0.09294509142637253 407
1728908174274 0.09799054265022278 408
1728908178690 0.09417761117219925 409
1728908183120 0.16453763842582703 410
1728908187537 0.1686488389968872 411
1728908191930 0.06906437128782272 412
1728908196316 0.03834083676338196 413
1728908200738 0.2356903851032257 414
1728908205128 0.06965957581996918 415
1728908209537 0.12706291675567627 416
1728908213933 0.05827723443508148 417
1728908218331 0.031640611588954926 418
1728908222735 0.13963568210601807 419
1728908227146 0.12767380475997925 420
1728908231554 0.06684573739767075 421
1728908235959 0.13392363488674164 422
1728908240373 0.2903289198875427 423
1728908244778 0.042172085493803024 424
1728908249177 0.1067788153886795 425
1728908253596 0.09367036074399948 426
1728908258014 0.1321839988231659 427
1728908262416 0.08017951250076294 428
1728908266826 0.08872070908546448 429
1728908271234 0.11211539804935455 430
1728908275654 0.09569418430328369 431
1728908280060 0.14222808182239532 432
1728908284459 0.12028557062149048 433
1728908288858 0.11658377945423126 434
1728908293274 0.15096817910671234 435
1728908297676 0.11586261540651321 436
1728908302072 0.09628154337406158 437
1728908306480 0.17683251202106476 438
1728908310896 0.09181303530931473 439
1728908315304 0.13938556611537933 440
1728908319715 0.11117986589670181 441
1728908324144 0.09494291990995407 442
1728908328550 0.19410324096679688 443
1728908332935 0.04158806800842285 444
1728908337333 0.0548708438873291 445
1728908341738 0.097679004073143 446
1728908346140 0.06717240810394287 447
1728908350548 0.09209335595369339 448
1728908354958 0.0882965475320816 449
1728908359370 0.2009349763393402 450
1728908363795 0.09358837455511093 451
1728908368198 0.1233569011092186 452
1728908372619 0.1311398148536682 453
1728908377034 0.050554145127534866 454
1728908381454 0.12098589539527893 455
1728908385868 0.11458379030227661 456
1728908390282 0.11585446447134018 457
1728908394716 0.1062222570180893 458
1728908399112 0.06953231990337372 459
1728908403507 0.09419092535972595 460
1728908407909 0.09125269949436188 461
1728908412320 0.11861872673034668 462
1728908416728 0.06950820237398148 463
1728908421139 0.12855389714241028 464
1728908425556 0.11721665412187576 465
1728908429960 0.07502540946006775 466
1728908434372 0.09475082159042358 467
1728908438780 0.10659877955913544 468
1728908443205 0.16777482628822327 469
1728908447616 0.26291656494140625 470
1728908452021 0.19730114936828613 471
1728908456435 0.08510416001081467 472
1728908460840 0.08272277563810349 473
1728908465244 0.10367476940155029 474
1728908469644 0.08267637342214584 475
1728908474061 0.08306819945573807 476
1728908478458 0.0876331627368927 477
1728908482882 0.0874437764286995 478
1728908487294 0.08098003268241882 479
1728908491702 0.13524624705314636 480
1728908496099 0.12580938637256622 481
1728908500514 0.12956787645816803 482
1728908504929 0.052830539643764496 483
1728908509338 0.09010501205921173 484
1728908513755 0.08824177086353302 485
1728908518158 0.10264667123556137 486
1728908522561 0.3596770763397217 487
1728908526971 0.11266617476940155 488
1728908531384 0.101214200258255 489
1728908535790 0.07110650837421417 490
1728908540204 0.07004234194755554 491
1728908544619 0.080672487616539 492
1728908549031 0.0690094530582428 493
1728908553445 0.2221805602312088 494
1728908557855 0.11265276372432709 495
1728908562265 0.05665191262960434 496
1728908566701 0.1562769114971161 497
1728908571112 0.07804408669471741 498
1728908575539 0.07881426811218262 499
1728908579932 0.14788153767585754 500
1728908584350 0.07019434124231339 501
1728908588759 0.09713571518659592 502
1728908593180 0.17203815281391144 503
1728908597583 0.05290435254573822 504
1728908602001 0.054218363016843796 505
1728908606411 0.13175751268863678 506
1728908610825 0.19451458752155304 507
1728908615242 0.10126365721225739 508
1728908619633 0.10889466851949692 509
1728908624031 0.07525297999382019 510
1728908628428 0.10613074898719788 511
1728908632838 0.09843467175960541 512
1728908637254 0.15380540490150452 513
1728908641667 0.11522418260574341 514
1728908646074 0.09867376834154129 515
1728908650493 0.11019107699394226 516
1728908654904 0.10001812875270844 517
1728908659317 0.15826478600502014 518
1728908663725 0.10808375477790833 519
1728908668127 0.08901581168174744 520
1728908672538 0.07683572173118591 521
1728908676953 0.14772802591323853 522
1728908681359 0.10767164826393127 523
1728908685762 0.19168847799301147 524
1728908690182 0.11711835861206055 525
1728908694583 0.05142601951956749 526
1728908698999 0.1902262568473816 527
1728908703408 0.11890032887458801 528
1728908707811 0.07254621386528015 529
1728908712226 0.16824841499328613 530
1728908716640 0.13440963625907898 531
1728908721059 0.21333608031272888 532
1728908725465 0.08794140070676804 533
1728908729862 0.11987635493278503 534
1728908734261 0.08447761833667755 535
1728908738669 0.06473053991794586 536
1728908743102 0.08531761169433594 537
1728908747490 0.0869000032544136 538
1728908751889 0.09879833459854126 539
1728908756303 0.09596581757068634 540
1728908760716 0.11237983405590057 541
1728908765148 0.17312470078468323 542
1728908769578 0.1270585060119629 543
1728908773993 0.035907335579395294 544
1728908778395 0.10266177356243134 545
1728908782807 0.2237936556339264 546
1728908787211 0.11327680200338364 547
1728908791628 0.13605400919914246 548
1728908796039 0.11380136758089066 549
1728908800445 0.10738775134086609 550
1728908804844 0.22511935234069824 551
1728908809262 0.12378668040037155 552
1728908813664 0.12444394826889038 553
1728908818067 0.14835745096206665 554
1728908822480 0.14637237787246704 555
1728908826895 0.07317636907100677 556
1728908831303 0.10163192451000214 557
1728908835701 0.06937964260578156 558
1728908840096 0.13843399286270142 559
1728908844509 0.10526207834482193 560
1728908848913 0.09488492459058762 561
1728908853314 0.03599781543016434 562
1728908857727 0.08866463601589203 563
1728908862143 0.07308964431285858 564
1728908866560 0.08544180542230606 565
1728908870965 0.14405128359794617 566
1728908875381 0.071605384349823 567
1728908879788 0.1659737229347229 568
1728908884201 0.08920413255691528 569
1728908888645 0.18036291003227234 570
1728908893050 0.06018820405006409 571
1728908897463 0.10852411389350891 572
1728908901870 0.08392234146595001 573
1728908906283 0.06247640773653984 574
1728908910724 0.24649852514266968 575
1728908915144 0.12664492428302765 576
1728908919563 0.20508944988250732 577
1728908923970 0.13078176975250244 578
1728908928380 0.11449261009693146 579
1728908932788 0.09201715141534805 580
1728908937191 0.10093441605567932 581
1728908941582 0.06325556337833405 582
1728908945985 0.0788232833147049 583
1728908950402 0.10696735978126526 584
1728908954807 0.08037065714597702 585
1728908959237 0.10036230087280273 586
1728908963629 0.07810195535421371 587
1728908968038 0.10988754034042358 588
1728908972448 0.06448301672935486 589
1728908976878 0.12923027575016022 590
1728908981288 0.07544797658920288 591
1728908985690 0.14930930733680725 592
1728908990087 0.03673336282372475 593
1728908994510 0.09336435049772263 594
1728908998946 0.10954733192920685 595
1728909003357 0.10705369710922241 596
1728909007765 0.1623001992702484 597
1728909012167 0.07980053126811981 598
1728909016579 0.09627402573823929 599
1728909020988 0.11053469032049179 600
1728909025402 0.06973779946565628 601
1728909029822 0.10191526263952255 602
1728909034235 0.16547749936580658 603
1728909038640 0.11588385701179504 604
1728909043058 0.11678639054298401 605
1728909047449 0.0893731638789177 606
1728909051857 0.09528537094593048 607
1728909056266 0.10824818909168243 608
1728909060676 0.08560934662818909 609
1728909065078 0.08050369471311569 610
1728909069482 0.08292242139577866 611
1728909073879 0.0863032341003418 612
1728909078272 0.06270954012870789 613
1728909082688 0.08670316636562347 614
1728909087108 0.09292257577180862 615
1728909091528 0.0971168652176857 616
1728909095921 0.06749223172664642 617
1728909100328 0.12561757862567902 618
1728909104727 0.08919308334589005 619
1728909109139 0.14324301481246948 620
1728909113546 0.1441318690776825 621
1728909117958 0.09898553788661957 622
1728909122382 0.16472585499286652 623
1728909126778 0.15246130526065826 624
1728909131179 0.05904780700802803 625
1728909135575 0.09615067392587662 626
1728909139980 0.2475038468837738 627
1728909144394 0.08140218257904053 628
1728909148807 0.18239355087280273 629
1728909153208 0.13169066607952118 630
1728909157607 0.3098124861717224 631
1728909162020 0.12705335021018982 632
1728909166428 0.08995820581912994 633
1728909170843 0.10294917225837708 634
1728909175262 0.1053074523806572 635
1728909179691 0.15013056993484497 636
1728909184097 0.055993255227804184 637
1728909188503 0.291406512260437 638
1728909192921 0.10630664229393005 639
1728909197320 0.06729933619499207 640
1728909201721 0.10669021308422089 641
1728909206142 0.10933640599250793 642
1728909210550 0.11688029021024704 643
1728909214945 0.10992129892110825 644
1728909219346 0.06858700513839722 645
1728909223745 0.09903134405612946 646
1728909228151 0.09758751094341278 647
1728909232561 0.09521470963954926 648
1728909236968 0.17436164617538452 649
1728909241359 0.07788830995559692 650
1728909245765 0.09818653762340546 651
1728909250183 0.24526095390319824 652
1728909254588 0.064919114112854 653
1728909259013 0.10784577578306198 654
1728909263407 0.07291017472743988 655
1728909267807 0.16612747311592102 656
1728909272210 0.14175832271575928 657
1728909276614 0.09652482718229294 658
1728909281014 0.13315224647521973 659
1728909285452 0.1582382619380951 660
1728909289854 0.14022965729236603 661
1728909294273 0.16626352071762085 662
1728909298690 0.10810106247663498 663
1728909303104 0.07390864193439484 664
1728909307507 0.07653248310089111 665
1728909311916 0.22578640282154083 666
1728909316336 0.11176407337188721 667
1728909320735 0.12431956827640533 668
1728909325154 0.15034523606300354 669
1728909329562 0.0764949843287468 670
1728909333973 0.11596020311117172 671
1728909338391 0.09892681241035461 672
1728909342792 0.2237793207168579 673
1728909347216 0.1370709091424942 674
1728909351628 0.11453017592430115 675
1728909356039 0.09919770061969757 676
1728909360446 0.09886042773723602 677
1728909364851 0.12189515680074692 678
1728909369257 0.2918943166732788 679
1728909373643 0.08575072884559631 680
1728909378063 0.15452128648757935 681
1728909382469 0.11539985239505768 682
1728909386883 0.09543244540691376 683
1728909391303 0.10792461782693863 684
1728909395711 0.10391421616077423 685
1728909400136 0.11566320061683655 686
1728909404568 0.17047065496444702 687
1728909408974 0.09817793220281601 688
1728909413403 0.1082490086555481 689
1728909417812 0.13512811064720154 690
1728909422235 0.07476960122585297 691
1728909426647 0.23787987232208252 692
1728909431053 0.08047875016927719 693
1728909435490 0.131536066532135 694
1728909439910 0.09078061580657959 695
1728909444314 0.10958851873874664 696
1728909448724 0.09653408825397491 697
1728909453134 0.1043730229139328 698
1728909457544 0.09937300533056259 699
1728909461952 0.2310759425163269 700
1728909466451 0.09632542729377747 701
1728909470857 0.18944010138511658 702
1728909475262 0.10313047468662262 703
1728909479665 0.09464573860168457 704
1728909484076 0.1060732901096344 705
1728909488472 0.07473388314247131 706
1728909492892 0.16151002049446106 707
1728909497299 0.05963963642716408 708
1728909501704 0.06351874768733978 709
1728909506109 0.09003013372421265 710
1728909510525 0.10959280282258987 711
1728909514951 0.11244362592697144 712
1728909519351 0.1089705228805542 713
1728909523757 0.32027488946914673 714
1728909528165 0.06759969890117645 715
1728909532564 0.06771311163902283 716
1728909536965 0.06799843162298203 717
1728909541372 0.1738235354423523 718
1728909545787 0.09872255474328995 719
1728909550186 0.12577834725379944 720
1728909554594 0.07225087285041809 721
1728909559002 0.23786111176013947 722
1728909563412 0.0969962552189827 723
1728909567828 0.1021311804652214 724
1728909572249 0.16241180896759033 725
1728909576665 0.09515495598316193 726
1728909581066 0.1195630133152008 727
1728909585485 0.08460336178541183 728
1728909589896 0.10846784710884094 729
1728909594300 0.12233634293079376 730
1728909598712 0.22048096358776093 731
1728909603114 0.1257922351360321 732
1728909607540 0.0970757007598877 733
1728909611961 0.09964517503976822 734
1728909616381 0.1431512087583542 735
1728909620791 0.13100379705429077 736
1728909625184 0.10543535649776459 737
1728909629583 0.08595794439315796 738
1728909634006 0.06131459027528763 739
1728909638413 0.15533573925495148 740
1728909642829 0.12590894103050232 741
1728909647238 0.09859172254800797 742
1728909651656 0.08223894983530045 743
1728909656071 0.13986371457576752 744
1728909660489 0.1468425691127777 745
1728909664909 0.12641236186027527 746
1728909669313 0.11350668966770172 747
1728909673719 0.08127256482839584 748
1728909678125 0.11775079369544983 749
1728909682533 0.05213545262813568 750
1728909686948 0.07361885160207748 751
1728909691359 0.19730523228645325 752
1728909695769 0.0856456458568573 753
1728909700178 0.16812419891357422 754
1728909704592 0.14971932768821716 755
1728909709009 0.12722113728523254 756
1728909713417 0.10012184828519821 757
1728909717822 0.13206052780151367 758
1728909722234 0.10918218642473221 759
1728909726631 0.10205661505460739 760
1728909731039 0.11125115305185318 761
1728909735447 0.12105399370193481 762
1728909739848 0.09488613903522491 763
1728909744246 0.07499158382415771 764
1728909748654 0.13082487881183624 765
1728909753066 0.09188453108072281 766
1728909757468 0.09940459579229355 767
1728909761871 0.12130659073591232 768
1728909766277 0.1008208692073822 769
1728909770679 0.13333582878112793 770
1728909775097 0.0626123920083046 771
1728909779507 0.08042211830615997 772
1728909783924 0.16313421726226807 773
1728909788350 0.09141065925359726 774
1728909792760 0.13345867395401 775
1728909797167 0.144661545753479 776
1728909801575 0.12330308556556702 777
1728909805975 0.09801429510116577 778
1728909810392 0.13461394608020782 779
1728909814808 0.09288394451141357 780
1728909819239 0.10262347757816315 781
1728909823647 0.11164651811122894 782
1728909828038 0.09186451137065887 783
1728909832449 0.07556423544883728 784
1728909836859 0.1396695375442505 785
1728909841275 0.19194379448890686 786
1728909845698 0.09799790382385254 787
1728909850109 0.11580049991607666 788
1728909854522 0.2858359217643738 789
1728909858946 0.14715765416622162 790
1728909863355 0.08755496889352798 791
1728909867776 0.09859152883291245 792
1728909872175 0.07625933736562729 793
1728909876581 0.10122399777173996 794
1728909880992 0.1006910651922226 795
1728909885385 0.08119767904281616 796
1728909889797 0.18059036135673523 797
1728909894211 0.3312535285949707 798
1728909898626 0.24103470146656036 799
1728909903040 0.06585486233234406 800
1728909907453 0.07902570068836212 801
1728909911857 0.0639861524105072 802
1728909916269 0.10946948826313019 803
1728909920674 0.048069026321172714 804
1728909925074 0.06114501506090164 805
1728909929490 0.10503925383090973 806
1728909933896 0.07004892081022263 807
1728909938296 0.06893239915370941 808
1728909942702 0.11995462328195572 809
1728909947124 0.17779266834259033 810
1728909951528 0.07896029204130173 811
1728909955943 0.11904066056013107 812
1728909960349 0.1239624172449112 813
1728909964761 0.12495025992393494 814
1728909969170 0.125838965177536 815
1728909973577 0.09617860615253448 816
1728909977962 0.16197660565376282 817
1728909982358 0.09151293337345123 818
1728909986752 0.08675330877304077 819
1728909991155 0.09197396039962769 820
1728909995544 0.06306351721286774 821
1728909999945 0.19064569473266602 822
1728910004362 0.08895358443260193 823
1728910008776 0.09370120614767075 824
1728910013179 0.10900010913610458 825
1728910017579 0.1921493113040924 826
1728910021992 0.08699072152376175 827
1728910026407 0.12209680676460266 828
1728910030823 0.13364121317863464 829
1728910035233 0.08280688524246216 830
1728910039638 0.08506297320127487 831
1728910044057 0.09897206723690033 832
1728910048467 0.0981634110212326 833
1728910052893 0.12571585178375244 834
1728910057317 0.1308605968952179 835
1728910061733 0.09327047318220139 836
1728910066152 0.06143343821167946 837
1728910070577 0.16632229089736938 838
1728910074988 0.12390898168087006 839
1728910079417 0.144070103764534 840
1728910083824 0.10364725440740585 841
1728910088251 0.17548644542694092 842
1728910092652 0.062627412378788 843
1728910097064 0.1778726875782013 844
1728910101464 0.08705444633960724 845
1728910105869 0.0901477187871933 846
1728910110281 0.12564480304718018 847
1728910114691 0.10940530896186829 848
1728910119089 0.07860137522220612 849
1728910123491 0.06451935321092606 850
1728910127903 0.0938485711812973 851
1728910132313 0.09149041026830673 852
1728910136730 0.10052032023668289 853
1728910141123 0.06436517834663391 854
1728910145540 0.0786270946264267 855
1728910149944 0.06701170653104782 856
1728910154356 0.10723407566547394 857
1728910158759 0.09948240220546722 858
1728910163152 0.04314946383237839 859
1728910167564 0.11992249637842178 860
1728910171961 0.10792742669582367 861
1728910176365 0.11627250164747238 862
1728910180761 0.054901763796806335 863
1728910185156 0.056455619633197784 864
1728910189554 0.07144105434417725 865
1728910193966 0.1419002115726471 866
1728910198380 0.10287198424339294 867
1728910202791 0.10666902363300323 868
1728910207205 0.09695206582546234 869
1728910211638 0.20310723781585693 870
1728910216062 0.09285618364810944 871
1728910220487 0.15025700628757477 872
1728910224905 0.15617889165878296 873
1728910229314 0.09357475489377975 874
1728910233728 0.0755787044763565 875
1728910238118 0.03030829131603241 876
1728910242527 0.09120537340641022 877
1728910246930 0.11606891453266144 878
1728910251347 0.19966405630111694 879
1728910255774 0.10617043077945709 880
1728910260186 0.08668769896030426 881
1728910264597 0.1501997709274292 882
1728910269004 0.1305750459432602 883
1728910273421 0.08275870233774185 884
1728910277837 0.08271051198244095 885
1728910282241 0.07872074097394943 886
1728910286646 0.06805500388145447 887
1728910291054 0.09125175327062607 888
1728910295462 0.09866367280483246 889
1728910299876 0.06172133609652519 890
1728910304286 0.16738368570804596 891
1728910308684 0.1403539776802063 892
1728910313100 0.1086527556180954 893
1728910317511 0.04800301790237427 894
1728910321947 0.07899569720029831 895
1728910326362 0.11607824265956879 896
1728910330778 0.09076771140098572 897
1728910335174 0.11018653959035873 898
1728910339575 0.14021259546279907 899
1728910344009 0.1522851288318634 900
1728910348404 0.10263322293758392 901
1728910352831 0.10919570177793503 902
1728910357237 0.0716540664434433 903
1728910361636 0.09560035169124603 904
1728910366045 0.08335629105567932 905
1728910370444 0.07906962931156158 906
1728910374854 0.0994483008980751 907
1728910379267 0.12488438189029694 908
1728910383674 0.14726439118385315 909
1728910388097 0.10814037919044495 910
1728910392520 0.15605095028877258 911
1728910396942 0.12733608484268188 912
1728910401348 0.10185648500919342 913
1728910405770 0.12793634831905365 914
1728910410185 0.18695801496505737 915
1728910414595 0.08255454897880554 916
1728910418993 0.07221736758947372 917
1728910423403 0.17491142451763153 918
1728910427817 0.08006950467824936 919
1728910432230 0.2840440571308136 920
1728910436624 0.1211279034614563 921
1728910441028 0.07545387744903564 922
1728910445434 0.0796547383069992 923
1728910449846 0.0846342071890831 924
1728910454271 0.2817072868347168 925
1728910458679 0.10301187634468079 926
1728910463080 0.10998229682445526 927
1728910467481 0.1877482533454895 928
1728910471900 0.11614809185266495 929
1728910476326 0.052990835160017014 930
1728910480726 0.12846383452415466 931
1728910485137 0.09423215687274933 932
1728910489544 0.14083391427993774 933
1728910493955 0.05878429114818573 934
1728910498379 0.08679467439651489 935
1728910502779 0.11642403900623322 936
1728910507184 0.15102005004882812 937
1728910511603 0.1713467240333557 938
1728910516029 0.5108891129493713 939
1728910520429 0.12973639369010925 940
1728910524844 0.11757811158895493 941
1728910529248 0.07923320680856705 942
1728910533665 0.2202228605747223 943
1728910538084 0.10227271914482117 944
1728910542508 0.12254694849252701 945
1728910546908 0.08230045437812805 946
1728910551333 0.10899382829666138 947
1728910555734 0.08907531201839447 948
1728910560146 0.06980104744434357 949
1728910564569 0.09999434649944305 950
1728910568978 0.12528309226036072 951
1728910573385 0.08358369767665863 952
1728910577781 0.06938928365707397 953
1728910582206 0.10585308074951172 954
1728910586621 0.07843003422021866 955
1728910591031 0.234633669257164 956
1728910595430 0.06113314628601074 957
1728910599844 0.3248632550239563 958
1728910604251 0.133685901761055 959
1728910608667 0.10543448477983475 960
1728910613065 0.052104830741882324 961
1728910617461 0.10755614936351776 962
1728910621862 0.13345642387866974 963
1728910626270 0.09324933588504791 964
1728910630699 0.08396394550800323 965
1728910635098 0.11883837729692459 966
1728910639510 0.15940149128437042 967
1728910643911 0.062032174319028854 968
1728910648334 0.14787718653678894 969
1728910652741 0.09444662928581238 970
1728910657152 0.07577413320541382 971
1728910661565 0.15832267701625824 972
1728910665970 0.1564958095550537 973
1728910670367 0.07747829705476761 974
1728910674778 0.06755085289478302 975
1728910679179 0.06601941585540771 976
1728910683572 0.05952025577425957 977
1728910687979 0.10402281582355499 978
1728910692385 0.10837192833423615 979
1728910696792 0.07204833626747131 980
1728910701211 0.10742825269699097 981
1728910705621 0.2029516100883484 982
1728910710024 0.07840026915073395 983
1728910714442 0.14335322380065918 984
1728910718866 0.0877520814538002 985
1728910723290 0.11463132500648499 986
1728910727703 0.06923990696668625 987
1728910732087 0.06519952416419983 988
1728910736491 0.13027016818523407 989
1728910740907 0.11144023388624191 990
1728910745322 0.1709369570016861 991
1728910749705 0.05119193345308304 992
1728910754099 0.08609384298324585 993
1728910758516 0.0911274328827858 994
1728910762921 0.07281091064214706 995
1728910767331 0.07704169303178787 996
1728910771741 0.06840315461158752 997
1728910776150 0.6014291644096375 998
1728910780552 0.09787841886281967 999
1728910784949 0.051495928317308426 1000
1728910978386 0.10850748419761658 1001
1728910982764 0.07190008461475372 1002
1728910987147 0.13059648871421814 1003
1728910991538 0.3848801851272583 1004
1728910995927 0.10072679817676544 1005
1728911000650 0.13093042373657227 1006
1728911005037 0.09886299818754196 1007
1728911009448 0.667434573173523 1008
1728911013826 0.14660567045211792 1009
1728911018219 0.15801319479942322 1010
1728911022617 0.11003786325454712 1011
1728911027019 0.11516467481851578 1012
1728911031406 0.42933136224746704 1013
1728911035785 0.10116958618164062 1014
1728911040187 0.09363940358161926 1015
1728911044586 0.08609183877706528 1016
1728911048975 0.08273068070411682 1017
1728911053368 0.26460596919059753 1018
1728911057758 0.0935877338051796 1019
1728911062157 0.04804157465696335 1020
1728911066550 0.06920705735683441 1021
