1727438862647 0.2824420630931854 1
1727438863258 0.30234432220458984 2
1727438863878 0.08828434348106384 3
1727438864358 0.1363249272108078 4
1727438864857 0.7717329859733582 5
1727438865446 0.10788317769765854 6
1727438866046 0.12955592572689056 7
1727438866637 0.216623455286026 8
1727438867238 0.29834040999412537 9
1727438867862 0.22560307383537292 10
1727438868308 0.5694372653961182 11
1727438868819 0.14975324273109436 12
1727438869268 0.24227657914161682 13
1727438869799 0.3713112771511078 14
1727438870400 0.17236100137233734 15
1727438870991 0.275947630405426 16
1727438871583 0.2711520195007324 17
1727438872201 0.1906757801771164 18
1727438872798 0.6016978025436401 19
1727438873390 0.2414293885231018 20
1727438874004 0.18177199363708496 21
1727438874615 0.15326903760433197 22
1727438875231 0.10787445306777954 23
1727438875823 0.4844858646392822 24
1727438876440 0.22843609750270844 25
1727438877055 0.1517210304737091 26
1727438877649 0.21895913779735565 27
1727438878267 0.15680241584777832 28
1727438878895 0.3345252275466919 29
1727438879503 0.16847217082977295 30
1727438880107 0.2436838150024414 31
1727438880725 0.14693430066108704 32
1727438881315 0.220054030418396 33
1727438881925 0.3382744789123535 34
1727438882540 0.2682499289512634 35
1727438883129 0.17272093892097473 36
1727438883735 0.1139453575015068 37
1727438884344 0.5825182199478149 38
1727438884953 0.30743974447250366 39
1727438885561 0.06853801012039185 40
1727438886164 0.3547373414039612 41
1727438886783 0.22904489934444427 42
1727438887378 0.23630450665950775 43
1727438887998 0.4149940609931946 44
1727438888629 0.165665864944458 45
1727438889245 0.29133936762809753 46
1727438889858 0.2124265730381012 47
1727438890310 0.25223803520202637 48
1727438890703 0.246191143989563 49
1727438891051 0.8981882929801941 50
1727438891414 0.42498332262039185 51
1727438891899 0.16134022176265717 52
