1728875620369 0.14630451798439026 1
1728875956891 0.0732467919588089 2
1728875961186 0.19408974051475525 3
1728875965489 0.17736560106277466 4
1728875969781 0.11388181149959564 5
1728875974079 0.07515332847833633 6
1728875978385 0.201103076338768 7
1728875982095 0.262584388256073 8
1728875986398 0.05365865305066109 9
1728875990113 0.11447829753160477 10
1728875994414 0.13348117470741272 11
1728875998717 0.1144343763589859 12
1728876002449 0.14744466543197632 13
1728876006739 0.05913100019097328 14
1728876011029 0.10308684408664703 15
1728876015314 0.06432581692934036 16
1728876019620 0.11212186515331268 17
1728876023907 0.110460065305233 18
1728876028185 0.09581214934587479 19
1728876031910 0.13129696249961853 20
1728876036205 0.09785766899585724 21
1728876040495 0.08688663691282272 22
1728876044805 0.15673232078552246 23
1728876049097 0.09774360060691833 24
1728876053404 0.09259478747844696 25
1728876057707 0.12447807192802429 26
1728876061446 0.11425162851810455 27
1728876065154 0.15444564819335938 28
1728876069457 0.09226943552494049 29
1728876073759 0.09808623045682907 30
1728876078063 0.08829934895038605 31
1728876082360 0.07074474543333054 32
1728876086681 0.11173677444458008 33
1728876090985 0.09895213693380356 34
1728876095304 0.08369901776313782 35
1728876099613 0.28045570850372314 36
1728876103930 0.07691758126020432 37
1728876108247 0.14741937816143036 38
1728876112546 0.1142321228981018 39
1728876116844 0.036516983062028885 40
1728876121158 0.1001598909497261 41
1728876124877 0.2195783257484436 42
1728876129178 0.07788830995559692 43
1728876133498 0.1102232038974762 44
1728876137236 0.1668781340122223 45
1728876141550 0.13242249190807343 46
1728876145866 0.0924614816904068 47
1728876150183 0.10741540789604187 48
1728876154497 0.19907575845718384 49
1728876158831 0.10791432857513428 50
1728876163158 0.0845469981431961 51
1728876167485 0.09782761335372925 52
1728876171819 0.1138714998960495 53
1728876176146 0.11186182498931885 54
1728876180452 0.06364421546459198 55
1728876184794 0.10711098462343216 56
1728876189123 0.13070367276668549 57
1728876193444 0.10577458888292313 58
1728876197763 0.07959792017936707 59
1728876202091 0.0692586749792099 60
1728876206411 0.13221390545368195 61
1728876210734 0.19866704940795898 62
1728876215053 0.04814409092068672 63
1728876219379 0.09495367109775543 64
1728876223708 0.088402658700943 65
1728876228023 0.014465590938925743 66
1728876232350 0.08736331760883331 67
1728876236096 0.2032184898853302 68
1728876240421 0.11730772256851196 69
1728876244757 0.11569789797067642 70
1728876249083 0.12117382884025574 71
1728876253414 0.11748030036687851 72
1728876257762 0.23971125483512878 73
1728876262089 0.16336074471473694 74
1728876266423 0.12471331655979156 75
1728876270753 0.06256357580423355 76
1728876275068 0.07605458050966263 77
1728876279384 0.13494975864887238 78
1728876283715 0.07541536539793015 79
1728876288039 0.12610910832881927 80
1728876292371 0.11985534429550171 81
1728876296679 0.016223469749093056 82
1728876300989 0.10155690461397171 83
1728876305335 0.14122407138347626 84
1728876309665 0.05393451079726219 85
1728876314003 0.14974871277809143 86
1728876318334 0.08805157244205475 87
1728876322661 0.1335902214050293 88
1728876326402 0.48503366112709045 89
1728876330143 0.1079811081290245 90
1728876334465 0.08880093693733215 91
1728876338803 0.1978742778301239 92
1728876343132 0.03897462785243988 93
1728876347454 0.08178910613059998 94
1728876351194 0.27628687024116516 95
1728876355536 0.0738392323255539 96
1728876359860 0.1754702478647232 97
1728876364188 0.0995761975646019 98
1728876368525 0.11981205642223358 99
1728876372847 0.0917290672659874 100
1728876376584 0.11303424090147018 101
1728876380902 0.10307837277650833 102
1728876385219 0.1179778128862381 103
1728876389555 0.14161160588264465 104
1728876393886 0.09333205223083496 105
1728876398200 0.07335063815116882 106
1728876402527 0.08354486525058746 107
1728876406853 0.110430508852005 108
1728876411178 0.1381312608718872 109
1728876415488 0.08363891392946243 110
1728876419828 0.17757423222064972 111
1728876424152 0.10079896450042725 112
1728876428474 0.08009342104196548 113
1728876432783 0.012131867930293083 114
1728876437104 0.11796586215496063 115
1728876441427 0.09732377529144287 116
1728876445756 0.09130828827619553 117
1728876450082 0.13621440529823303 118
1728876454406 0.12468263506889343 119
1728876458719 0.05551743879914284 120
1728876463061 0.154809832572937 121
1728876467382 0.15225613117218018 122
1728876471689 0.056581974029541016 123
1728876476018 0.12226259708404541 124
1728876479750 0.2997262477874756 125
1728876484085 0.12983103096485138 126
1728876487805 0.12669435143470764 127
1728876492139 0.1327357441186905 128
1728876496457 0.08442968130111694 129
1728876500770 0.11421024054288864 130
1728876505111 0.10596315562725067 131
1728876508842 0.16108578443527222 132
1728876513164 0.09996682405471802 133
1728876517499 0.17243731021881104 134
1728876521222 0.13485881686210632 135
1728876525551 0.08691447973251343 136
1728876529286 0.11832986772060394 137
1728876533605 0.1139162927865982 138
1728876537924 0.10798379778862 139
1728876542254 0.11015547066926956 140
1728876546589 0.11199642717838287 141
1728876550906 0.1322615146636963 142
1728876555239 0.16090182960033417 143
1728876559557 0.1731792390346527 144
1728876563871 0.09018399566411972 145
1728876568195 0.08723378926515579 146
1728876572518 0.06475380063056946 147
1728876576864 0.101162388920784 148
1728876581189 0.09769953787326813 149
1728876585505 0.1109345555305481 150
1728876589831 0.06746093928813934 151
1728876594167 0.21417507529258728 152
1728876598488 0.11158639192581177 153
1728876602821 0.1893637329339981 154
1728876607149 0.09417220205068588 155
1728876611490 0.3411983251571655 156
1728876615808 0.21077290177345276 157
1728876620151 0.10496965795755386 158
1728876624494 0.2613493800163269 159
1728876628829 0.19720768928527832 160
1728876632575 0.12429942935705185 161
1728876636906 0.08884087204933167 162
1728876641235 0.2463524043560028 163
1728876645567 0.17411552369594574 164
1728876649889 0.09588341414928436 165
1728876653601 0.08041458576917648 166
1728876657933 0.09835582971572876 167
1728876662260 0.28060513734817505 168
1728876666583 0.11403319239616394 169
1728876670886 0.012398907914757729 170
1728876675209 0.1095493733882904 171
1728876679528 0.11628587543964386 172
1728876683858 0.0853700041770935 173
1728876688186 0.15871790051460266 174
1728876692493 0.06404955685138702 175
1728876696810 0.10980053246021271 176
1728876700523 0.0841469094157219 177
1728876704861 0.12495057284832001 178
1728876709189 0.2507673501968384 179
1728876713526 0.051376767456531525 180
1728876717850 0.12306299805641174 181
1728876722169 0.10829294472932816 182
1728876726492 0.16367769241333008 183
1728876730245 0.11589556932449341 184
1728876734576 0.2080279290676117 185
1728876738962 0.0986337959766388 186
1728876743285 0.11966747045516968 187
1728876747612 0.10208664834499359 188
1728876751939 0.10759040713310242 189
1728876756266 0.08910603821277618 190
1728876760592 0.104270339012146 191
1728876764909 0.06640632450580597 192
1728876769249 0.11851425468921661 193
1728876773572 0.11873863637447357 194
1728876777896 0.1374567598104477 195
1728876782217 0.05912037193775177 196
1728876786522 0.021779131144285202 197
1728876790272 0.20631113648414612 198
1728876794596 0.09255024045705795 199
1728876798892 0.021957192569971085 200
1728876803208 0.07264962047338486 201
1728876807516 0.17127341032028198 202
1728876811843 0.09899240732192993 203
1728876816171 0.08434505760669708 204
1728876820487 0.21609050035476685 205
1728876824807 0.06798113882541656 206
1728876829118 0.1727096289396286 207
1728876832847 0.12589643895626068 208
1728876837171 0.10306110978126526 209
1728876841489 0.046923015266656876 210
1728876845813 0.07768678665161133 211
1728876850157 0.25659435987472534 212
1728876854466 0.08058099448680878 213
1728876858788 0.09726840257644653 214
1728876863118 0.1139327883720398 215
1728876867440 0.12556131184101105 216
1728876871769 0.11017293483018875 217
1728876876101 0.08515916764736176 218
1728876880394 0.05961763858795166 219
1728876884710 0.09917464852333069 220
1728876889039 0.10856585204601288 221
1728876893360 0.09230446815490723 222
1728876897672 0.13960397243499756 223
1728876902011 0.17490622401237488 224
1728876905736 0.0986025482416153 225
1728876910044 0.10012443363666534 226
1728876914376 0.09427978843450546 227
1728876918695 0.11078749597072601 228
1728876923031 0.1005009338259697 229
1728876927356 0.0916338711977005 230
1728876931086 0.0965147465467453 231
1728876935401 0.08084701746702194 232
1728876939733 0.1625954955816269 233
1728876944052 0.04936031997203827 234
1728876948356 0.07425283640623093 235
1728876952676 0.08724996447563171 236
1728876957007 0.08844166994094849 237
1728876961313 0.04963592439889908 238
1728876965643 0.17363400757312775 239
1728876969971 0.05496485158801079 240
1728876974285 0.13619843125343323 241
1728876978613 0.22365301847457886 242
1728876982932 0.1288972944021225 243
1728876987233 0.08952061831951141 244
1728876991539 0.07575630396604538 245
1728876995886 0.10540026426315308 246
1728877000197 0.0815153643488884 247
1728877004521 0.16134405136108398 248
1728877008860 0.18465036153793335 249
1728877013173 0.11953659355640411 250
1728877017499 0.1083424836397171 251
1728877021823 0.11460506916046143 252
1728877025566 0.5596109628677368 253
1728877029900 0.22773392498493195 254
1728877034214 0.10627198219299316 255
1728877038554 0.10625855624675751 256
1728877042274 0.1184520274400711 257
1728877046591 0.13308115303516388 258
1728877050918 0.23398344218730927 259
1728877055237 0.1710234135389328 260
1728877059554 0.05532892420887947 261
1728877063871 0.07842963933944702 262
1728877068197 0.14670097827911377 263
1728877072505 0.07675705850124359 264
1728877076844 0.18744704127311707 265
1728877081168 0.09635131061077118 266
1728877085478 0.1377803385257721 267
1728877089789 0.07598283141851425 268
1728877094115 0.0683269202709198 269
1728877097831 0.11025042831897736 270
1728877102167 0.08941610902547836 271
1728877106496 0.08647266030311584 272
1728877110819 0.12602195143699646 273
1728877115148 0.10759305208921432 274
1728877119466 0.09476852416992188 275
1728877123773 0.08262203633785248 276
1728877128103 0.07263511419296265 277
1728877132430 0.12361132353544235 278
1728877136746 0.12728460133075714 279
1728877141084 0.145147442817688 280
1728877145412 0.15984608232975006 281
1728877149713 0.09756109118461609 282
1728877154051 0.15939874947071075 283
1728877158367 0.049043528735637665 284
1728877162696 0.2806222140789032 285
1728877167020 0.12972189486026764 286
1728877171326 0.0632903128862381 287
1728877175040 0.08359824120998383 288
1728877179368 0.07003960758447647 289
1728877183684 0.14928598701953888 290
1728877187395 0.1505880355834961 291
1728877191725 0.12655861675739288 292
1728877196045 0.24081137776374817 293
1728877200363 0.09816431999206543 294
1728877204718 0.18695682287216187 295
1728877209041 0.18844115734100342 296
1728877213373 0.13899362087249756 297
1728877217114 0.13804562389850616 298
1728877220852 0.2054711878299713 299
1728877225176 0.16105037927627563 300
1728877229527 0.06305352598428726 301
1728877233856 0.1103338897228241 302
1728877238177 0.16025544703006744 303
1728877242497 0.05770009011030197 304
1728877246813 0.09415777027606964 305
1728877251128 0.16649296879768372 306
1728877255460 0.03332245349884033 307
1728877259777 0.21554648876190186 308
1728877264115 0.1101800948381424 309
1728877268438 0.16100318729877472 310
1728877272769 0.11206674575805664 311
1728877277091 0.1254214495420456 312
1728877281418 0.07111538201570511 313
1728877285750 0.10348570346832275 314
1728877290072 0.12320789694786072 315
1728877294396 0.16856001317501068 316
1728877298720 0.08601438999176025 317
1728877303069 0.10226034373044968 318
1728877307394 0.1026683896780014 319
1728877311707 0.14118075370788574 320
1728877316047 0.2355257272720337 321
1728877320367 0.12143664062023163 322
1728877324691 0.12062211334705353 323
1728877329036 0.2043820023536682 324
1728877332759 0.04721653461456299 325
1728877337077 0.10293765366077423 326
1728877341400 0.08916611969470978 327
1728877345705 0.062018632888793945 328
1728877350022 0.07044367492198944 329
1728877354358 0.08524683117866516 330
1728877358670 0.13533300161361694 331
1728877363037 0.09333740174770355 332
1728877367366 0.08364471793174744 333
1728877371678 0.09471123665571213 334
1728877376003 0.07595458626747131 335
1728877380335 0.10337021201848984 336
1728877384645 0.07809128612279892 337
1728877388974 0.0873444676399231 338
1728877393307 0.09538572281599045 339
1728877397623 0.15526333451271057 340
1728877401958 0.13639409840106964 341
1728877406298 0.1185646504163742 342
1728877410015 0.01712769642472267 343
1728877414346 0.2013244926929474 344
1728877418671 0.03415832668542862 345
1728877422995 0.1346197873353958 346
1728877427316 0.10024584829807281 347
1728877431640 0.014146867208182812 348
1728877435960 0.09188415855169296 349
1728877440280 0.09774838387966156 350
1728877444609 0.04988514631986618 351
1728877448927 0.08551064133644104 352
1728877453270 0.13369180262088776 353
1728877457595 0.09457363933324814 354
1728877461905 0.0619756281375885 355
1728877466235 0.3945739269256592 356
1728877470560 0.07298631221055984 357
1728877474883 0.15435336530208588 358
1728877479204 0.13779626786708832 359
1728877483532 0.16630779206752777 360
1728877487851 0.108893021941185 361
1728877492181 0.09546349197626114 362
1728877496514 0.12355782091617584 363
1728877500840 0.1317223608493805 364
1728877505165 0.08710410445928574 365
1728877509492 0.16143867373466492 366
1728877513813 0.08743877708911896 367
1728877518147 0.12316033989191055 368
1728877521912 0.9107493162155151 369
1728877526221 0.10591967403888702 370
1728877530548 0.13196943700313568 371
1728877534879 0.03884003311395645 372
1728877539198 0.11258034408092499 373
1728877543507 0.12462957203388214 374
1728877547839 0.05709753930568695 375
1728877551563 0.13629643619060516 376
1728877555885 0.10342592746019363 377
1728877560204 0.1061219871044159 378
1728877564537 0.1485597789287567 379
1728877568841 0.03373260423541069 380
1728877573173 0.03662737458944321 381
1728877577501 0.07114438712596893 382
1728877581807 0.16119636595249176 383
1728877586116 0.0916067361831665 384
1728877590447 0.08469078689813614 385
1728877594757 0.07986841350793839 386
1728877599078 0.022427599877119064 387
1728877603401 0.09403234720230103 388
1728877607722 0.2051205039024353 389
1728877612046 0.12110022455453873 390
1728877616383 0.11852505803108215 391
1728877620707 0.12778058648109436 392
1728877625016 0.08197015523910522 393
1728877629341 0.021314462646842003 394
1728877633077 0.09638181328773499 395
1728877637391 0.1320885717868805 396
1728877641731 0.23807929456233978 397
1728877646061 0.07336050271987915 398
1728877650382 0.14828819036483765 399
1728877654725 0.11051684617996216 400
1728877659047 0.051636502146720886 401
1728877663364 0.13393495976924896 402
1728877667686 0.0846637487411499 403
1728877672016 0.08359842002391815 404
1728877676344 0.08253665268421173 405
1728877680676 0.0951671302318573 406
1728877684414 0.0725649818778038 407
1728877688721 0.05667772516608238 408
1728877693053 0.11232077330350876 409
1728877697382 0.0730237364768982 410
1728877701717 0.11810463666915894 411
1728877706054 0.12504233419895172 412
1728877710397 0.19718307256698608 413
1728877714702 0.07481814920902252 414
1728877719033 0.0944710224866867 415
1728877722778 0.247807115316391 416
1728877727088 0.1370847523212433 417
1728877731402 0.08763551712036133 418
1728877735743 0.07323217391967773 419
1728877739470 0.09372098743915558 420
1728877743794 0.061052195727825165 421
1728877748120 0.07827138900756836 422
1728877752435 0.08822876214981079 423
1728877756751 0.0869317501783371 424
1728877761088 0.149892657995224 425
1728877765418 0.17041808366775513 426
1728877769734 0.09688219428062439 427
1728877773482 0.19408278167247772 428
1728877777808 0.15070824325084686 429
1728877782082 0.0018526900094002485 430
1728877786410 0.1374250054359436 431
1728877790753 0.14489954710006714 432
1728877795080 0.12338493019342422 433
1728877799411 0.12147675454616547 434
1728877803706 0.05640218034386635 435
1728877807442 0.583174467086792 436
1728877811771 0.11091851443052292 437
1728877816089 0.10899880528450012 438
1728877820399 0.06951497495174408 439
1728877824726 0.08701843023300171 440
1728877829051 0.12332978844642639 441
1728877833344 0.0815889909863472 442
1728877837682 0.1565614938735962 443
1728877842015 0.14475689828395844 444
1728877846322 0.0921218991279602 445
1728877850655 0.11548398435115814 446
1728877854982 0.12416966259479523 447
1728877859291 0.17957544326782227 448
1728877863607 0.09450332820415497 449
1728877867926 0.10640078783035278 450
1728877872244 0.1261417716741562 451
1728877876582 0.13107140362262726 452
1728877880903 0.08040790259838104 453
1728877885223 0.07151393592357635 454
1728877889535 0.04496372863650322 455
1728877893866 0.13185647130012512 456
1728877898203 0.10501004755496979 457
1728877902529 0.09277067333459854 458
1728877906863 0.14140012860298157 459
1728877911198 0.21209503710269928 460
1728877914922 0.14798666536808014 461
1728877919247 0.12988267838954926 462
1728877923568 0.09789980947971344 463
1728877927892 0.21278116106987 464
1728877932234 0.2702785134315491 465
1728877936559 0.16753599047660828 466
1728877940879 0.10202426463365555 467
1728877945204 0.06546385586261749 468
1728877949536 0.12084662914276123 469
1728877953280 0.18633753061294556 470
1728877957610 0.13154926896095276 471
1728877961929 0.09755992889404297 472
1728877966248 0.10516369342803955 473
1728877970587 0.10877461731433868 474
1728877974924 0.09183940291404724 475
1728877979241 0.08205176144838333 476
1728877983566 0.07590685039758682 477
1728877987883 0.05748148635029793 478
1728877992219 0.18836446106433868 479
1728877996558 0.13098053634166718 480
1728878000887 0.13635008037090302 481
1728878004604 0.11625058948993683 482
1728878008928 0.13320118188858032 483
1728878013257 0.11472588032484055 484
1728878017565 0.01864197477698326 485
1728878021895 0.08958855271339417 486
1728878026243 0.166745126247406 487
1728878030553 0.05482475087046623 488
1728878034878 0.11069844663143158 489
1728878039205 0.10275806486606598 490
1728878043531 0.1099419891834259 491
1728878047855 0.06386936455965042 492
1728878052175 0.015543128363788128 493
1728878055905 0.13788127899169922 494
1728878060221 0.12695267796516418 495
1728878064547 0.10244211554527283 496
1728878068869 0.08491784334182739 497
1728878073194 0.07731963694095612 498
1728878077514 0.12041515856981277 499
1728878081832 0.1296345293521881 500
1728878086159 0.17086642980575562 501
1728878089892 0.08118472993373871 502
1728878094216 0.23220428824424744 503
1728878098549 0.12173333764076233 504
1728878102284 0.09902933239936829 505
1728878106608 0.1409197300672531 506
1728878110940 0.06971857696771622 507
1728878115259 0.1069037914276123 508
1728878119005 0.07692112028598785 509
1728878123329 0.055334582924842834 510
1728878127652 0.15729103982448578 511
1728878131987 0.1509253978729248 512
1728878136306 0.13059498369693756 513
1728878140598 0.06679308414459229 514
1728878144947 0.11401411890983582 515
1728878149274 0.11689957976341248 516
1728878153590 0.18466772139072418 517
1728878157344 0.17150399088859558 518
1728878161077 0.14963676035404205 519
1728878165386 0.03497225046157837 520
1728878169710 0.09046551585197449 521
1728878174030 0.10523340851068497 522
1728878178338 0.09448406100273132 523
1728878182684 0.1942056119441986 524
1728878187030 0.24121621251106262 525
1728878191348 0.10676605999469757 526
1728878195673 0.10954290628433228 527
1728878199995 0.1622619479894638 528
1728878203724 0.09976661205291748 529
1728878208056 0.158819317817688 530
1728878212379 0.05810035020112991 531
1728878216711 0.074069544672966 532
1728878221023 0.10803816467523575 533
1728878225336 0.12387308478355408 534
1728878229666 0.17886655032634735 535
1728878233990 0.19427314400672913 536
1728878238317 0.14093606173992157 537
1728878242647 0.08590387552976608 538
1728878246970 0.11289447546005249 539
1728878251304 0.15539537370204926 540
1728878255621 0.06171519309282303 541
1728878259943 0.11603155732154846 542
1728878264273 0.12964966893196106 543
1728878267997 0.20622774958610535 544
1728878272319 0.12360046058893204 545
1728878276647 0.08251319080591202 546
1728878280977 0.07929808646440506 547
1728878285317 0.14933374524116516 548
1728878289636 0.10124307870864868 549
1728878293364 0.1457650363445282 550
1728878297688 0.1086670532822609 551
1728878302030 0.20569434762001038 552
1728878306360 0.0784900039434433 553
1728878310659 0.02912086993455887 554
1728878314980 0.0784275084733963 555
1728878319307 0.07285958528518677 556
1728878323611 0.07658025622367859 557
1728878327946 0.06900681555271149 558
1728878332269 0.08951408416032791 559
1728878336588 0.12452788650989532 560
1728878340910 0.11767484992742538 561
1728878345241 0.11767898499965668 562
1728878349560 0.05324213579297066 563
1728878353882 0.07212761044502258 564
1728878358218 0.03360259532928467 565
1728878362552 0.07343102991580963 566
1728878366871 0.10720793902873993 567
1728878371172 0.10201240330934525 568
1728878375519 0.1309899091720581 569
1728878379836 0.013559868559241295 570
1728878384138 0.09990620613098145 571
1728878388479 0.06292317807674408 572
1728878392784 0.039842281490564346 573
1728878397092 0.10389858484268188 574
1728878401420 0.09202028810977936 575
1728878405762 0.09535566717386246 576
1728878410078 0.07826395332813263 577
1728878414415 0.17984548211097717 578
1728878418756 0.15991686284542084 579
1728878423063 0.16367028653621674 580
1728878427405 0.061328500509262085 581
1728878431761 0.19397231936454773 582
1728878436090 0.11088297516107559 583
1728878439821 0.03445424139499664 584
1728878444158 0.090653195977211 585
1728878448475 0.0690280869603157 586
1728878452799 0.07229701429605484 587
1728878457126 0.1019739881157875 588
1728878461457 0.10364314168691635 589
1728878465191 0.10267461836338043 590
1728878469526 0.08309546113014221 591
1728878473830 0.07116566598415375 592
1728878478167 0.11210097372531891 593
1728878482496 0.06546594202518463 594
1728878486817 0.10014312714338303 595
1728878491164 0.08848516643047333 596
1728878495505 0.1414453387260437 597
1728878499821 0.08429275453090668 598
1728878503549 0.14117634296417236 599
1728878507869 0.0649142861366272 600
1728878511610 0.1704617589712143 601
1728878515932 0.17650482058525085 602
1728878520269 0.1184270828962326 603
1728878524595 0.08326029777526855 604
1728878528923 0.11008504033088684 605
1728878533254 0.06929583847522736 606
1728878537585 0.12303385138511658 607
1728878541917 0.18255336582660675 608
1728878545650 0.16018353402614594 609
1728878549971 0.17655307054519653 610
1728878554298 0.10893434286117554 611
1728878558610 0.09101566672325134 612
1728878562944 0.2999539375305176 613
1728878567281 0.11627118289470673 614
1728878571613 0.19534236192703247 615
1728878575923 0.13049714267253876 616
1728878580265 0.10787570476531982 617
1728878584590 0.10287346690893173 618
1728878588915 0.1417689472436905 619
1728878593241 0.10272978246212006 620
1728878597582 0.1524697095155716 621
1728878601893 0.1567983478307724 622
1728878606217 0.10025697946548462 623
1728878610526 0.13018451631069183 624
1728878614854 0.21697545051574707 625
1728878619185 0.04855186864733696 626
1728878623510 0.1618814319372177 627
1728878627835 0.1945159137248993 628
1728878632154 0.15845425426959991 629
1728878636462 0.10446968674659729 630
1728878640782 0.04020731523633003 631
1728878645110 0.06575831770896912 632
1728878649426 0.07357297837734222 633
1728878653743 0.17936429381370544 634
1728878658065 0.02871999330818653 635
1728878662382 0.04371936619281769 636
1728878666694 0.1045636534690857 637
1728878670431 0.22874900698661804 638
1728878674749 0.04042009264230728 639
1728878679074 0.11563289910554886 640
1728878683396 0.1351950466632843 641
1728878687702 0.1368199586868286 642
1728878692014 0.037134889513254166 643
1728878696341 0.09944041073322296 644
1728878700673 0.13825689256191254 645
1728878705017 0.09705144912004471 646
1728878709343 0.15071478486061096 647
1728878713658 0.11854258179664612 648
1728878717988 0.04094092547893524 649
1728878722317 0.14944779872894287 650
1728878726632 0.09361977130174637 651
1728878730369 0.055330656468868256 652
1728878734696 0.13207301497459412 653
1728878739014 0.4024304151535034 654
1728878743360 0.33311375975608826 655
1728878747686 0.11010105907917023 656
1728878751413 0.4863538146018982 657
1728878755743 0.07615852355957031 658
1728878759491 0.12373960763216019 659
1728878763816 0.06760525703430176 660
1728878768137 0.1252974569797516 661
1728878772465 0.2060670256614685 662
1728878776785 0.0928705632686615 663
1728878781113 0.08149468898773193 664
1728878785418 0.12974029779434204 665
1728878789726 0.1107659637928009 666
1728878794034 0.14056363701820374 667
1728878798354 0.10066850483417511 668
1728878802672 0.12648949027061462 669
1728878806992 0.11804008483886719 670
1728878811316 0.24103879928588867 671
1728878815618 0.09574466943740845 672
1728878819932 0.1533973515033722 673
1728878824248 0.17471706867218018 674
1728878828560 0.04414966329932213 675
1728878832869 0.0851062685251236 676
1728878837188 0.12828412652015686 677
1728878841519 0.12182845175266266 678
1728878845819 0.11588862538337708 679
1728878850119 0.019150204956531525 680
1728878854449 0.09496977180242538 681
1728878858774 0.10951733589172363 682
1728878863097 0.10009487718343735 683
1728878866829 0.08034517616033554 684
1728878870633 0.14437660574913025 685
1728878874926 0.05797101557254791 686
1728878879259 0.2456599771976471 687
1728878883573 0.03762113302946091 688
1728878887889 0.08040690422058105 689
1728878892216 0.12097083777189255 690
1728878896532 0.09281966835260391 691
1728878900831 0.0615677572786808 692
1728878905147 0.01999342255294323 693
1728878909476 0.22302426397800446 694
1728878913790 0.07330392301082611 695
1728878918125 0.12290386855602264 696
1728878922441 0.10872548818588257 697
1728878926759 0.10262835025787354 698
1728878931092 0.2599068880081177 699
1728878935418 0.15090546011924744 700
1728878939742 0.068011075258255 701
1728878944070 0.08882898092269897 702
1728878948383 0.021311083808541298 703
1728878952112 0.11972564458847046 704
1728878956440 0.11499395966529846 705
1728878960772 0.08861047029495239 706
1728878965085 0.043495047837495804 707
1728878969409 0.02751522697508335 708
1728878973727 0.1904016137123108 709
1728878978061 0.41308239102363586 710
1728878982394 0.12065066397190094 711
1728878986732 0.05690466985106468 712
1728878991065 0.09213975816965103 713
1728878995391 0.06411749124526978 714
1728878999726 0.24496513605117798 715
1728879003461 0.1576116383075714 716
1728879007200 0.31603553891181946 717
1728879011535 0.13360734283924103 718
1728879015855 0.08543933182954788 719
1728879020199 0.2483428418636322 720
1728879023947 0.5542104244232178 721
1728879028270 0.03400087356567383 722
1728879032608 0.3319442868232727 723
1728879036922 0.07189537584781647 724
1728879041226 0.09291151911020279 725
1728879045574 0.2108330875635147 726
1728879049898 0.06230485439300537 727
1728879054215 0.14954905211925507 728
1728879057974 0.09907199442386627 729
1728879062284 0.08883072435855865 730
1728879066594 0.08596101403236389 731
1728879070926 0.16666771471500397 732
1728879075239 0.07848886400461197 733
1728879079556 0.10469935089349747 734
1728879083875 0.02186296135187149 735
1728879088191 0.10392340272665024 736
1728879092514 0.07344803959131241 737
1728879096254 0.23265253007411957 738
1728879100574 0.1202331930398941 739
1728879104890 0.11986453831195831 740
1728879109214 0.05150001123547554 741
1728879113522 0.06551295518875122 742
1728879117828 0.08817921578884125 743
1728879122157 0.061090633273124695 744
1728879126497 0.19740089774131775 745
1728879130821 0.1725824773311615 746
1728879135150 0.07896078377962112 747
1728879139473 0.040399760007858276 748
1728879143779 0.04992225766181946 749
1728879148115 0.0723332092165947 750
1728879152442 0.07965198159217834 751
1728879156769 0.08444909751415253 752
1728879161096 0.12356321513652802 753
1728879165428 0.19967199862003326 754
1728879169755 0.1887538582086563 755
1728879174086 0.19710737466812134 756
1728879178404 0.13667379319667816 757
1728879182730 0.22881056368350983 758
1728879187063 0.2256382256746292 759
1728879191388 0.07093484699726105 760
1728879195719 0.18108974397182465 761
1728879200042 0.12222001701593399 762
1728879204370 0.07383164763450623 763
1728879208701 0.11233377456665039 764
1728879213025 0.09826380014419556 765
1728879217337 0.1743004024028778 766
1728879221685 0.09964965283870697 767
1728879226014 0.16346991062164307 768
1728879230331 0.2009354531764984 769
1728879234677 0.15286201238632202 770
1728879239000 0.0716790184378624 771
1728879243330 0.145436629652977 772
1728879247671 0.11513052135705948 773
1728879251961 0.08788733929395676 774
1728879256286 0.03214188665151596 775
1728879260021 0.1389654576778412 776
1728879264361 0.10505892336368561 777
1728879268682 0.08239289373159409 778
1728879273002 0.09604398906230927 779
1728879277325 0.08096027374267578 780
1728879281646 0.22572417557239532 781
1728879285978 0.19799566268920898 782
1728879290312 0.16869476437568665 783
1728879294634 0.05601607263088226 784
1728879298952 0.10583555698394775 785
1728879303284 0.08079502731561661 786
1728879307605 0.12260306626558304 787
1728879311909 0.0867762342095375 788
1728879316238 0.14090952277183533 789
1728879320565 0.04108921438455582 790
1728879324862 0.01993020810186863 791
1728879329183 0.12280767410993576 792
1728879333520 0.16939842700958252 793
1728879337832 0.14938905835151672 794
1728879342147 0.12318509817123413 795
1728879346471 0.09313678741455078 796
1728879350803 0.1967196762561798 797
1728879355127 0.12299150973558426 798
1728879359445 0.12085641920566559 799
1728879363793 0.1206069141626358 800
1728879368118 0.12661728262901306 801
1728879372437 0.1580868363380432 802
1728879376770 0.1307653933763504 803
1728879381094 0.07785913348197937 804
1728879385434 0.12633240222930908 805
1728879389777 0.1568630337715149 806
1728879394096 0.147657573223114 807
1728879398417 0.1249086782336235 808
1728879402755 0.09479885548353195 809
1728879407077 0.07420001178979874 810
1728879411391 0.10274876654148102 811
1728879415714 0.03708825260400772 812
1728879420032 0.31184250116348267 813
1728879424353 0.10494057834148407 814
1728879428687 0.08596065640449524 815
1728879433007 0.09604872018098831 816
1728879437323 0.0975363552570343 817
1728879441064 0.3260735869407654 818
1728879445385 0.16084930300712585 819
1728879449675 0.05806926637887955 820
1728879453991 0.07583804428577423 821
1728879458339 0.14135508239269257 822
1728879462664 0.06950494647026062 823
1728879466994 0.19108691811561584 824
1728879471331 0.16747243702411652 825
1728879475635 0.10251320898532867 826
1728879479381 0.1230444684624672 827
1728879483726 0.1193469911813736 828
1728879488048 0.18828634917736053 829
1728879492387 0.11453694850206375 830
1728879496724 0.1393558531999588 831
1728879501042 0.061531320214271545 832
1728879505374 0.07607313990592957 833
1728879509709 0.08056042343378067 834
1728879514030 0.09515468776226044 835
1728879518376 0.16367031633853912 836
1728879522711 0.09804072976112366 837
1728879527019 0.10110507905483246 838
1728879531347 0.16325178742408752 839
1728879535685 0.09620648622512817 840
1728879540010 0.13502007722854614 841
1728879544340 0.1263643056154251 842
1728879548675 0.11319171637296677 843
1728879553002 0.17368048429489136 844
1728879557325 0.09970396757125854 845
1728879561670 0.1017107367515564 846
1728879565959 0.009247387759387493 847
1728879570286 0.06887781620025635 848
1728879574617 0.11716009676456451 849
1728879578939 0.11869826912879944 850
1728879583278 0.14140191674232483 851
1728879587016 0.06310547143220901 852
1728879590739 0.6193073987960815 853
1728879595071 0.048792801797389984 854
1728879599408 0.08270116150379181 855
1728879603720 0.08492123335599899 856
1728879608042 0.09971453249454498 857
1728879612373 0.0830136388540268 858
1728879616103 0.36774784326553345 859
1728879620421 0.11805183440446854 860
1728879624762 0.10803425312042236 861
1728879629084 0.09594379365444183 862
1728879633403 0.08468262851238251 863
1728879637732 0.12192103266716003 864
1728879641449 0.17044994235038757 865
1728879645775 0.12603211402893066 866
1728879650105 0.12280654907226562 867
1728879654417 0.07869163155555725 868
1728879658737 0.08271823823451996 869
1728879663065 0.3016433119773865 870
1728879667384 0.07963687181472778 871
1728879671713 0.23187130689620972 872
1728879676008 0.019519079476594925 873
1728879679741 0.1489078551530838 874
1728879684064 0.12954317033290863 875
1728879688408 0.09184707701206207 876
1728879692749 0.09939248859882355 877
1728879697072 0.11131906509399414 878
1728879701357 0.04841069132089615 879
1728879705689 0.126276433467865 880
1728879710005 0.08957584202289581 881
1728879714284 0.0034839999862015247 882
1728879718008 0.1377851963043213 883
1728879722322 0.10683797299861908 884
1728879726654 0.22827452421188354 885
1728879730950 0.08748946338891983 886
1728879735291 0.18470248579978943 887
1728879739603 0.10947683453559875 888
1728879743934 0.12508299946784973 889
1728879748265 0.09891907870769501 890
1728879752577 0.09663119912147522 891
1728879756905 0.08440133184194565 892
1728879761229 0.1171179786324501 893
1728879765534 0.032342515885829926 894
1728879769848 0.07608161121606827 895
1728879774178 0.10034781694412231 896
1728879778500 0.12178660929203033 897
1728879782831 0.09193529933691025 898
1728879787171 0.19153934717178345 899
1728879791519 0.12436611950397491 900
1728879795833 0.11707133054733276 901
1728879800173 0.144175186753273 902
1728879804507 0.13726657629013062 903
1728879808829 0.08484621345996857 904
1728879813151 0.07580235600471497 905
1728879817488 0.05642859265208244 906
1728879821835 0.14546599984169006 907
1728879826155 0.10415578633546829 908
1728879829891 0.1478041112422943 909
1728879834217 0.02804502099752426 910
1728879838550 0.18357312679290771 911
1728879842872 0.06843582540750504 912
1728879847203 0.16544055938720703 913
1728879851516 0.04811941832304001 914
1728879855849 0.2864057719707489 915
1728879860181 0.09040335565805435 916
1728879864513 0.21598297357559204 917
1728879868835 0.11052902042865753 918
1728879873169 0.08168740570545197 919
1728879877500 0.12243099510669708 920
1728879881831 0.09970724582672119 921
1728879886171 0.1934213936328888 922
1728879890500 0.1329946368932724 923
1728879894833 0.07198045402765274 924
1728879899189 0.1027902215719223 925
1728879903546 0.12847761809825897 926
1728879907850 0.06855904310941696 927
1728879912181 0.10519680380821228 928
1728879916531 0.12817351520061493 929
1728879920268 0.3271215558052063 930
1728879924595 0.07831510156393051 931
1728879928915 0.0856558084487915 932
1728879933235 0.10727429389953613 933
1728879937562 0.07522221654653549 934
1728879941882 0.1042102724313736 935
1728879946209 0.14005061984062195 936
1728879950528 0.0919339582324028 937
1728879954844 0.07020744681358337 938
1728879959162 0.18946199119091034 939
1728879963489 0.1162283718585968 940
1728879967792 0.041353099048137665 941
1728879972117 0.14887848496437073 942
1728879976451 0.1717052161693573 943
1728879980802 0.30068278312683105 944
1728879985130 0.1186487078666687 945
1728879989451 0.09069712460041046 946
1728879993791 0.29857128858566284 947
1728879998129 0.09922613203525543 948
1728880002455 0.13687647879123688 949
1728880006797 0.1092635989189148 950
1728880011145 0.12254074960947037 951
1728880015479 0.075169637799263 952
1728880019824 0.15631835162639618 953
1728880024166 0.1702997386455536 954
1728880028481 0.048830993473529816 955
1728880032813 0.07536535710096359 956
1728880036547 0.28702878952026367 957
1728880040879 0.1281614899635315 958
1728880045201 0.06883728504180908 959
1728880049534 0.15138259530067444 960
1728880053857 0.07844853401184082 961
1728880058194 0.0932440459728241 962
1728880062516 0.06404915452003479 963
1728880066842 0.11761746555566788 964
1728880071180 0.1662679761648178 965
1728880075516 0.18767909705638885 966
1728880079254 0.08785499632358551 967
1728880083586 0.13461783528327942 968
1728880087936 0.12302952259778976 969
1728880092282 0.15197136998176575 970
1728880096588 0.045380331575870514 971
1728880100310 0.11769737303256989 972
1728880104639 0.16997742652893066 973
1728880108973 0.13892880082130432 974
1728880113293 0.12335415184497833 975
1728880117627 0.1049284115433693 976
1728880121952 0.0811353549361229 977
1728880126283 0.11525515466928482 978
1728880130613 0.11720582842826843 979
1728880134939 0.1242428719997406 980
1728880138668 0.09720461815595627 981
1728880142997 0.16332288086414337 982
1728880147327 0.15920479595661163 983
1728880151633 0.07341834902763367 984
1728880155958 0.14547111093997955 985
1728880160287 0.15215913951396942 986
1728880164599 0.07867483794689178 987
1728880168930 0.09064396470785141 988
1728880173225 0.06086311489343643 989
1728880177553 0.12039338052272797 990
1728880181896 0.09173081815242767 991
1728880185641 0.13339416682720184 992
1728880189978 0.08763709664344788 993
1728880194311 0.21163763105869293 994
1728880198634 0.13841544091701508 995
1728880202371 0.12931442260742188 996
1728880206704 0.12594181299209595 997
1728880211036 0.17479796707630157 998
1728880215356 0.12483804672956467 999
1728880219681 0.0983748659491539 1000
1728880542009 0.11307753622531891 1001
1728880546306 0.09621423482894897 1002
1728880550606 0.11655119061470032 1003
1728880554904 0.2034396231174469 1004
1728880559198 0.13468441367149353 1005
1728880563503 0.12118048965930939 1006
1728880567807 0.14329886436462402 1007
1728880572113 0.13738670945167542 1008
1728880576421 0.06187429279088974 1009
1728880580727 0.17248353362083435 1010
1728880585025 0.11928580701351166 1011
1728880589327 0.23733609914779663 1012
1728880593640 0.12291865050792694 1013
1728880597355 0.12784084677696228 1014
1728880601667 0.1274753212928772 1015
1728880605967 0.11424683779478073 1016
1728880610266 0.09972117841243744 1017
1728880614585 0.2799491286277771 1018
1728880618292 0.07597631961107254 1019
1728880622588 0.10408724844455719 1020
1728880626902 0.315365731716156 1021
1728880631203 0.11778730899095535 1022
1728880635509 0.09224796295166016 1023
1728880639812 0.09096353501081467 1024
1728880644107 0.14869758486747742 1025
1728880648417 0.11293444037437439 1026
1728880652133 0.24354571104049683 1027
1728880656433 0.15835066139698029 1028
1728880660734 0.13784530758857727 1029
1728880665027 0.05462533235549927 1030
1728880669326 0.09076360613107681 1031
1728880673629 0.19581490755081177 1032
1728880677925 0.07167919725179672 1033
1728880681652 0.1170668825507164 1034
1728880685371 0.1283448189496994 1035
1728880689686 0.11930637061595917 1036
1728880693994 0.11582963168621063 1037
1728880698310 0.23957481980323792 1038
1728880702633 0.16998645663261414 1039
1728880706357 0.12324918806552887 1040
1728880710676 0.11961646378040314 1041
1728880714999 0.10078341513872147 1042
1728880719320 0.06969884783029556 1043
1728880723644 0.16129568219184875 1044
1728880727943 0.025229481980204582 1045
1728880732259 0.09875451028347015 1046
1728880736588 0.11284395307302475 1047
1728880740920 0.14488181471824646 1048
1728880745248 0.1729438304901123 1049
1728880748981 0.10388463735580444 1050
1728880753315 0.11678440868854523 1051
1728880757643 0.21773162484169006 1052
1728880761970 0.11475822329521179 1053
1728880766306 0.09579693526029587 1054
1728880770639 0.1176488995552063 1055
1728880774375 0.07981199026107788 1056
1728880778718 0.19744372367858887 1057
1728880783041 0.284451425075531 1058
1728880787380 0.09527921676635742 1059
1728880791715 0.169472336769104 1060
1728880796055 0.15469466149806976 1061
1728880799801 0.33771538734436035 1062
1728880803536 0.123421311378479 1063
1728880807841 0.01285571325570345 1064
1728880811591 0.09499403089284897 1065
1728880815920 0.07328528165817261 1066
1728880820244 0.13459977507591248 1067
1728880824556 0.06053783744573593 1068
1728880828883 0.08885978907346725 1069
1728880833201 0.017270969226956367 1070
1728880837528 0.23711681365966797 1071
1728880841849 0.1300087720155716 1072
1728880846193 0.34618133306503296 1073
1728880849937 0.12621885538101196 1074
1728880854279 0.15068618953227997 1075
1728880858611 0.10097524523735046 1076
1728880862945 0.11211536079645157 1077
1728880867282 0.11833558976650238 1078
1728880871621 0.09772895276546478 1079
1728880875942 0.06258217245340347 1080
1728880880292 0.09897201508283615 1081
1728880884624 0.09067877382040024 1082
1728880888944 0.023859940469264984 1083
1728880893282 0.1415289044380188 1084
1728880897618 0.07637879997491837 1085
1728880901355 0.12286709249019623 1086
1728880905683 0.09984676539897919 1087
1728880910024 0.19517648220062256 1088
1728880914334 0.057323724031448364 1089
1728880918663 0.13898731768131256 1090
1728880922995 0.0932740718126297 1091
1728880926724 0.010316139087080956 1092
1728880931043 0.09936626255512238 1093
1728880934778 0.19765469431877136 1094
1728880938518 0.1427287608385086 1095
1728880942843 0.04322941601276398 1096
1728880947165 0.08007070422172546 1097
1728880951504 0.14638873934745789 1098
1728880955846 0.17134878039360046 1099
1728880960169 0.11412431299686432 1100
1728880964488 0.04724813997745514 1101
1728880968815 0.04975847527384758 1102
1728880973148 0.12322928011417389 1103
1728880977482 0.10566739737987518 1104
1728880981820 0.15365858376026154 1105
1728880986149 0.09297634661197662 1106
1728880990489 0.12671488523483276 1107
1728880994828 0.1423928141593933 1108
1728880999167 0.10097602009773254 1109
1728881003514 0.0968656837940216 1110
1728881007847 0.09955872595310211 1111
1728881012181 0.2541083097457886 1112
1728881016522 0.11681471765041351 1113
1728881020858 0.09995054453611374 1114
1728881025175 0.09517189860343933 1115
1728881029500 0.09296872466802597 1116
1728881033826 0.11991558969020844 1117
1728881038161 0.10403461754322052 1118
1728881042493 0.09760572016239166 1119
1728881046828 0.0993926078081131 1120
1728881051151 0.08768404275178909 1121
1728881055483 0.08360810577869415 1122
1728881059824 0.16668085753917694 1123
1728881064128 0.07617221027612686 1124
1728881068451 0.10733358561992645 1125
1728881072194 0.12415526807308197 1126
1728881076524 0.10820285975933075 1127
1728881080844 0.061411600559949875 1128
1728881085170 0.0872860848903656 1129
1728881089499 0.15363538265228271 1130
1728881093824 0.10853074491024017 1131
1728881098147 0.10438185930252075 1132
1728881102467 0.07147880643606186 1133
1728881106219 0.21645867824554443 1134
1728881110546 0.078512042760849 1135
1728881114869 0.1475594937801361 1136
1728881119219 0.1440887153148651 1137
1728881123569 0.13083338737487793 1138
1728881127905 0.10543490946292877 1139
1728881131636 0.06624570488929749 1140
1728881135973 0.16842038929462433 1141
1728881140316 0.1092308834195137 1142
1728881144643 0.07260793447494507 1143
1728881148989 0.17017965018749237 1144
1728881153324 0.11416283249855042 1145
1728881157653 0.20369958877563477 1146
1728881162014 0.05045727267861366 1147
1728881166364 0.16001413762569427 1148
1728881170124 0.10428977757692337 1149
1728881173855 0.06894759088754654 1150
1728881178173 0.06231316924095154 1151
1728881182518 0.15928582847118378 1152
1728881186847 0.1427035927772522 1153
1728881191179 0.09258788824081421 1154
1728881195488 0.019554242491722107 1155
1728881199827 0.07339820265769958 1156
1728881204149 0.12880440056324005 1157
1728881208467 0.05680466443300247 1158
1728881212809 0.2824377715587616 1159
1728881217148 0.21770712733268738 1160
1728881221498 0.08953782916069031 1161
1728881225834 0.1675233691930771 1162
1728881230161 0.11145903170108795 1163
1728881234497 0.11042682826519012 1164
1728881238829 0.1346580684185028 1165
1728881242572 0.15684495866298676 1166
1728881246903 0.13603824377059937 1167
1728881251220 0.06338755041360855 1168
1728881254961 0.07446423172950745 1169
1728881259283 0.08840955793857574 1170
1728881263612 0.12187215685844421 1171
1728881267952 0.10776902735233307 1172
1728881272283 0.1170840859413147 1173
1728881276609 0.09873694181442261 1174
1728881280329 0.0058558182790875435 1175
1728881284662 0.1756216585636139 1176
1728881288997 0.10419526696205139 1177
1728881293329 0.14288100600242615 1178
1728881297664 0.0884387195110321 1179
1728881301994 0.06375035643577576 1180
1728881306337 0.11293834447860718 1181
1728881310643 0.058220330625772476 1182
1728881314387 0.23591694235801697 1183
1728881318741 0.19517171382904053 1184
1728881322482 0.24162611365318298 1185
1728881326234 0.20006529986858368 1186
1728881330569 0.11869210004806519 1187
1728881334897 0.06420494616031647 1188
1728881339229 0.08203479647636414 1189
1728881343552 0.05123583972454071 1190
1728881347890 0.12581531703472137 1191
1728881352228 0.15480053424835205 1192
1728881356552 0.08827865123748779 1193
1728881360302 0.13089708983898163 1194
1728881364635 0.11856789886951447 1195
1728881368965 0.12051224708557129 1196
1728881373291 0.05131491273641586 1197
1728881377623 0.14158391952514648 1198
1728881381952 0.12851357460021973 1199
1728881385707 0.17451602220535278 1200
1728881390036 0.33745312690734863 1201
1728881394377 0.1382363736629486 1202
1728881398713 0.08645299077033997 1203
1728881403057 0.1382332593202591 1204
1728881407397 0.13231009244918823 1205
1728881411728 0.0686020702123642 1206
1728881416048 0.07791732251644135 1207
1728881420375 0.0879749059677124 1208
1728881424705 0.10049980878829956 1209
1728881429025 0.0288642980158329 1210
1728881433351 0.08327816426753998 1211
1728881437689 0.1271083652973175 1212
1728881442016 0.022600457072257996 1213
1728881446349 0.15793843567371368 1214
1728881450692 0.13323630392551422 1215
1728881455018 0.019523385912179947 1216
1728881459353 0.10266567766666412 1217
1728881463686 0.11926064640283585 1218
1728881468019 0.11830243468284607 1219
1728881472352 0.13920366764068604 1220
1728881476702 0.12055730819702148 1221
1728881481032 0.12724986672401428 1222
1728881485368 0.10751228034496307 1223
1728881489712 0.18925577402114868 1224
1728881494050 0.0942104309797287 1225
1728881498391 0.10200494527816772 1226
1728881502730 0.11542701721191406 1227
1728881507054 0.0812751054763794 1228
1728881511393 0.08765624463558197 1229
1728881515722 0.07106523215770721 1230
1728881520054 0.12118685245513916 1231
1728881524391 0.13522465527057648 1232
1728881528730 0.11902860552072525 1233
1728881533067 0.1061142235994339 1234
1728881537410 0.10441756993532181 1235
1728881541747 0.07723976671695709 1236
1728881545488 0.18819469213485718 1237
1728881549822 0.08900818973779678 1238
1728881554146 0.1027388796210289 1239
1728881558471 0.07534606754779816 1240
1728881562210 0.10051541775465012 1241
1728881566540 0.3115866482257843 1242
1728881570866 0.05275706201791763 1243
1728881575193 0.05690667778253555 1244
1728881578926 0.08279228210449219 1245
1728881583256 0.06380683928728104 1246
1728881586988 0.07810201495885849 1247
1728881591317 0.12634290754795074 1248
1728881595651 0.11667677760124207 1249
1728881599994 0.25763386487960815 1250
1728881604334 0.08621268719434738 1251
1728881608659 0.13032253086566925 1252
1728881613004 0.15450668334960938 1253
1728881617337 0.08242317289113998 1254
1728881621668 0.1258264183998108 1255
1728881625994 0.08312641084194183 1256
1728881630332 0.1025841161608696 1257
1728881634661 0.07606713473796844 1258
1728881638992 0.11657321453094482 1259
1728881643311 0.023195477202534676 1260
1728881647643 0.0766577497124672 1261
1728881651403 0.14524638652801514 1262
1728881655737 0.15507231652736664 1263
1728881660066 0.18028153479099274 1264
1728881664414 0.18764665722846985 1265
1728881668742 0.08040066063404083 1266
1728881673064 0.07087262719869614 1267
1728881677392 0.06361699849367142 1268
1728881681724 0.1105356216430664 1269
1728881686058 0.12297166138887405 1270
1728881690392 0.08216843754053116 1271
1728881694740 0.13769212365150452 1272
1728881699074 0.11697400361299515 1273
1728881703414 0.14102759957313538 1274
1728881707746 0.07370688766241074 1275
1728881712091 0.3613215386867523 1276
1728881716429 0.2429191768169403 1277
1728881720778 0.07199917733669281 1278
1728881725110 0.057044580578804016 1279
1728881729451 0.15066923201084137 1280
1728881733208 0.259630024433136 1281
1728881736970 0.15667831897735596 1282
1728881741309 0.08508233726024628 1283
1728881745643 0.1571355164051056 1284
1728881749973 0.13193920254707336 1285
1728881754291 0.10114195942878723 1286
1728881758623 0.10122130811214447 1287
1728881762959 0.11613660305738449 1288
1728881767291 0.08307992666959763 1289
1728881771619 0.13024279475212097 1290
1728881775958 0.10266861319541931 1291
1728881780294 0.1387580931186676 1292
1728881784621 0.07316027581691742 1293
1728881788959 0.12893012166023254 1294
1728881793308 0.10298556089401245 1295
1728881797632 0.0788995698094368 1296
1728881801960 0.13878566026687622 1297
1728881806291 0.11044067144393921 1298
1728881810623 0.08905825018882751 1299
1728881814959 0.18902891874313354 1300
1728881819310 0.13418735563755035 1301
1728881823645 0.046577826142311096 1302
1728881827974 0.08946119248867035 1303
1728881832303 0.07819411903619766 1304
1728881836637 0.07407604902982712 1305
1728881840997 0.0510195717215538 1306
1728881845356 0.17486035823822021 1307
1728881849695 0.11952336132526398 1308
1728881854024 0.16481775045394897 1309
1728881858359 0.13216322660446167 1310
1728881862694 0.0956907719373703 1311
1728881867016 0.1180756539106369 1312
1728881871355 0.08685043454170227 1313
1728881875695 0.15278790891170502 1314
1728881880037 0.161016047000885 1315
1728881884373 0.1176908016204834 1316
1728881888118 0.10816420614719391 1317
1728881892434 0.0975971668958664 1318
1728881896763 0.1410643756389618 1319
1728881901112 0.2381645143032074 1320
1728881905446 0.16887477040290833 1321
1728881909781 0.128788024187088 1322
1728881913525 0.09474366903305054 1323
1728881917857 0.07509102672338486 1324
1728881922205 0.13325275480747223 1325
1728881926541 0.08277712017297745 1326
1728881930872 0.08659051358699799 1327
1728881935221 0.18158334493637085 1328
1728881939558 0.36351537704467773 1329
1728881943881 0.07008953392505646 1330
1728881948218 0.10336311161518097 1331
1728881952549 0.08305754512548447 1332
1728881956874 0.09496564418077469 1333
1728881961212 0.13352631032466888 1334
1728881965541 0.09062093496322632 1335
1728881969876 0.1411636471748352 1336
1728881974223 0.119718536734581 1337
1728881978557 0.1594066023826599 1338
1728881982896 0.09788131713867188 1339
1728881987224 0.0706908106803894 1340
1728881991558 0.14879392087459564 1341
1728881995895 0.12167860567569733 1342
1728882000218 0.05402884632349014 1343
1728882004559 0.19190433621406555 1344
1728882008870 0.042562343180179596 1345
1728882013208 0.15746332705020905 1346
1728882017550 0.14389890432357788 1347
1728882021884 0.09033781290054321 1348
1728882026204 0.16029499471187592 1349
1728882030540 0.24802127480506897 1350
1728882034878 0.14833322167396545 1351
1728882039210 0.12001322209835052 1352
1728882043557 0.08562415838241577 1353
1728882047899 0.09671279788017273 1354
1728882052236 0.06426700949668884 1355
1728882056574 0.14709919691085815 1356
1728882060907 0.07595442235469818 1357
1728882065235 0.15024636685848236 1358
1728882069563 0.11162887513637543 1359
1728882073888 0.04280593618750572 1360
1728882078216 0.11720271408557892 1361
1728882082540 0.05547899380326271 1362
1728882086851 0.005608092062175274 1363
1728882091178 0.118196502327919 1364
1728882095515 0.12364470213651657 1365
1728882099853 0.09322241693735123 1366
1728882104176 0.07391652464866638 1367
1728882108525 0.08718487620353699 1368
1728882112859 0.15132097899913788 1369
1728882117188 0.1287410408258438 1370
1728882121534 0.12231186032295227 1371
1728882125849 0.08995582908391953 1372
1728882130159 0.11287136375904083 1373
1728882133895 0.06477733701467514 1374
1728882137633 0.09946523606777191 1375
1728882141958 0.045778632164001465 1376
1728882146310 0.1108531653881073 1377
1728882150638 0.1448335200548172 1378
1728882154970 0.11169861257076263 1379
1728882158715 0.15246033668518066 1380
1728882163049 0.16574308276176453 1381
1728882167395 0.21038776636123657 1382
1728882171734 0.0821935385465622 1383
1728882176061 0.11876383423805237 1384
1728882180395 0.09378016740083694 1385
1728882184728 0.0941053032875061 1386
1728882189066 0.14451226592063904 1387
1728882193404 0.14352431893348694 1388
1728882197746 0.10123114287853241 1389
1728882202075 0.09896677732467651 1390
1728882206421 0.15020348131656647 1391
1728882210157 0.16214033961296082 1392
1728882213897 0.16841155290603638 1393
1728882218230 0.10593975335359573 1394
1728882222565 0.13929960131645203 1395
1728882226897 0.09660694003105164 1396
1728882231223 0.08868841826915741 1397
1728882235535 0.08039261400699615 1398
1728882239868 0.1834312230348587 1399
1728882244199 0.10299023985862732 1400
1728882248532 0.10047533363103867 1401
1728882252279 0.39840418100357056 1402
1728882256603 0.03675541281700134 1403
1728882260947 0.14542460441589355 1404
1728882265282 0.12098051607608795 1405
1728882269620 0.09359567612409592 1406
1728882273940 0.08797256648540497 1407
1728882278265 0.07521026581525803 1408
1728882282013 0.2909510135650635 1409
1728882286361 0.07436604052782059 1410
1728882290680 0.1098032295703888 1411
1728882295029 0.2089027464389801 1412
1728882299366 0.11782251298427582 1413
1728882303721 0.2723814845085144 1414
1728882308056 0.1121205985546112 1415
1728882312390 0.08156032115221024 1416
1728882316730 0.10928028076887131 1417
1728882320475 0.15004229545593262 1418
1728882324808 0.10040733218193054 1419
1728882328514 0.0087943309918046 1420
1728882332857 0.12170181423425674 1421
1728882337201 0.12198951840400696 1422
1728882341540 0.1435806155204773 1423
1728882345881 0.1416185349225998 1424
1728882350214 0.08193915337324142 1425
1728882354545 0.14024628698825836 1426
1728882358875 0.13800856471061707 1427
1728882363219 0.12199893593788147 1428
1728882367559 0.15534693002700806 1429
1728882371283 0.12235698103904724 1430
1728882375614 0.1023254245519638 1431
1728882379953 0.1578904092311859 1432
1728882384277 0.1078544557094574 1433
1728882388612 0.13403795659542084 1434
1728882392941 0.10540509968996048 1435
1728882397282 0.11401546001434326 1436
1728882401608 0.1329246461391449 1437
1728882405351 0.6382564306259155 1438
1728882409696 0.25182363390922546 1439
1728882414032 0.09002597630023956 1440
1728882418343 0.0546845979988575 1441
1728882422672 0.12415237724781036 1442
1728882427019 0.1563286930322647 1443
1728882431359 0.10001334547996521 1444
1728882435675 0.05699296295642853 1445
1728882440024 0.09893229603767395 1446
1728882443772 0.09809454530477524 1447
1728882448110 0.15151464939117432 1448
1728882452436 0.11545809358358383 1449
1728882456758 0.09126723557710648 1450
1728882460495 0.10731241852045059 1451
1728882464832 0.09911971539258957 1452
1728882468576 0.05624137073755264 1453
1728882472924 0.07685861736536026 1454
1728882477260 0.0905098021030426 1455
1728882481608 0.11127042770385742 1456
1728882485940 0.0644061490893364 1457
1728882490268 0.05424564331769943 1458
1728882494604 0.09592358767986298 1459
1728882498938 0.0810742974281311 1460
1728882503267 0.14438067376613617 1461
1728882507587 0.04418063908815384 1462
1728882511932 0.12402410805225372 1463
1728882516266 0.0958719253540039 1464
1728882520603 0.1093372255563736 1465
1728882524937 0.12593567371368408 1466
1728882529260 0.12114804983139038 1467
1728882533580 0.1286214143037796 1468
1728882537906 0.16012346744537354 1469
1728882542235 0.1189967691898346 1470
1728882546562 0.07272527366876602 1471
1728882550898 0.15610913932323456 1472
1728882555243 0.164316326379776 1473
1728882559577 0.10996456444263458 1474
1728882563925 0.2018829584121704 1475
1728882568238 0.0354858823120594 1476
1728882572569 0.122684046626091 1477
1728882576306 0.259713351726532 1478
1728882580643 0.14369162917137146 1479
1728882584971 0.1272546797990799 1480
1728882589314 0.1794629693031311 1481
1728882593646 0.08524441719055176 1482
1728882597386 0.11974471807479858 1483
1728882601734 0.14970624446868896 1484
1728882606073 0.3636784255504608 1485
1728882610416 0.05911502242088318 1486
1728882614769 0.11946819722652435 1487
1728882619106 0.11340698599815369 1488
1728882623445 0.21144692599773407 1489
1728882627178 0.08737310767173767 1490
1728882631501 0.1401340365409851 1491
1728882635840 0.1407005786895752 1492
1728882640169 0.0871296375989914 1493
1728882644505 0.11259420216083527 1494
1728882648832 0.1284889429807663 1495
1728882653161 0.10203080624341965 1496
1728882656917 0.13019855320453644 1497
1728882661242 0.07313103973865509 1498
1728882665571 0.23937386274337769 1499
1728882669891 0.08274926245212555 1500
1728882674233 0.12393931299448013 1501
1728882678563 0.08032060414552689 1502
1728882682894 0.11982216686010361 1503
1728882687223 0.0608643963932991 1504
1728882691548 0.10250312089920044 1505
1728882695301 0.17415820062160492 1506
1728882699040 0.18851196765899658 1507
1728882703378 0.15052109956741333 1508
1728882707705 0.1213015541434288 1509
1728882712037 0.11893592774868011 1510
1728882716363 0.1324492245912552 1511
1728882720684 0.09354269504547119 1512
1728882725011 0.08074378222227097 1513
1728882729347 0.2086498886346817 1514
1728882733667 0.12135514616966248 1515
1728882737998 0.11074146628379822 1516
1728882742320 0.1044331043958664 1517
1728882746650 0.20751380920410156 1518
1728882750980 0.1157212033867836 1519
1728882755320 0.09253714978694916 1520
1728882759646 0.1990559995174408 1521
1728882763956 0.06342079490423203 1522
1728882768287 0.14731228351593018 1523
1728882772631 0.12101571261882782 1524
1728882776960 0.02988259121775627 1525
1728882781297 0.14366194605827332 1526
1728882785636 0.12626859545707703 1527
1728882789968 0.08946499973535538 1528
1728882794303 0.12667831778526306 1529
1728882798634 0.09538781642913818 1530
1728882802967 0.09405911713838577 1531
1728882807292 0.08812183141708374 1532
1728882811625 0.12318479269742966 1533
1728882815967 0.1950022578239441 1534
1728882820309 0.1640552282333374 1535
1728882824633 0.07760198414325714 1536
1728882828961 0.05890108272433281 1537
1728882833285 0.10097816586494446 1538
1728882837025 0.23027977347373962 1539
1728882841361 0.07376644015312195 1540
1728882845690 0.2610076665878296 1541
1728882850023 0.033811405301094055 1542
1728882854329 0.07187086343765259 1543
1728882858079 0.36785340309143066 1544
1728882862396 0.04521938040852547 1545
1728882866733 0.10560228675603867 1546
1728882871064 0.10909204185009003 1547
1728882875398 0.3289661705493927 1548
1728882879727 0.15157562494277954 1549
1728882884069 0.16632717847824097 1550
1728882888418 0.09866958856582642 1551
1728882892764 0.19946376979351044 1552
1728882897089 0.07660255581140518 1553
1728882901436 0.25165271759033203 1554
1728882905770 0.06912441551685333 1555
1728882910095 0.0915769636631012 1556
1728882913824 0.16478198766708374 1557
1728882918152 0.06980754435062408 1558
1728882922474 0.07260012626647949 1559
1728882926819 0.24333471059799194 1560
1728882931169 0.2871801257133484 1561
1728882935494 0.12891428172588348 1562
1728882939243 0.48835983872413635 1563
1728882943571 0.14615359902381897 1564
1728882947890 0.0754450112581253 1565
1728882952216 0.07408252358436584 1566
1728882956567 0.07717818766832352 1567
1728882960905 0.10129138827323914 1568
1728882965239 0.08180947601795197 1569
1728882968984 0.2740943729877472 1570
1728882973322 0.06957493722438812 1571
1728882977654 0.13669943809509277 1572
1728882982025 0.043415166437625885 1573
1728882986362 0.15227358043193817 1574
1728882990689 0.0860334262251854 1575
1728882995038 0.10400582104921341 1576
1728882999366 0.07282782346010208 1577
1728883003721 0.297133207321167 1578
1728883008050 0.2082233428955078 1579
1728883012379 0.12251165509223938 1580
1728883016705 0.11227551102638245 1581
1728883021038 0.12157095968723297 1582
1728883024775 0.12357787042856216 1583
1728883029101 0.08954523503780365 1584
1728883033432 0.12322692573070526 1585
1728883037764 0.11126330494880676 1586
1728883042087 0.13087062537670135 1587
1728883046423 0.09073305875062943 1588
1728883050743 0.038450416177511215 1589
1728883055063 0.03734341263771057 1590
1728883059386 0.13350839912891388 1591
1728883063722 0.1303674280643463 1592
1728883068042 0.0353236198425293 1593
1728883072374 0.24216605722904205 1594
1728883076711 0.15334774553775787 1595
1728883081057 0.32371723651885986 1596
1728883085387 0.06999553740024567 1597
1728883089722 0.1341557502746582 1598
1728883094060 0.1836504489183426 1599
1728883098383 0.11520971357822418 1600
1728883102726 0.08051899820566177 1601
1728883107050 0.08745124936103821 1602
1728883111367 0.01912246271967888 1603
1728883115690 0.14829231798648834 1604
1728883119995 0.09365016222000122 1605
1728883124331 0.10201122611761093 1606
1728883128661 0.11214201152324677 1607
1728883132978 0.08731085062026978 1608
1728883136709 0.1016804426908493 1609
1728883140448 0.08289735019207001 1610
1728883144764 0.08880064636468887 1611
1728883149088 0.1330433040857315 1612
1728883153424 0.010441561229526997 1613
1728883157753 0.1465989649295807 1614
1728883162077 0.0983644500374794 1615
1728883166408 0.10801594704389572 1616
1728883170742 0.1049659475684166 1617
1728883175075 0.10591034591197968 1618
1728883179409 0.2551071345806122 1619
1728883183737 0.0911811888217926 1620
1728883188069 0.09737077355384827 1621
1728883192410 0.11247137188911438 1622
1728883196740 0.049711111932992935 1623
1728883201070 0.14375141263008118 1624
1728883204824 0.10250383615493774 1625
1728883208565 0.16077134013175964 1626
1728883212893 0.11034268885850906 1627
1728883217222 0.04401785880327225 1628
1728883221550 0.11444351077079773 1629
1728883225885 0.14008253812789917 1630
1728883230211 0.13740628957748413 1631
1728883234551 0.12614694237709045 1632
1728883238903 0.09250526130199432 1633
1728883243237 0.12050485610961914 1634
1728883247570 0.13402476906776428 1635
1728883251895 0.09744729101657867 1636
1728883256227 0.0817221850156784 1637
1728883260549 0.04311978816986084 1638
1728883264871 0.09576140344142914 1639
1728883269183 0.03876706212759018 1640
1728883273477 0.05231323465704918 1641
1728883277812 0.14357754588127136 1642
1728883281546 0.10856829583644867 1643
1728883285871 0.12473040819168091 1644
1728883290171 0.10464000701904297 1645
1728883294512 0.14122739434242249 1646
1728883298841 0.09625377506017685 1647
1728883303172 0.09480330348014832 1648
1728883307500 0.11867832392454147 1649
1728883311829 0.11062188446521759 1650
1728883316150 0.14420127868652344 1651
1728883320476 0.05063425377011299 1652
1728883324815 0.19798845052719116 1653
1728883329134 0.04554547742009163 1654
1728883333470 0.12963953614234924 1655
1728883337812 0.12345448136329651 1656
1728883342154 0.10150966793298721 1657
1728883345885 0.10746936500072479 1658
1728883350235 0.2500072121620178 1659
1728883354561 0.12566477060317993 1660
1728883358868 0.062021829187870026 1661
1728883363168 0.06141285225749016 1662
1728883367477 0.028574028983712196 1663
1728883371218 0.12502437829971313 1664
1728883375552 0.10162374377250671 1665
1728883379885 0.15784117579460144 1666
1728883384230 0.19821274280548096 1667
1728883388568 0.1521279662847519 1668
1728883392888 0.09125776588916779 1669
1728883397215 0.029564738273620605 1670
1728883401554 0.11348919570446014 1671
1728883405879 0.07663708180189133 1672
1728883410203 0.1071242094039917 1673
1728883414532 0.07706952840089798 1674
1728883418854 0.07785250246524811 1675
1728883423183 0.04308556020259857 1676
1728883427510 0.130716472864151 1677
1728883431840 0.060042716562747955 1678
1728883436159 0.03730741888284683 1679
1728883439885 0.28451311588287354 1680
1728883444237 0.14126437902450562 1681
1728883448549 0.21245090663433075 1682
1728883452873 0.11159926652908325 1683
1728883457197 0.07313241809606552 1684
1728883461533 0.06474892795085907 1685
1728883465861 0.08363331854343414 1686
1728883470184 0.15802109241485596 1687
1728883474522 0.11314110457897186 1688
1728883478861 0.17143529653549194 1689
1728883483197 0.1910257488489151 1690
1728883487534 0.09951743483543396 1691
1728883491865 0.22728289663791656 1692
1728883496194 0.08112215995788574 1693
1728883500540 0.09199462831020355 1694
1728883504876 0.11227987706661224 1695
1728883508629 0.09359699487686157 1696
1728883512955 0.13954798877239227 1697
1728883517282 0.1363179236650467 1698
1728883521586 0.041821207851171494 1699
1728883525929 0.12903161346912384 1700
1728883530259 0.21204045414924622 1701
1728883534579 0.07603762298822403 1702
1728883538918 0.24467916786670685 1703
1728883543247 0.12805674970149994 1704
1728883547573 0.09866131097078323 1705
1728883551899 0.13331346213817596 1706
1728883556224 0.01783362403512001 1707
1728883560571 0.16695934534072876 1708
1728883564880 0.09068205952644348 1709
1728883569211 0.07935594022274017 1710
1728883573560 0.10298467427492142 1711
1728883577893 0.1266556978225708 1712
1728883582226 0.14312201738357544 1713
1728883586539 0.04364106059074402 1714
1728883590861 0.11270013451576233 1715
1728883595192 0.10361708700656891 1716
1728883599524 0.044162239879369736 1717
1728883603867 0.12138009816408157 1718
1728883608213 0.13001121580600739 1719
1728883612559 0.20570328831672668 1720
1728883616861 0.07813908159732819 1721
1728883620603 0.14149987697601318 1722
1728883624940 0.09323510527610779 1723
1728883629266 0.08095623552799225 1724
1728883633599 0.07930389046669006 1725
1728883637952 0.07233237475156784 1726
1728883642281 0.1427765041589737 1727
1728883646604 0.1072869598865509 1728
1728883650934 0.09646937251091003 1729
1728883655280 0.133400097489357 1730
1728883659616 0.11955520510673523 1731
1728883663948 0.06269385665655136 1732
1728883668279 0.09552685171365738 1733
1728883672604 0.17365163564682007 1734
1728883676930 0.06453204900026321 1735
1728883680687 0.07264813780784607 1736
1728883685016 0.1269035041332245 1737
1728883689350 0.13494853675365448 1738
1728883693090 0.10279212892055511 1739
1728883697427 0.09165716916322708 1740
1728883701756 0.1261507272720337 1741
1728883706099 0.06842567771673203 1742
1728883710434 0.12052169442176819 1743
1728883714760 0.12942944467067719 1744
1728883719098 0.1068599671125412 1745
1728883723420 0.04503006860613823 1746
1728883727758 0.11069005727767944 1747
1728883731495 0.2533359229564667 1748
1728883735826 0.16426117718219757 1749
1728883740143 0.060241565108299255 1750
1728883744475 0.13701990246772766 1751
1728883748795 0.10040142387151718 1752
1728883753128 0.2282438576221466 1753
1728883757458 0.09406602382659912 1754
1728883761777 0.062168534845113754 1755
1728883766112 0.23510783910751343 1756
1728883770451 0.10981802642345428 1757
1728883774771 0.09543418884277344 1758
1728883779094 0.15434575080871582 1759
1728883783447 0.06364604830741882 1760
1728883787776 0.10182638466358185 1761
1728883792120 0.14120151102542877 1762
1728883796458 0.11282196640968323 1763
1728883800775 0.09230931103229523 1764
1728883805108 0.12855039536952972 1765
1728883809428 0.07430734485387802 1766
1728883813762 0.22135871648788452 1767
1728883818087 0.2491387128829956 1768
1728883822419 0.12650716304779053 1769
1728883826747 0.1044757068157196 1770
1728883831082 0.21833494305610657 1771
1728883835413 0.120430126786232 1772
1728883839738 0.10295002162456512 1773
1728883844057 0.080149345099926 1774
1728883848378 0.1068761944770813 1775
1728883852718 0.14810141921043396 1776
1728883857041 0.08301382511854172 1777
1728883861364 0.11631250381469727 1778
1728883865709 0.24935725331306458 1779
1728883870041 0.04603404179215431 1780
1728883874374 0.0850769579410553 1781
1728883878705 0.11354434490203857 1782
1728883883025 0.04299235716462135 1783
1728883887354 0.09466630965471268 1784
1728883891679 0.12328848242759705 1785
1728883896021 0.16690222918987274 1786
1728883900365 0.1541181206703186 1787
1728883904694 0.06278166174888611 1788
1728883909019 0.09428107738494873 1789
1728883913359 0.11040681600570679 1790
1728883917680 0.09171827137470245 1791
1728883922013 0.12875846028327942 1792
1728883926356 0.2775948643684387 1793
1728883930685 0.17741362750530243 1794
1728883935024 0.22335727512836456 1795
1728883939373 0.07749348878860474 1796
1728883943685 0.043998800218105316 1797
1728883948008 0.17390486598014832 1798
1728883952335 0.09239047765731812 1799
1728883956659 0.0736141949892044 1800
1728883960989 0.11591573059558868 1801
1728883965326 0.09428402781486511 1802
1728883969075 0.2891511023044586 1803
1728883973395 0.0874701738357544 1804
1728883977734 0.18512162566184998 1805
1728883982072 0.07091417908668518 1806
1728883986398 0.08359402418136597 1807
1728883990140 0.11170974373817444 1808
1728883994465 0.11540763825178146 1809
1728883998795 0.12087619304656982 1810
1728884003127 0.11804915219545364 1811
1728884007461 0.14070498943328857 1812
1728884011794 0.10800568759441376 1813
1728884016128 0.14953170716762543 1814
1728884020453 0.09381204843521118 1815
1728884024779 0.11449868232011795 1816
1728884029110 0.08129264414310455 1817
1728884033457 0.14966651797294617 1818
1728884037800 0.1102878600358963 1819
1728884041534 0.13531140983104706 1820
1728884045864 0.10620786249637604 1821
1728884050189 0.08239365369081497 1822
1728884054533 0.07782002538442612 1823
1728884058868 0.10979069769382477 1824
1728884063202 0.13443733751773834 1825
1728884067534 0.130994513630867 1826
1728884071870 0.0737965926527977 1827
1728884076179 0.12694862484931946 1828
1728884080529 0.10858866572380066 1829
1728884084858 0.20776589214801788 1830
1728884089172 0.02538108080625534 1831
1728884093486 0.008959174156188965 1832
1728884097810 0.06298830360174179 1833
1728884102143 0.11540228128433228 1834
1728884106468 0.1198008805513382 1835
1728884110811 0.11706775426864624 1836
1728884114557 0.14460676908493042 1837
1728884118881 0.060913681983947754 1838
1728884123202 0.0860503613948822 1839
1728884127538 0.08477289974689484 1840
1728884131871 0.2537665367126465 1841
1728884136194 0.0678350031375885 1842
1728884140523 0.08932414650917053 1843
1728884144849 0.10345982015132904 1844
1728884149184 0.08067914098501205 1845
1728884153508 0.12666666507720947 1846
1728884157832 0.10629119724035263 1847
1728884162159 0.07018594443798065 1848
1728884166490 0.25072556734085083 1849
1728884170819 0.11897335946559906 1850
1728884175159 0.1432822048664093 1851
1728884179481 0.08781078457832336 1852
1728884183807 0.1570645272731781 1853
1728884188145 0.11105479300022125 1854
1728884192472 0.02077551931142807 1855
1728884196806 0.2122163027524948 1856
1728884201140 0.11155378818511963 1857
1728884205467 0.22503021359443665 1858
1728884209793 0.12219798564910889 1859
1728884214121 0.09903329610824585 1860
1728884218450 0.10591520369052887 1861
1728884222790 0.2114945352077484 1862
1728884226530 0.031957317143678665 1863
1728884230841 0.10412587225437164 1864
1728884235163 0.08716125786304474 1865
1728884239477 0.01970573142170906 1866
1728884243812 0.14871986210346222 1867
1728884248143 0.12294270843267441 1868
1728884252469 0.10430203378200531 1869
1728884256801 0.06230556219816208 1870
1728884261150 0.1267339587211609 1871
1728884265496 0.10030107200145721 1872
1728884269827 0.15147680044174194 1873
1728884274158 0.1340574324131012 1874
1728884277882 0.13260026276111603 1875
1728884282216 0.06223040446639061 1876
1728884286554 0.1178574338555336 1877
1728884290303 0.17046505212783813 1878
1728884294629 0.09879036247730255 1879
1728884298965 0.11329017579555511 1880
1728884303289 0.0689472183585167 1881
1728884307621 0.12391559779644012 1882
1728884311956 0.276014119386673 1883
1728884316287 0.10769060254096985 1884
1728884320629 0.12439440190792084 1885
1728884324961 0.16826596856117249 1886
1728884329275 0.028562244027853012 1887
1728884333604 0.09262692183256149 1888
1728884337935 0.10597061365842819 1889
1728884342265 0.11930930614471436 1890
1728884346591 0.14248397946357727 1891
1728884350926 0.1204221099615097 1892
1728884355248 0.03601647913455963 1893
1728884359586 0.11547080427408218 1894
1728884363918 0.1650378704071045 1895
1728884368258 0.17978109419345856 1896
1728884372589 0.09978000819683075 1897
1728884376929 0.12032861262559891 1898
1728884381266 0.07679925858974457 1899
1728884385583 0.08269094675779343 1900
1728884389915 0.13022106885910034 1901
1728884394262 0.1610337495803833 1902
1728884398602 0.08550836890935898 1903
1728884402344 0.14293155074119568 1904
1728884406692 0.10367607325315475 1905
1728884411042 0.2643823027610779 1906
1728884414787 0.6842629909515381 1907
1728884419135 0.10012586414813995 1908
1728884422883 0.18617230653762817 1909
1728884427195 0.04823792353272438 1910
1728884431534 0.1718786060810089 1911
1728884435869 0.10863679647445679 1912
1728884440189 0.11395217478275299 1913
1728884444540 0.1427508145570755 1914
1728884448865 0.12156084179878235 1915
1728884453193 0.15192288160324097 1916
1728884457527 0.09482326358556747 1917
1728884461857 0.10298632830381393 1918
1728884465593 0.06116582453250885 1919
1728884469914 0.10620763897895813 1920
1728884474264 0.24556833505630493 1921
1728884478595 0.09377018362283707 1922
1728884482938 0.16638515889644623 1923
1728884487286 0.11044053733348846 1924
1728884491043 0.25115132331848145 1925
1728884495367 0.07381147146224976 1926
1728884499702 0.12447620183229446 1927
1728884504041 0.1729876548051834 1928
1728884508372 0.09163501113653183 1929
1728884512714 0.07526136934757233 1930
1728884517052 0.0936225950717926 1931
1728884521384 0.11819453537464142 1932
1728884525120 0.046235013753175735 1933
1728884529458 0.14042212069034576 1934
1728884533207 0.22008942067623138 1935
1728884537542 0.13112038373947144 1936
1728884541866 0.08392392098903656 1937
1728884545608 0.13683417439460754 1938
1728884549933 0.12045027315616608 1939
1728884553663 0.301443487405777 1940
1728884557992 0.12958623468875885 1941
1728884562334 0.14076164364814758 1942
1728884566669 0.10457298159599304 1943
1728884570988 0.10164469480514526 1944
1728884575327 0.12207901477813721 1945
1728884579663 0.14421266317367554 1946
1728884584016 0.27562111616134644 1947
1728884588352 0.31345951557159424 1948
1728884592685 0.07871588319540024 1949
1728884597008 0.10070313513278961 1950
1728884601336 0.08156444132328033 1951
1728884605658 0.12467306852340698 1952
1728884609975 0.02524348720908165 1953
1728884614308 0.14155879616737366 1954
1728884618650 0.21147644519805908 1955
1728884622988 0.0859651118516922 1956
1728884627310 0.10445521771907806 1957
1728884631640 0.07610344886779785 1958
1728884635971 0.2366122305393219 1959
1728884640294 0.14458920061588287 1960
1728884644629 0.09432701766490936 1961
1728884648364 0.13733027875423431 1962
1728884652111 0.38477209210395813 1963
1728884656449 0.11273601651191711 1964
1728884660771 0.08714310824871063 1965
1728884665098 0.11987252533435822 1966
1728884669423 0.05831640958786011 1967
1728884673736 0.1728430688381195 1968
1728884678064 0.15086768567562103 1969
1728884682397 0.29931512475013733 1970
1728884686734 0.11750942468643188 1971
1728884691071 0.18364505469799042 1972
1728884695390 0.06027330458164215 1973
1728884699708 0.14096926152706146 1974
1728884704041 0.17805412411689758 1975
1728884708377 0.14869126677513123 1976
1728884712704 0.11665226519107819 1977
1728884717030 0.08784031867980957 1978
1728884720766 0.08438315242528915 1979
1728884725097 0.1432436853647232 1980
1728884729422 0.09482841938734055 1981
1728884733146 0.04519841447472572 1982
1728884737472 0.0739300400018692 1983
1728884741813 0.12440811097621918 1984
1728884745550 0.12735483050346375 1985
1728884749892 0.06123277172446251 1986
1728884754233 0.11797371506690979 1987
1728884758561 0.08666975796222687 1988
1728884762888 0.17503298819065094 1989
1728884767220 0.10496284067630768 1990
1728884770968 0.535429835319519 1991
1728884775305 0.1911601424217224 1992
1728884779652 0.3987222909927368 1993
1728884783983 0.14119374752044678 1994
1728884788341 0.10977660119533539 1995
1728884792669 0.07747305929660797 1996
1728884796994 0.10795024782419205 1997
1728884801311 0.1334153562784195 1998
1728884805632 0.06067313998937607 1999
1728884811229 0.10231117159128189 2000
1728885141434 0.09772956371307373 2001
1728885145738 0.12404388934373856 2002
1728885150038 0.0857991874217987 2003
1728885154333 0.11354691535234451 2004
1728885158040 0.09002465009689331 2005
1728885162337 0.034257832914590836 2006
1728885166640 0.10661731660366058 2007
1728885170958 0.08414308726787567 2008
1728885175263 0.23762835562229156 2009
1728885179565 0.13136273622512817 2010
1728885183866 0.08735255151987076 2011
1728885188170 0.16117823123931885 2012
1728885192468 0.13904616236686707 2013
1728885196768 0.1317954659461975 2014
1728885201072 0.2859348654747009 2015
1728885205375 0.09371250867843628 2016
1728885209677 0.10260991752147675 2017
1728885213981 0.09580530971288681 2018
1728885218288 0.07918249070644379 2019
1728885222614 0.12383359670639038 2020
1728885226920 0.08823555707931519 2021
1728885231237 0.22280263900756836 2022
1728885235550 0.09148052334785461 2023
1728885239861 0.08870276808738708 2024
1728885244169 0.11828330159187317 2025
1728885248468 0.08076782524585724 2026
1728885252786 0.17455264925956726 2027
1728885257092 0.09447717666625977 2028
1728885261391 0.07466035336256027 2029
1728885265710 0.10908043384552002 2030
1728885270015 0.09304137527942657 2031
1728885274329 0.06996652483940125 2032
1728885278665 0.09029403328895569 2033
1728885282976 0.15486714243888855 2034
1728885287294 0.13239851593971252 2035
1728885291030 0.2127930372953415 2036
1728885295356 0.16812759637832642 2037
1728885299676 0.1368800401687622 2038
1728885304001 0.09963738918304443 2039
1728885308321 0.19249261915683746 2040
1728885312644 0.12620428204536438 2041
1728885316960 0.057442598044872284 2042
1728885321298 0.06841828674077988 2043
1728885325644 0.1030932068824768 2044
1728885329977 0.06955958157777786 2045
1728885334322 0.12224502861499786 2046
1728885338666 0.073073610663414 2047
1728885342989 0.059500761330127716 2048
1728885347326 0.13604958355426788 2049
1728885351666 0.08254310488700867 2050
1728885355408 0.04748062416911125 2051
1728885359738 0.1329108476638794 2052
1728885364068 0.0315072238445282 2053
1728885368403 0.09975973516702652 2054
1728885372756 0.2940458655357361 2055
1728885377082 0.08316563069820404 2056
1728885381425 0.09326322376728058 2057
1728885385779 0.17423050105571747 2058
1728885390117 0.12423929572105408 2059
1728885394457 0.10427823662757874 2060
1728885398793 0.1324036568403244 2061
1728885403126 0.14490312337875366 2062
1728885407458 0.11672947555780411 2063
1728885411784 0.11574293673038483 2064
1728885416108 0.09147585928440094 2065
1728885420448 0.07849842309951782 2066
1728885424778 0.042233094573020935 2067
1728885429124 0.17269912362098694 2068
1728885432876 0.19938093423843384 2069
1728885437208 0.02954293042421341 2070
1728885441551 0.165091872215271 2071
1728885445883 0.1415559947490692 2072
1728885450219 0.14715218544006348 2073
1728885454550 0.10809046775102615 2074
1728885458891 0.13289804756641388 2075
1728885463222 0.12411803752183914 2076
1728885467562 0.09668396413326263 2077
1728885471896 0.10521171987056732 2078
1728885476211 0.107817143201828 2079
1728885480558 0.0853392705321312 2080
1728885484898 0.0895797461271286 2081
1728885489227 0.09272149205207825 2082
1728885493557 0.1033288836479187 2083
1728885497885 0.11339153349399567 2084
1728885502200 0.018533099442720413 2085
1728885506534 0.12062609195709229 2086
1728885510858 0.019599786028265953 2087
1728885515195 0.32204386591911316 2088
1728885519539 0.13716475665569305 2089
1728885523879 0.09756581485271454 2090
1728885528222 0.1505429595708847 2091
1728885532551 0.09709422290325165 2092
1728885536880 0.1164001077413559 2093
1728885541235 0.11154910176992416 2094
1728885545578 0.03717489913105965 2095
1728885549917 0.09750446677207947 2096
1728885554266 0.14736641943454742 2097
1728885558608 0.15122561156749725 2098
1728885562942 0.11258885264396667 2099
1728885567274 0.08089164644479752 2100
1728885571601 0.09802436828613281 2101
1728885575921 0.07268127799034119 2102
1728885579655 0.105681411921978 2103
1728885583399 0.09330114722251892 2104
1728885587738 0.14414726197719574 2105
1728885592076 0.10120201110839844 2106
1728885596408 0.10859759151935577 2107
1728885600753 0.11528107523918152 2108
1728885605083 0.09167657792568207 2109
1728885609435 0.15399697422981262 2110
1728885613770 0.11026722192764282 2111
1728885618106 0.12823955714702606 2112
1728885621855 0.12785562872886658 2113
1728885626181 0.062146514654159546 2114
1728885630512 0.16321778297424316 2115
1728885634839 0.0957297682762146 2116
1728885639183 0.11766041815280914 2117
1728885643519 0.1398473083972931 2118
1728885647878 0.16189002990722656 2119
1728885652247 0.11303699016571045 2120
1728885655992 0.4275447428226471 2121
1728885660321 0.07910266518592834 2122
1728885664059 0.11245477199554443 2123
1728885668401 0.12570911645889282 2124
1728885672754 0.12152066826820374 2125
1728885677087 0.1969781517982483 2126
1728885680822 0.13993307948112488 2127
1728885685161 0.25049111247062683 2128
1728885689495 0.091498002409935 2129
1728885693843 0.15871281921863556 2130
1728885698181 0.251741886138916 2131
1728885702505 0.045143235474824905 2132
1728885706258 0.365142285823822 2133
1728885710602 0.20348381996154785 2134
1728885714944 0.09172078222036362 2135
1728885719275 0.09994015097618103 2136
1728885723605 0.1844816952943802 2137
1728885727931 0.06535668671131134 2138
1728885732261 0.09478996694087982 2139
1728885736612 0.5905814170837402 2140
1728885740943 0.07241605222225189 2141
1728885745296 0.09694482386112213 2142
1728885749631 0.09860348701477051 2143
1728885753966 0.09905196726322174 2144
1728885758300 0.06034199148416519 2145
1728885762651 0.1621558666229248 2146
1728885767007 0.0783718079328537 2147
1728885771343 0.11480404436588287 2148
1728885775667 0.10823461413383484 2149
1728885779418 0.08869358897209167 2150
1728885783756 0.09490987658500671 2151
1728885788103 0.19315975904464722 2152
1728885791841 0.12078236043453217 2153
1728885795581 0.20631860196590424 2154
1728885799912 0.17296652495861053 2155
1728885804243 0.062274351716041565 2156
1728885808573 0.12427373230457306 2157
1728885812904 0.08091401308774948 2158
1728885817247 0.10381542146205902 2159
1728885821582 0.10722016543149948 2160
1728885825329 0.4787840247154236 2161
1728885829675 0.09693273901939392 2162
1728885833417 0.22953635454177856 2163
1728885837757 0.10186632722616196 2164
1728885842102 0.10749587416648865 2165
1728885846444 0.10857543349266052 2166
1728885850792 0.10866963863372803 2167
1728885854538 0.11267481744289398 2168
1728885858284 0.44194355607032776 2169
1728885862628 0.08959262073040009 2170
1728885866965 0.0944732278585434 2171
1728885871310 0.11685345321893692 2172
1728885875057 0.13285550475120544 2173
1728885879391 0.16468507051467896 2174
1728885883720 0.1249614879488945 2175
1728885888058 0.11774343252182007 2176
1728885892393 0.13472804427146912 2177
1728885896737 0.0474478118121624 2178
1728885901076 0.08151771128177643 2179
1728885905404 0.04991009831428528 2180
1728885909141 0.16603824496269226 2181
1728885913479 0.07250715047121048 2182
1728885917808 0.09945705533027649 2183
1728885922135 0.06693205237388611 2184
1728885926479 0.1020655483007431 2185
1728885930814 0.17132997512817383 2186
1728885935155 0.1108689159154892 2187
1728885939498 0.1629880964756012 2188
1728885943841 0.09095603227615356 2189
1728885948182 0.1665000319480896 2190
1728885952510 0.07201489806175232 2191
1728885956871 0.2693765163421631 2192
1728885961205 0.12644284963607788 2193
1728885964949 0.1203647255897522 2194
1728885969287 0.0709354430437088 2195
1728885973616 0.08382996916770935 2196
1728885977951 0.020225854590535164 2197
1728885982286 0.10286899656057358 2198
1728885986617 0.09349040687084198 2199
1728885990957 0.1594422459602356 2200
1728885995304 0.09991850703954697 2201
1728885999059 0.1421855241060257 2202
1728886003376 0.02423899620771408 2203
1728886007709 0.09461013972759247 2204
1728886012038 0.07116766273975372 2205
1728886016379 0.08778499066829681 2206
1728886020690 0.04999736696481705 2207
1728886025029 0.08105742931365967 2208
1728886029368 0.09693465381860733 2209
1728886033711 0.10996440052986145 2210
1728886037456 0.32310229539871216 2211
1728886041768 0.05283024162054062 2212
1728886046100 0.12057819962501526 2213
1728886050439 0.10003645718097687 2214
1728886054160 0.4674944281578064 2215
1728886058496 0.11164860427379608 2216
1728886062824 0.21293947100639343 2217
1728886067158 0.1103397011756897 2218
1728886071490 0.06585416942834854 2219
1728886075831 0.16343306005001068 2220
1728886080166 0.09502816200256348 2221
1728886083897 0.0776565670967102 2222
1728886088227 0.18025697767734528 2223
1728886092556 0.24138084053993225 2224
1728886096884 0.12554210424423218 2225
1728886101214 0.13332125544548035 2226
1728886105533 0.05191701650619507 2227
1728886109881 0.08233235776424408 2228
1728886114205 0.05650409311056137 2229
1728886118546 0.1256665140390396 2230
1728886122283 0.05469251424074173 2231
1728886126613 0.12214574962854385 2232
1728886130364 0.1254836469888687 2233
1728886134691 0.09451054036617279 2234
1728886139026 0.22516372799873352 2235
1728886143356 0.07761670649051666 2236
1728886147690 0.1723230630159378 2237
1728886152038 0.26345470547676086 2238
1728886155785 0.13102421164512634 2239
1728886160117 0.11829270422458649 2240
1728886164449 0.1759176254272461 2241
1728886168782 0.08664002269506454 2242
1728886173121 0.13339605927467346 2243
1728886177466 0.0855848491191864 2244
1728886181770 0.005268551409244537 2245
1728886186105 0.2025449424982071 2246
1728886190429 0.11798831820487976 2247
1728886194764 0.2422875463962555 2248
1728886198506 0.18273788690567017 2249
1728886202835 0.014511356130242348 2250
1728886207165 0.06985775381326675 2251
1728886211485 0.06577282398939133 2252
1728886215224 0.08870314806699753 2253
1728886219567 0.050432413816452026 2254
1728886223895 0.10677140951156616 2255
1728886228219 0.07243996858596802 2256
1728886232554 0.1143999993801117 2257
1728886236888 0.10361547768115997 2258
1728886241213 0.10165811330080032 2259
1728886245548 0.07379861176013947 2260
1728886249874 0.06533391028642654 2261
1728886254177 0.11070302873849869 2262
1728886258484 0.05340961739420891 2263
1728886262815 0.11320297420024872 2264
1728886267150 0.10569927096366882 2265
1728886271475 0.09751765429973602 2266
1728886275809 0.06294052302837372 2267
1728886280134 0.12294011563062668 2268
