1728982576693 0.15953263640403748 1
1728982578577 0.18112628161907196 2
1728982580403 0.15891918540000916 3
1728982582228 0.16088426113128662 4
1728982584067 0.1538095474243164 5
1728982585904 0.2073841094970703 6
1728982587743 0.17537224292755127 7
1728982589568 0.1870628148317337 8
1728982591398 0.13133251667022705 9
1728982593236 0.1564980447292328 10
1728982595064 0.19401291012763977 11
1728982596893 0.11589743196964264 12
1728982598730 0.17695346474647522 13
1728982600560 0.16911154985427856 14
1728982602390 0.2116723656654358 15
1728982604238 0.1608293354511261 16
1728982606077 0.16234955191612244 17
1728982607914 0.16715413331985474 18
1728982609754 0.16564878821372986 19
1728982611590 0.21725386381149292 20
1728982613430 0.37647509574890137 21
1728982615274 0.17427058517932892 22
1728982617124 0.18054237961769104 23
1728982618983 0.1853468269109726 24
1728982620833 0.1937679946422577 25
1728982622682 0.17486412823200226 26
1728982624527 0.16864244639873505 27
1728982626369 0.17588520050048828 28
1728982628213 0.1829969733953476 29
1728982630067 0.17741575837135315 30
1728982631914 0.19535890221595764 31
1728982633764 0.14840546250343323 32
1728982635612 0.13409793376922607 33
1728982637459 0.16987532377243042 34
1728982639307 0.22354277968406677 35
1728982641166 0.19274264574050903 36
1728982643014 0.15004535019397736 37
1728982644868 0.15253934264183044 38
1728982646720 0.19338250160217285 39
1728982648567 0.18285821378231049 40
1728982650415 0.16285046935081482 41
1728982652265 0.1343848705291748 42
1728982654111 0.1907750517129898 43
1728982655962 0.19134317338466644 44
1728982657810 0.16823787987232208 45
1728982659664 0.19578352570533752 46
1728982661518 0.15122778713703156 47
1728982663368 0.1937132179737091 48
1728982665219 0.19741928577423096 49
1728982667068 0.17292603850364685 50
1728982668918 0.1416136622428894 51
1728982670770 0.18069572746753693 52
1728982672616 0.1529821753501892 53
1728982674466 0.1685163974761963 54
1728982676317 0.18102747201919556 55
1728982678180 0.16192308068275452 56
1728982680033 0.18624109029769897 57
1728982681886 0.17682278156280518 58
1728982683736 0.13633716106414795 59
1728982685591 0.13880011439323425 60
1728982687442 0.17348343133926392 61
1728982689295 0.1559317260980606 62
1728982691147 0.19101616740226746 63
1728982693004 0.1904878318309784 64
1728982694857 0.15062600374221802 65
1728982696714 0.15117792785167694 66
1728982698569 0.1922544240951538 67
1728982700418 0.13447587192058563 68
1728982702276 0.22302201390266418 69
1728982704126 0.17745840549468994 70
1728982705979 0.19196078181266785 71
1728982707831 0.16656942665576935 72
1728982709686 0.1687777042388916 73
1728982711544 0.1816841959953308 74
1728982713401 0.17059439420700073 75
1728982715253 0.1799374520778656 76
1728982717106 0.26372700929641724 77
1728982718967 0.1453278362751007 78
1728982720817 0.1901533454656601 79
1728982722665 0.13698717951774597 80
1728982724520 0.12002281099557877 81
1728982726380 0.13230352103710175 82
1728982728231 0.18302717804908752 83
1728982730084 0.14937186241149902 84
1728982731935 0.15162569284439087 85
1728982733787 0.3254232704639435 86
1728982735642 0.16432297229766846 87
1728982737498 0.1569143533706665 88
1728982739353 0.16522851586341858 89
1728982741205 0.14121395349502563 90
1728982743059 0.19938984513282776 91
1728982744912 0.23272939026355743 92
1728982746759 0.17951303720474243 93
1728982748613 0.2202431857585907 94
1728982750475 0.18712763488292694 95
1728982752323 0.14152665436267853 96
1728982754178 0.19528278708457947 97
1728982756031 0.15125161409378052 98
1728982757883 0.191070556640625 99
1728982759733 0.18614545464515686 100
1728982761593 0.1721147894859314 101
1728982763440 0.1956557035446167 102
1728982765289 0.24667727947235107 103
1728982767143 0.17610187828540802 104
1728982768997 0.19184494018554688 105
1728982770846 0.1611728072166443 106
1728982772703 0.20010606944561005 107
1728982774556 0.19626590609550476 108
1728982776412 0.16263656318187714 109
1728982778276 0.18916091322898865 110
1728982780126 0.22133466601371765 111
1728982782132 0.15140148997306824 112
1728982783995 0.18960818648338318 113
1728982785847 0.18698734045028687 114
1728982787704 0.1606040894985199 115
1728982789553 0.1864347904920578 116
1728982791409 0.2512699365615845 117
1728982793262 0.23202653229236603 118
1728982795112 0.2216288298368454 119
1728982796975 0.16851791739463806 120
1728982798829 0.1639333814382553 121
1728982800684 0.2274646759033203 122
1728982802538 0.13652199506759644 123
1728982804392 0.17711225152015686 124
1728982806258 0.1980767846107483 125
1728982808110 0.2172633707523346 126
1728982809960 0.15993577241897583 127
1728982811818 0.18673516809940338 128
1728982813676 0.18133799731731415 129
1728982815531 0.20332884788513184 130
1728982817385 0.18843179941177368 131
1728982819233 0.1713121235370636 132
1728982821087 0.18089112639427185 133
1728982822939 0.19699892401695251 134
1728982824795 0.1722060739994049 135
1728982826637 0.16126778721809387 136
1728982828492 0.17001038789749146 137
1728982830340 0.18106132745742798 138
1728982832196 0.17149415612220764 139
1728982834047 0.14719060063362122 140
1728982835895 0.17509818077087402 141
1728982837743 0.14158934354782104 142
1728982839596 0.17419017851352692 143
1728982841450 0.16035096347332 144
1728982843304 0.15635907649993896 145
1728982845154 0.16077327728271484 146
1728982847008 0.1758245974779129 147
1728982848860 0.19054913520812988 148
1728982850713 0.14898031949996948 149
1728982852558 0.13848555088043213 150
1728982854412 0.17446264624595642 151
1728982856264 0.1625903844833374 152
1728982858110 0.20170417428016663 153
1728982859968 0.16932322084903717 154
1728982861819 0.2955181300640106 155
1728982863677 0.15805745124816895 156
1728982865535 0.21601220965385437 157
1728982867385 0.17365795373916626 158
1728982869238 0.13146108388900757 159
1728982871093 0.17738674581050873 160
1728982872944 0.15412259101867676 161
1728982874800 0.15295684337615967 162
1728982876648 0.15953972935676575 163
1728982878495 0.20113328099250793 164
1728982880340 0.17602388560771942 165
1728982882187 0.2208046168088913 166
1728982884033 0.2197341024875641 167
1728982885883 0.16278953850269318 168
1728982887837 0.16384011507034302 169
1728982889688 0.17332467436790466 170
1728982891538 0.16750535368919373 171
1728982893389 0.1828581541776657 172
1728982895238 0.1846332848072052 173
1728982897090 0.1429234892129898 174
1728982898947 0.18297165632247925 175
1728982900796 0.17891211807727814 176
1728982902651 0.16696515679359436 177
1728982904502 0.14463570713996887 178
1728982906359 0.18420922756195068 179
1728982908207 0.1901051104068756 180
1728982910054 0.13245642185211182 181
1728982911901 0.19543474912643433 182
1728982913754 0.143267422914505 183
1728982915603 0.21472108364105225 184
1728982917452 0.16628262400627136 185
1728982919307 0.2030722200870514 186
1728982921157 0.17087909579277039 187
1728982923004 0.14961673319339752 188
1728982924856 0.21397855877876282 189
1728982926704 0.18060356378555298 190
1728982928551 0.17184606194496155 191
1728982930397 0.17579486966133118 192
1728982932246 0.17697760462760925 193
1728982934099 0.20188727974891663 194
1728982935950 0.15851280093193054 195
1728982937797 0.2109551578760147 196
1728982939650 0.15409976243972778 197
1728982941498 0.16632062196731567 198
1728982943347 0.1819206178188324 199
1728982945202 0.19315195083618164 200
1728982947054 0.16157323122024536 201
1728982948910 0.1782614290714264 202
1728982950757 0.16938531398773193 203
1728982952610 0.1772172749042511 204
1728982954459 0.22380097210407257 205
1728982956316 0.16050148010253906 206
1728982958168 0.1565660834312439 207
1728982960019 0.19137504696846008 208
1728982961871 0.14812903106212616 209
1728982963720 0.16421188414096832 210
1728982965595 0.18054333329200745 211
1728982967446 0.19653312861919403 212
1728982969298 0.16605591773986816 213
1728982971152 0.18857795000076294 214
1728982973005 0.17141377925872803 215
1728982974860 0.17018455266952515 216
1728982976709 0.22763606905937195 217
1728982978567 0.18294137716293335 218
1728982980417 0.17451730370521545 219
1728982982267 0.22038371860980988 220
1728982984120 0.15808099508285522 221
1728982985973 0.19482718408107758 222
1728982987830 0.2315692901611328 223
1728982989679 0.302015483379364 224
1728982991536 0.2029993236064911 225
1728982993389 0.15230412781238556 226
1728982995236 0.13252216577529907 227
1728982997087 0.17172656953334808 228
1728982998943 0.17459681630134583 229
1728983000796 0.1764412820339203 230
1728983002644 0.17924682796001434 231
1728983004491 0.1781524121761322 232
1728983006345 0.14791914820671082 233
1728983008192 0.15818668901920319 234
1728983010044 0.18513409793376923 235
1728983011885 0.2086331844329834 236
1728983013740 0.1516437530517578 237
1728983015592 0.12430238723754883 238
1728983017441 0.2023601084947586 239
1728983019295 0.19613662362098694 240
1728983021145 0.1933678835630417 241
1728983022997 0.193374902009964 242
1728983024849 0.1408730149269104 243
1728983026704 0.15280801057815552 244
1728983028557 0.18278655409812927 245
1728983030408 0.1441180408000946 246
1728983032266 0.15273568034172058 247
1728983034118 0.15123707056045532 248
1728983035967 0.14012539386749268 249
1728983037817 0.22455522418022156 250
1728983039666 0.2066817581653595 251
1728983041515 0.18915951251983643 252
1728983043372 0.16086235642433167 253
1728983045231 0.14983388781547546 254
1728983047088 0.18526391685009003 255
1728983048941 0.1982061266899109 256
1728983050795 0.18163704872131348 257
1728983052649 0.18703188002109528 258
1728983054503 0.18728485703468323 259
1728983056351 0.17162148654460907 260
1728983058204 0.1843816339969635 261
1728983060050 0.14997312426567078 262
1728983061899 0.2514433264732361 263
1728983063752 0.1410793662071228 264
1728983065600 0.18737933039665222 265
1728983067450 0.1858905702829361 266
1728983069305 0.3166097402572632 267
1728983071155 0.19496381282806396 268
1728983073007 0.2539166808128357 269
1728983074856 0.16487836837768555 270
1728983076707 0.1591130942106247 271
1728983078564 0.19510048627853394 272
1728983080415 0.1821615993976593 273
1728983082273 0.16857947409152985 274
1728983084122 0.17035892605781555 275
1728983085975 0.19023114442825317 276
1728983087828 0.19157806038856506 277
1728983089678 0.14153456687927246 278
1728983091533 0.21518321335315704 279
1728983093385 0.19452127814292908 280
1728983095237 0.20097874104976654 281
1728983097085 0.17347753047943115 282
1728983098938 0.12387944012880325 283
1728983100775 0.1723126769065857 284
1728983102619 0.17758777737617493 285
1728983104471 0.16472052037715912 286
1728983106323 0.21362170577049255 287
1728983108181 0.15251964330673218 288
1728983110030 0.2102242112159729 289
1728983111878 0.16134397685527802 290
1728983113729 0.14755402505397797 291
1728983115576 0.18566519021987915 292
1728983117421 0.1373189091682434 293
1728983119270 0.151349276304245 294
1728983121115 0.20300811529159546 295
1728983122964 0.17076194286346436 296
1728983124917 0.13305488228797913 297
1728983126767 0.18443460762500763 298
1728983128625 0.22611971199512482 299
1728983130477 0.1552978754043579 300
1728983132333 0.1950272023677826 301
1728983134178 0.19888873398303986 302
1728983136028 0.23261889815330505 303
1728983137878 0.16859981417655945 304
1728983139728 0.18493586778640747 305
1728983141581 0.14449357986450195 306
1728983143428 0.14686046540737152 307
1728983145274 0.19733694195747375 308
1728983147123 0.15802186727523804 309
1728983148966 0.18076032400131226 310
1728983150818 0.28772932291030884 311
1728983152671 0.16055965423583984 312
1728983154527 0.1500329077243805 313
1728983156375 0.16138097643852234 314
1728983158227 0.1995818316936493 315
1728983160080 0.17220312356948853 316
1728983161931 0.1326919049024582 317
1728983163779 0.17113184928894043 318
1728983165631 0.18779277801513672 319
1728983167480 0.1935509890317917 320
1728983169329 0.1567257046699524 321
1728983171177 0.1669059693813324 322
1728983173023 0.15818160772323608 323
1728983174877 0.2500365972518921 324
1728983176726 0.1857721507549286 325
1728983178575 0.12779439985752106 326
1728983180425 0.2247665673494339 327
1728983182274 0.19672183692455292 328
1728983184125 0.17792530357837677 329
1728983185982 0.14562371373176575 330
1728983187840 0.14629778265953064 331
1728983189687 0.23203206062316895 332
1728983191539 0.24417570233345032 333
1728983193393 0.17262664437294006 334
1728983195241 0.14430934190750122 335
1728983197094 0.27092963457107544 336
1728983198955 0.2101481556892395 337
1728983200802 0.2030731439590454 338
1728983202648 0.19543932378292084 339
1728983204564 0.20260366797447205 340
1728983206418 0.2733537554740906 341
1728983208277 0.14753085374832153 342
1728983210125 0.1710325926542282 343
1728983211976 0.1886255443096161 344
1728983213831 0.2137720286846161 345
1728983215680 0.255660742521286 346
1728983217534 0.19883044064044952 347
1728983219384 0.19267112016677856 348
1728983221239 0.28312745690345764 349
1728983223089 0.1714085340499878 350
1728983224940 0.18759043514728546 351
1728983226788 0.1435871571302414 352
1728983228636 0.18064254522323608 353
1728983230490 0.16920071840286255 354
1728983232335 0.14986702799797058 355
1728983234188 0.16452781856060028 356
1728983236043 0.14976400136947632 357
1728983237899 0.20562314987182617 358
1728983239750 0.1724957525730133 359
1728983241614 0.13230758905410767 360
1728983243465 0.1966332495212555 361
1728983245317 0.16130462288856506 362
1728983247169 0.17589542269706726 363
1728983249024 0.17512695491313934 364
1728983250875 0.1560116410255432 365
1728983252729 0.17206153273582458 366
1728983254580 0.15480780601501465 367
1728983256432 0.17608840763568878 368
1728983258280 0.17373685538768768 369
1728983260131 0.1580885946750641 370
1728983261988 0.20996636152267456 371
1728983263836 0.18826773762702942 372
1728983265687 0.2208131104707718 373
1728983267536 0.18726901710033417 374
1728983269390 0.1342242956161499 375
1728983271243 0.16282020509243011 376
1728983273095 0.1806820183992386 377
1728983274941 0.19597700238227844 378
1728983276794 0.2121155858039856 379
1728983278647 0.22090047597885132 380
1728983280495 0.18049980700016022 381
1728983282342 0.1428017020225525 382
1728983284189 0.16238749027252197 383
1728983286040 0.15087264776229858 384
1728983287897 0.1718350499868393 385
1728983289748 0.1843348890542984 386
1728983291600 0.17419783771038055 387
1728983293449 0.2175990641117096 388
1728983295302 0.161444753408432 389
1728983297153 0.16023904085159302 390
1728983299003 0.20176374912261963 391
1728983300853 0.19018471240997314 392
1728983302706 0.15331144630908966 393
1728983304555 0.21455375850200653 394
1728983306410 0.220317542552948 395
1728983308261 0.18152837455272675 396
1728983310114 0.2057146579027176 397
1728983311964 0.16871339082717896 398
1728983313813 0.22631476819515228 399
1728983315661 0.17728348076343536 400
1728983317511 0.16946548223495483 401
1728983319362 0.1794198453426361 402
1728983321212 0.2728407382965088 403
1728983323063 0.18602706491947174 404
1728983324916 0.20133906602859497 405
1728983326770 0.18267586827278137 406
1728983328621 0.18623879551887512 407
1728983330487 0.18267716467380524 408
1728983332339 0.2153102457523346 409
1728983334194 0.2252923548221588 410
1728983336051 0.15762248635292053 411
1728983337905 0.18589866161346436 412
1728983339760 0.16328558325767517 413
1728983341610 0.17442327737808228 414
1728983343464 0.16503503918647766 415
1728983345320 0.20148113369941711 416
1728983347168 0.27434489130973816 417
1728983349019 0.19438302516937256 418
1728983350881 0.20355713367462158 419
1728983352730 0.17607030272483826 420
1728983354583 0.20359203219413757 421
1728983356434 0.18283072113990784 422
1728983358283 0.15535445511341095 423
1728983360145 0.16214513778686523 424
1728983362004 0.24771493673324585 425
1728983363862 0.16878528892993927 426
1728983365716 0.1488141417503357 427
1728983367566 0.15287846326828003 428
1728983369415 0.11549564450979233 429
1728983371263 0.17993339896202087 430
1728983373113 0.1604684293270111 431
1728983374972 0.1840529441833496 432
1728983376827 0.19410619139671326 433
1728983378681 0.15448084473609924 434
1728983380529 0.13854508101940155 435
1728983382381 0.15732766687870026 436
1728983384233 0.1484459638595581 437
1728983386082 0.25583216547966003 438
1728983387938 0.1708172708749771 439
1728983389786 0.1304323524236679 440
1728983391636 0.167349174618721 441
1728983393486 0.1950913965702057 442
1728983395337 0.19907720386981964 443
1728983397184 0.18446867167949677 444
1728983399036 0.1667315661907196 445
1728983400889 0.2424277663230896 446
1728983402739 0.16309256851673126 447
1728983404588 0.13794685900211334 448
1728983406447 0.16301892697811127 449
1728983408296 0.140302374958992 450
1728983410144 0.13943684101104736 451
1728983411998 0.21161934733390808 452
1728983413854 0.21445295214653015 453
1728983415702 0.22381332516670227 454
1728983417549 0.13177239894866943 455
1728983419399 0.16401097178459167 456
1728983421250 0.19444632530212402 457
1728983423101 0.14863422513008118 458
1728983424957 0.19277697801589966 459
1728983426808 0.12306655198335648 460
1728983428663 0.1613362729549408 461
1728983430512 0.18120314180850983 462
1728983432359 0.2223215401172638 463
1728983434208 0.20707976818084717 464
1728983436054 0.1855943500995636 465
1728983437908 0.16792908310890198 466
1728983439760 0.1776537150144577 467
1728983441606 0.14402523636817932 468
1728983443468 0.15100771188735962 469
1728983445321 0.2019903063774109 470
1728983447173 0.2043491154909134 471
1728983449029 0.20395654439926147 472
1728983450879 0.16281625628471375 473
1728983452734 0.15817028284072876 474
1728983454595 0.21964658796787262 475
1728983456447 0.18712633848190308 476
1728983458297 0.17629456520080566 477
1728983460148 0.21027103066444397 478
1728983462000 0.16518454253673553 479
1728983463856 0.16033807396888733 480
1728983465707 0.14926445484161377 481
1728983467665 0.16799025237560272 482
1728983469517 0.18051040172576904 483
1728983471371 0.1724303811788559 484
1728983473221 0.20619356632232666 485
1728983475068 0.13609814643859863 486
1728983476920 0.17154310643672943 487
1728983478765 0.2781570851802826 488
1728983480616 0.1703033149242401 489
1728983482465 0.220396026968956 490
1728983484316 0.15715977549552917 491
1728983486166 0.16322864592075348 492
1728983488017 0.16775678098201752 493
1728983489863 0.12674833834171295 494
1728983491711 0.17025813460350037 495
1728983493568 0.1811361163854599 496
1728983495422 0.16027037799358368 497
1728983497274 0.2250637710094452 498
1728983499120 0.16395869851112366 499
1728983500972 0.180710107088089 500
1728983502825 0.1913483738899231 501
1728983504671 0.16367141902446747 502
1728983506524 0.22166049480438232 503
1728983508374 0.18778929114341736 504
1728983510228 0.17688633501529694 505
1728983512082 0.17695775628089905 506
1728983513936 0.16012459993362427 507
1728983515791 0.1686795949935913 508
1728983517644 0.1522984504699707 509
1728983519501 0.25586649775505066 510
1728983521352 0.14206290245056152 511
1728983523201 0.19964458048343658 512
1728983525120 0.17791450023651123 513
1728983526964 0.16957145929336548 514
1728983528820 0.1805649697780609 515
1728983530669 0.18624618649482727 516
1728983532525 0.21299606561660767 517
1728983534376 0.23497998714447021 518
1728983536226 0.13430669903755188 519
1728983538072 0.14044514298439026 520
1728983539920 0.1718842089176178 521
1728983541767 0.19395394623279572 522
1728983543617 0.22172901034355164 523
1728983545467 0.16277769207954407 524
1728983547324 0.15650534629821777 525
1728983549169 0.1626386046409607 526
1728983551017 0.21085125207901 527
1728983552866 0.2790240943431854 528
1728983554722 0.1845180243253708 529
1728983556571 0.15578994154930115 530
1728983558419 0.1711093634366989 531
1728983560268 0.14106623828411102 532
1728983562119 0.19064761698246002 533
1728983563969 0.14603465795516968 534
1728983565818 0.34276169538497925 535
1728983567669 0.20904763042926788 536
1728983569522 0.1690809726715088 537
1728983571371 0.22352568805217743 538
1728983573222 0.13670971989631653 539
1728983575072 0.16385424137115479 540
1728983576923 0.24855217337608337 541
1728983578781 0.1782141923904419 542
1728983580629 0.26151737570762634 543
1728983582483 0.13272807002067566 544
1728983584332 0.15484455227851868 545
1728983586185 0.14599394798278809 546
1728983588041 0.17489859461784363 547
1728983589896 0.22612473368644714 548
1728983591748 0.22242024540901184 549
1728983593597 0.14048358798027039 550
1728983595444 0.19839149713516235 551
1728983597295 0.1316063404083252 552
1728983599143 0.155445396900177 553
1728983600993 0.18199914693832397 554
1728983602847 0.2383568286895752 555
1728983604698 0.14879989624023438 556
1728983606547 0.16886213421821594 557
1728983608395 0.1402823030948639 558
1728983610254 0.21641747653484344 559
1728983612110 0.17001990973949432 560
1728983613957 0.16103583574295044 561
1728983615809 0.09775664657354355 562
1728983617662 0.20965884625911713 563
1728983619512 0.18026874959468842 564
1728983621365 0.2725289463996887 565
1728983623218 0.2919243276119232 566
1728983625060 0.14877723157405853 567
1728983626916 0.15724004805088043 568
1728983628767 0.14933902025222778 569
1728983630633 0.17343756556510925 570
1728983632488 0.1944999396800995 571
1728983634345 0.20163264870643616 572
1728983636193 0.19045883417129517 573
1728983638041 0.16531610488891602 574
1728983639895 0.24514533579349518 575
1728983641745 0.18446673452854156 576
1728983643597 0.16128113865852356 577
1728983645453 0.14051711559295654 578
1728983647306 0.19493255019187927 579
1728983649151 0.21400302648544312 580
1728983650994 0.28122809529304504 581
1728983652841 0.15815991163253784 582
1728983654690 0.1973017454147339 583
1728983656548 0.16446903347969055 584
1728983658398 0.20312482118606567 585
1728983660246 0.1505998969078064 586
1728983662099 0.1769467294216156 587
1728983663954 0.180974543094635 588
1728983665805 0.19216708838939667 589
1728983667650 0.20817482471466064 590
1728983669499 0.21011893451213837 591
1728983671341 0.1371118724346161 592
1728983673195 0.15137538313865662 593
1728983675050 0.1668609231710434 594
1728983676900 0.1658918410539627 595
1728983678748 0.1862463653087616 596
1728983680595 0.2357112318277359 597
1728983682443 0.12803058326244354 598
1728983684295 0.1685885787010193 599
1728983686143 0.16809779405593872 600
1728983687991 0.11036957800388336 601
1728983689843 0.2091442495584488 602
1728983691698 0.24332110583782196 603
1728983693552 0.14205387234687805 604
1728983695396 0.2256052941083908 605
1728983697244 0.13883136212825775 606
1728983699098 0.142769455909729 607
1728983700948 0.20161181688308716 608
1728983702797 0.11976936459541321 609
1728983704643 0.13346603512763977 610
1728983706490 0.19724908471107483 611
1728983708342 0.19090047478675842 612
1728983710190 0.23878411948680878 613
1728983712033 0.1465306580066681 614
1728983713881 0.20076999068260193 615
1728983715724 0.1362663209438324 616
1728983717566 0.22793149948120117 617
1728983719417 0.18482081592082977 618
1728983721258 0.1416950821876526 619
1728983723085 0.19166651368141174 620
1728983724862 0.1884649693965912 621
1728983726706 0.17747700214385986 622
1728983728552 0.1502954065799713 623
1728983730394 0.133716881275177 624
1728983732238 0.15739133954048157 625
1728983734077 0.15161901712417603 626
1728983735919 0.16086815297603607 627
1728983737758 0.17802965641021729 628
1728983739598 0.16765819489955902 629
1728983741443 0.18000181019306183 630
1728983743284 0.1619744747877121 631
1728983745125 0.18349342048168182 632
1728983746968 0.1728411465883255 633
1728983748808 0.2010287046432495 634
1728983751222 0.16597184538841248 635
1728983757251 0.14008383452892303 636
1728983759127 0.1706399917602539 637
1728983760993 0.18178124725818634 638
1728983762841 0.12357746064662933 639
1728983764689 0.1800033301115036 640
1728983766538 0.13547053933143616 641
1728983768395 0.28263700008392334 642
1728983770250 0.18834568560123444 643
1728983772164 0.1829863041639328 644
1728983774012 0.1778532862663269 645
1728983775859 0.19784018397331238 646
1728983777708 0.21410730481147766 647
1728983779552 0.17229056358337402 648
1728983781416 0.1872561126947403 649
1728983783260 0.13033661246299744 650
1728983785121 0.19885531067848206 651
1728983786984 0.1773463487625122 652
1728983788836 0.1307949423789978 653
1728983790686 0.28531867265701294 654
1728983792538 0.16546139121055603 655
1728983794395 0.18865105509757996 656
1728983796248 0.2477930337190628 657
1728983798104 0.22124016284942627 658
1728983799961 0.19910186529159546 659
1728983801814 0.20145335793495178 660
1728983803666 0.19716060161590576 661
1728983805516 0.22045445442199707 662
1728983807377 0.2120550125837326 663
1728983809232 0.16352154314517975 664
1728983811089 0.14963454008102417 665
1728983812945 0.23824897408485413 666
1728983814801 0.19302892684936523 667
1728983816656 0.17944520711898804 668
1728983818690 0.17311638593673706 669
1728983820481 0.21425414085388184 670
1728983822331 0.13577665388584137 671
1728983824196 0.17528824508190155 672
1728983826052 0.17881634831428528 673
1728983827906 0.18520641326904297 674
1728983829753 0.14304757118225098 675
1728983831618 0.2101128101348877 676
1728983833475 0.14078010618686676 677
1728983835327 0.167697936296463 678
1728983837177 0.2886669337749481 679
1728983839027 0.13750746846199036 680
1728983840882 0.15026670694351196 681
1728983842732 0.13938292860984802 682
1728983844587 0.1957702785730362 683
1728983846441 0.15488217771053314 684
1728983848302 0.16355721652507782 685
1728983850280 0.24597972631454468 686
1728983852133 0.12657098472118378 687
1728983853985 0.14676545560359955 688
1728983855831 0.16498662531375885 689
1728983857688 0.18620389699935913 690
1728983859542 0.1418570727109909 691
1728983861398 0.13600486516952515 692
1728983863249 0.17734508216381073 693
1728983865101 0.17393487691879272 694
1728983866953 0.1572612226009369 695
1728983868805 0.18354766070842743 696
1728983870654 0.2043997049331665 697
1728983872502 0.2000681757926941 698
1728983874360 0.19927386939525604 699
1728983876219 0.14442941546440125 700
1728983878072 0.19188857078552246 701
1728983879924 0.21178090572357178 702
1728983881777 0.19568340480327606 703
1728983883633 0.16828127205371857 704
1728983885492 0.16598033905029297 705
1728983887354 0.18222589790821075 706
1728983889219 0.15795369446277618 707
1728983891069 0.15539374947547913 708
1728983892919 0.1627568155527115 709
1728983894767 0.2691468298435211 710
1728983896625 0.13063468039035797 711
1728983898479 0.18969100713729858 712
1728983900337 0.16662295162677765 713
1728983902190 0.15560263395309448 714
1728983904039 0.17842715978622437 715
1728983905890 0.15072119235992432 716
1728983907743 0.18411509692668915 717
1728983909593 0.2730317711830139 718
1728983911442 0.18419671058654785 719
1728983913289 0.1853225976228714 720
1728983915146 0.22904962301254272 721
1728983917009 0.2022719383239746 722
1728983918864 0.17360489070415497 723
1728983920728 0.16789789497852325 724
1728983922582 0.1785607933998108 725
1728983924431 0.19869446754455566 726
1728983926286 0.23558899760246277 727
1728983928140 0.14050190150737762 728
1728983929993 0.176088348031044 729
1728983931844 0.16834969818592072 730
1728983933700 0.167294442653656 731
1728983935544 0.16614989936351776 732
1728983937399 0.13294172286987305 733
1728983939257 0.1916370391845703 734
1728983941118 0.17104443907737732 735
1728983942968 0.1499468833208084 736
1728983944821 0.1739451289176941 737
1728983946670 0.16313649713993073 738
1728983948531 0.15155185759067535 739
1728983950379 0.14047980308532715 740
1728983952233 0.18358848989009857 741
1728983954090 0.2212725579738617 742
1728983955946 0.15572363138198853 743
1728983957800 0.15711501240730286 744
1728983959643 0.19777221977710724 745
1728983961494 0.17777343094348907 746
1728983963348 0.16163261234760284 747
1728983965196 0.16965076327323914 748
1728983967055 0.2107052356004715 749
1728983968903 0.19223302602767944 750
1728983970762 0.24256578087806702 751
1728983972614 0.16598281264305115 752
1728983974467 0.12962448596954346 753
1728983976317 0.18458901345729828 754
1728983978172 0.16438113152980804 755
1728983980027 0.15236791968345642 756
1728983981878 0.18274644017219543 757
1728983983731 0.15741606056690216 758
1728983985580 0.15741683542728424 759
1728983987430 0.18432481586933136 760
1728983989284 0.12215064465999603 761
1728983991136 0.15982413291931152 762
1728983992986 0.19182027876377106 763
1728983994840 0.24346058070659637 764
1728983996690 0.21534879505634308 765
1728983998542 0.162155881524086 766
1728984000392 0.18747927248477936 767
1728984002252 0.14790579676628113 768
1728984004103 0.2201908826828003 769
1728984005954 0.18857687711715698 770
1728984007810 0.1776561737060547 771
1728984009664 0.19191649556159973 772
1728984011510 0.1575642228126526 773
1728984013359 0.17436137795448303 774
1728984015209 0.15077435970306396 775
1728984017063 0.16723081469535828 776
1728984018923 0.15656499564647675 777
1728984020776 0.2393149435520172 778
1728984022639 0.24869075417518616 779
1728984024490 0.16500607132911682 780
1728984026342 0.16898208856582642 781
1728984028199 0.21605843305587769 782
1728984030047 0.13964295387268066 783
1728984031904 0.18625906109809875 784
1728984033756 0.17482823133468628 785
1728984035606 0.22360527515411377 786
1728984037460 0.15377065539360046 787
1728984039314 0.20907573401927948 788
1728984041166 0.19381842017173767 789
1728984043018 0.1455991566181183 790
1728984044871 0.14430993795394897 791
1728984046726 0.24358128011226654 792
1728984048577 0.18712669610977173 793
1728984050429 0.2022903561592102 794
1728984052284 0.16346177458763123 795
1728984054143 0.14386898279190063 796
1728984055989 0.3031780421733856 797
1728984057847 0.1835818588733673 798
1728984059706 0.15242914855480194 799
1728984061555 0.14180126786231995 800
1728984063409 0.17018622159957886 801
1728984065261 0.13778972625732422 802
1728984067111 0.151753231883049 803
1728984068971 0.1479383260011673 804
1728984070826 0.17592427134513855 805
1728984072677 0.2347763031721115 806
1728984074537 0.1526029109954834 807
1728984076388 0.1448994278907776 808
1728984078241 0.13829319179058075 809
1728984080098 0.16681797802448273 810
1728984081952 0.1879517138004303 811
1728984083804 0.1536305546760559 812
1728984085656 0.13383342325687408 813
1728984087502 0.17510347068309784 814
1728984089359 0.16383704543113708 815
1728984091212 0.24475322663784027 816
1728984093066 0.17247936129570007 817
1728984094921 0.15318623185157776 818
1728984096776 0.14683523774147034 819
1728984098626 0.2302938997745514 820
1728984100482 0.18712809681892395 821
1728984102332 0.15617333352565765 822
1728984104186 0.18594425916671753 823
1728984106037 0.12508702278137207 824
1728984107887 0.11506474018096924 825
1728984109739 0.14294840395450592 826
1728984111588 0.18780413269996643 827
1728984113432 0.1722048819065094 828
1728984115281 0.27320218086242676 829
1728984117124 0.1911458820104599 830
1728984118978 0.21201379597187042 831
1728984120827 0.18792521953582764 832
1728984122682 0.22439399361610413 833
1728984124532 0.15749654173851013 834
1728984126385 0.18154478073120117 835
1728984128238 0.1714596003293991 836
1728984130088 0.16007329523563385 837
1728984131935 0.21118690073490143 838
1728984133790 0.2520844042301178 839
1728984135642 0.17227411270141602 840
1728984137498 0.2960851192474365 841
1728984139349 0.16362181305885315 842
1728984141199 0.1371530145406723 843
1728984143052 0.1270630955696106 844
1728984144904 0.1517149955034256 845
1728984146751 0.17013588547706604 846
1728984148602 0.16958430409431458 847
1728984150455 0.1818537712097168 848
1728984152308 0.20577213168144226 849
1728984154161 0.1947939097881317 850
1728984156011 0.16919508576393127 851
1728984157867 0.24875953793525696 852
1728984159723 0.15260912477970123 853
1728984161572 0.15307563543319702 854
1728984163419 0.20241498947143555 855
1728984165275 0.204870343208313 856
1728984167230 0.15973657369613647 857
1728984169077 0.2069951742887497 858
1728984170924 0.15721747279167175 859
1728984172775 0.18145069479942322 860
1728984174629 0.19045844674110413 861
1728984176478 0.14703235030174255 862
1728984178326 0.2092912793159485 863
1728984180172 0.16285628080368042 864
1728984182030 0.174507737159729 865
1728984183883 0.22251440584659576 866
1728984185732 0.14186349511146545 867
1728984187589 0.21531349420547485 868
1728984189436 0.20594528317451477 869
1728984191285 0.2033323496580124 870
1728984193134 0.19714780151844025 871
1728984194988 0.18017002940177917 872
1728984196833 0.13240304589271545 873
1728984198682 0.19529655575752258 874
1728984200533 0.18967506289482117 875
1728984202379 0.23954039812088013 876
1728984204232 0.18031851947307587 877
1728984206082 0.14520540833473206 878
1728984207938 0.14447063207626343 879
1728984209787 0.1554880291223526 880
1728984211643 0.22588802874088287 881
1728984213495 0.20483016967773438 882
1728984215351 0.2139018476009369 883
1728984217200 0.1345680058002472 884
1728984219051 0.1330631673336029 885
1728984220901 0.186616912484169 886
1728984222751 0.25484395027160645 887
1728984224602 0.16050168871879578 888
1728984226454 0.14188726246356964 889
1728984228307 0.1743277758359909 890
1728984230168 0.1699569970369339 891
1728984232022 0.18378311395645142 892
1728984233882 0.20203998684883118 893
1728984235740 0.19546037912368774 894
1728984237607 0.20574505627155304 895
1728984239466 0.1943722516298294 896
1728984241316 0.23478209972381592 897
1728984243172 0.14674347639083862 898
1728984245024 0.16269201040267944 899
1728984246875 0.18770623207092285 900
1728984248731 0.18330839276313782 901
1728984250581 0.13176748156547546 902
1728984252433 0.21112887561321259 903
1728984254284 0.14393749833106995 904
1728984256147 0.1583724319934845 905
1728984257999 0.29470962285995483 906
1728984259849 0.17950809001922607 907
1728984261705 0.15026560425758362 908
1728984263553 0.1564861536026001 909
1728984265404 0.15712210536003113 910
1728984267265 0.20605173707008362 911
1728984269123 0.21181654930114746 912
1728984270978 0.15488195419311523 913
1728984272828 0.15849611163139343 914
1728984274683 0.16087469458580017 915
1728984276551 0.1529165506362915 916
1728984278407 0.21785105764865875 917
1728984280262 0.14012382924556732 918
1728984282135 0.20140564441680908 919
1728984283987 0.16369760036468506 920
1728984285843 0.1414955109357834 921
1728984287706 0.18534383177757263 922
1728984289557 0.24276021122932434 923
1728984291410 0.2234271913766861 924
1728984293268 0.15766550600528717 925
1728984295121 0.21444568037986755 926
1728984296973 0.19372907280921936 927
1728984298828 0.13636904954910278 928
1728984300671 0.14477954804897308 929
1728984302518 0.17647956311702728 930
1728984304372 0.17836995422840118 931
1728984306226 0.1893700510263443 932
1728984308078 0.16892707347869873 933
1728984309935 0.1819644272327423 934
1728984311794 0.18449357151985168 935
1728984313641 0.1690247803926468 936
1728984315489 0.17652219533920288 937
1728984317343 0.17681944370269775 938
1728984319195 0.16838699579238892 939
1728984321051 0.16875103116035461 940
1728984322900 0.1347300410270691 941
1728984324747 0.1946651041507721 942
1728984326604 0.24931073188781738 943
1728984328464 0.1832350790500641 944
1728984330314 0.18929441273212433 945
1728984332159 0.16426098346710205 946
1728984334014 0.17752759158611298 947
1728984335876 0.1752164661884308 948
1728984337732 0.1346013993024826 949
1728984339586 0.18850010633468628 950
1728984341437 0.19016624987125397 951
1728984343300 0.20104344189167023 952
1728984345154 0.17178794741630554 953
1728984347012 0.18345770239830017 954
1728984348861 0.23840740323066711 955
1728984350707 0.1797998547554016 956
1728984352558 0.22753936052322388 957
1728984354407 0.22731521725654602 958
1728984356255 0.1793505996465683 959
1728984358105 0.14949585497379303 960
1728984359965 0.18704776465892792 961
1728984361819 0.19926775991916656 962
1728984363678 0.14829623699188232 963
1728984365534 0.17867034673690796 964
1728984367399 0.1815633624792099 965
1728984369246 0.1471375972032547 966
1728984371095 0.17809292674064636 967
1728984372946 0.1699391007423401 968
1728984374795 0.17629939317703247 969
1728984376651 0.1693113148212433 970
1728984378502 0.16498589515686035 971
1728984380351 0.1697092354297638 972
1728984382206 0.19081053137779236 973
1728984384062 0.2041928768157959 974
1728984385914 0.20124410092830658 975
1728984387767 0.17771266400814056 976
1728984389614 0.20548774302005768 977
1728984391469 0.1590442657470703 978
1728984393323 0.16037829220294952 979
1728984395174 0.19441083073616028 980
1728984397028 0.1769084632396698 981
1728984398882 0.20762380957603455 982
1728984400734 0.16514426469802856 983
1728984402588 0.17671950161457062 984
1728984404438 0.1751285195350647 985
1728984406290 0.1844477355480194 986
1728984408149 0.16807319223880768 987
1728984409998 0.18841378390789032 988
1728984411860 0.16450050473213196 989
1728984413711 0.17109735310077667 990
1728984415582 0.1568043828010559 991
1728984417436 0.1918233186006546 992
1728984419293 0.13277587294578552 993
1728984421146 0.14548075199127197 994
1728984423006 0.19358035922050476 995
1728984424861 0.16216051578521729 996
1728984426716 0.17535711824893951 997
1728984428563 0.14901475608348846 998
1728984430417 0.14874215424060822 999
1728984432272 0.20632052421569824 1000
1728984511480 0.18168821930885315 1001
1728984513309 0.16578011214733124 1002
1728984515140 0.20254549384117126 1003
1728984516965 0.1588437855243683 1004
1728984518802 0.18886250257492065 1005
1728984520632 0.19389919936656952 1006
1728984522466 0.20735928416252136 1007
1728984524305 0.18109114468097687 1008
1728984526139 0.16708862781524658 1009
1728984527977 0.1719677895307541 1010
1728984529812 0.16082073748111725 1011
1728984531811 0.19139011204242706 1012
1728984533593 0.21547579765319824 1013
1728984535431 0.16181832551956177 1014
1728984537266 0.2434595227241516 1015
1728984539114 0.18272803723812103 1016
1728984540965 0.22217132151126862 1017
1728984542828 0.1679595410823822 1018
1728984544683 0.17508304119110107 1019
1728984546530 0.17337389290332794 1020
1728984548383 0.16791248321533203 1021
1728984550234 0.1800934076309204 1022
1728984552094 0.2070636749267578 1023
1728984553942 0.17470848560333252 1024
1728984555787 0.20797282457351685 1025
1728984557635 0.15888258814811707 1026
1728984559591 0.1740887314081192 1027
1728984561446 0.19529613852500916 1028
1728984563290 0.1575257033109665 1029
1728984565137 0.13758710026741028 1030
1728984566987 0.14372679591178894 1031
1728984568835 0.16905029118061066 1032
1728984570691 0.2271801382303238 1033
1728984572538 0.19564567506313324 1034
1728984574378 0.10958527773618698 1035
1728984576228 0.16101646423339844 1036
1728984578081 0.1810189187526703 1037
1728984579928 0.15840232372283936 1038
1728984581777 0.15101683139801025 1039
1728984583628 0.16630953550338745 1040
1728984585481 0.17020706832408905 1041
1728984587330 0.15864139795303345 1042
1728984589193 0.1661173403263092 1043
1728984591044 0.17388656735420227 1044
1728984592899 0.17458872497081757 1045
1728984594755 0.17827941477298737 1046
1728984596617 0.1849842071533203 1047
1728984598468 0.20266841351985931 1048
1728984600317 0.11236719787120819 1049
1728984602169 0.17261162400245667 1050
1728984604021 0.18703408539295197 1051
1728984605879 0.18958193063735962 1052
1728984607735 0.17168278992176056 1053
1728984609597 0.17652443051338196 1054
1728984611446 0.1549917757511139 1055
1728984613297 0.15256953239440918 1056
1728984615144 0.1370956301689148 1057
1728984617001 0.2138361930847168 1058
1728984618847 0.21492457389831543 1059
1728984620707 0.2433169186115265 1060
1728984622558 0.1508871167898178 1061
1728984624409 0.1784430891275406 1062
1728984626258 0.21180233359336853 1063
1728984628105 0.136637881398201 1064
1728984629955 0.20329353213310242 1065
1728984631814 0.16931113600730896 1066
1728984633669 0.14291656017303467 1067
1728984635516 0.24154256284236908 1068
1728984637366 0.13491091132164001 1069
1728984639213 0.22783344984054565 1070
1728984641071 0.14306460320949554 1071
1728984642932 0.15598157048225403 1072
1728984644791 0.16204792261123657 1073
1728984646647 0.21667978167533875 1074
1728984648498 0.14725595712661743 1075
1728984650354 0.2568421959877014 1076
1728984652217 0.1838373988866806 1077
1728984654067 0.1380232274532318 1078
1728984655915 0.202091783285141 1079
1728984657765 0.20883968472480774 1080
1728984659613 0.23055799305438995 1081
1728984661462 0.221823051571846 1082
1728984663316 0.13647854328155518 1083
1728984665163 0.16983932256698608 1084
1728984667016 0.22872906923294067 1085
1728984668863 0.1969124972820282 1086
1728984670720 0.15348610281944275 1087
1728984672570 0.25437718629837036 1088
1728984674427 0.1844998598098755 1089
1728984676283 0.16633909940719604 1090
1728984678133 0.17881228029727936 1091
1728984679987 0.19564853608608246 1092
1728984681840 0.1563347578048706 1093
1728984683694 0.18542888760566711 1094
1728984685554 0.19038155674934387 1095
1728984687414 0.17015030980110168 1096
1728984689266 0.16066105663776398 1097
1728984691120 0.167089581489563 1098
1728984692970 0.17021122574806213 1099
1728984694837 0.1694989651441574 1100
1728984696694 0.1668468862771988 1101
1728984698538 0.1736525446176529 1102
1728984700380 0.2154082953929901 1103
1728984702227 0.16079753637313843 1104
1728984704084 0.17476999759674072 1105
1728984705935 0.16339252889156342 1106
1728984707784 0.18305747210979462 1107
1728984709636 0.2071705162525177 1108
1728984711495 0.17278727889060974 1109
1728984713349 0.17772316932678223 1110
1728984715205 0.21125701069831848 1111
1728984717051 0.14484862983226776 1112
1728984718915 0.20490418374538422 1113
1728984720773 0.1577175259590149 1114
1728984722630 0.16603612899780273 1115
1728984724483 0.14434418082237244 1116
1728984726342 0.18674907088279724 1117
1728984728192 0.14540407061576843 1118
1728984730046 0.15948961675167084 1119
1728984731902 0.19922220706939697 1120
1728984733751 0.1666998565196991 1121
1728984735607 0.21219341456890106 1122
1728984737457 0.18368956446647644 1123
1728984739310 0.14398376643657684 1124
1728984741158 0.15529975295066833 1125
1728984743007 0.1762305498123169 1126
1728984744858 0.19463883340358734 1127
1728984746712 0.1655208319425583 1128
1728984748562 0.22323018312454224 1129
1728984750416 0.1844419538974762 1130
1728984752266 0.18270933628082275 1131
1728984754109 0.14260289072990417 1132
1728984755972 0.17442934215068817 1133
1728984757822 0.16522100567817688 1134
1728984759679 0.18689310550689697 1135
1728984761530 0.25290513038635254 1136
1728984763382 0.16346950829029083 1137
1728984765235 0.17880329489707947 1138
1728984767081 0.15958650410175323 1139
1728984768934 0.15346769988536835 1140
1728984770788 0.18432678282260895 1141
1728984772643 0.17883574962615967 1142
1728984774493 0.16504213213920593 1143
1728984776342 0.2201923429965973 1144
1728984778194 0.14477142691612244 1145
1728984780046 0.18048536777496338 1146
1728984781899 0.19239434599876404 1147
1728984783749 0.15843617916107178 1148
1728984785613 0.1776028871536255 1149
1728984787465 0.21687564253807068 1150
1728984789322 0.18260788917541504 1151
1728984791174 0.17481663823127747 1152
1728984793028 0.15767183899879456 1153
1728984794882 0.16777732968330383 1154
1728984796729 0.15809586644172668 1155
1728984798581 0.17389455437660217 1156
1728984800435 0.16157813370227814 1157
1728984802283 0.16151832044124603 1158
1728984804138 0.20114268362522125 1159
1728984805985 0.18053890764713287 1160
1728984807844 0.20011812448501587 1161
1728984809699 0.1860051453113556 1162
1728984811563 0.18517383933067322 1163
1728984813416 0.1961865872144699 1164
1728984815278 0.1470879763364792 1165
1728984817123 0.25447919964790344 1166
1728984818975 0.15090778470039368 1167
1728984820827 0.1543944776058197 1168
1728984822678 0.2049446702003479 1169
1728984824528 0.1836647391319275 1170
1728984826380 0.23999722301959991 1171
1728984828239 0.21800756454467773 1172
1728984830103 0.129300057888031 1173
1728984831938 0.10530007630586624 1174
1728984833792 0.15027718245983124 1175
1728984835643 0.16909626126289368 1176
1728984837494 0.22873139381408691 1177
1728984839354 0.1639896035194397 1178
1728984841202 0.12001955509185791 1179
1728984843059 0.2250456064939499 1180
1728984844937 0.1850285679101944 1181
1728984846789 0.3097947835922241 1182
1728984848636 0.17186211049556732 1183
1728984850498 0.1733197718858719 1184
1728984852349 0.1375294327735901 1185
1728984854210 0.19917841255664825 1186
1728984856056 0.17394104599952698 1187
1728984857903 0.18305422365665436 1188
1728984859755 0.12265286594629288 1189
1728984861607 0.14999917149543762 1190
1728984863456 0.19642993807792664 1191
1728984865306 0.16244356334209442 1192
1728984867166 0.1906525194644928 1193
1728984869028 0.20062044262886047 1194
1728984870876 0.16552691161632538 1195
1728984872725 0.1481894850730896 1196
1728984874584 0.1998334676027298 1197
1728984876512 0.16929054260253906 1198
1728984878366 0.1704491376876831 1199
1728984880218 0.13068705797195435 1200
1728984882069 0.18719926476478577 1201
1728984883931 0.1914515644311905 1202
1728984885779 0.17333854734897614 1203
1728984887631 0.24502965807914734 1204
1728984889601 0.21578380465507507 1205
1728984891458 0.16765031218528748 1206
1728984893314 0.17540186643600464 1207
1728984895164 0.2040315717458725 1208
1728984897021 0.17764627933502197 1209
1728984898870 0.16579531133174896 1210
1728984900716 0.14610770344734192 1211
1728984902571 0.17814424633979797 1212
1728984904424 0.1423490196466446 1213
1728984906272 0.1943834125995636 1214
1728984908129 0.14169040322303772 1215
1728984909971 0.13445357978343964 1216
1728984911823 0.14892108738422394 1217
1728984913665 0.2176436483860016 1218
1728984915513 0.18032699823379517 1219
1728984917372 0.17370231449604034 1220
1728984919230 0.21184557676315308 1221
1728984921082 0.14976301789283752 1222
1728984922938 0.1865030825138092 1223
1728984924784 0.14975124597549438 1224
1728984926639 0.16066446900367737 1225
1728984928488 0.13254493474960327 1226
1728984930338 0.18112421035766602 1227
1728984932191 0.1627071499824524 1228
1728984934040 0.1500551998615265 1229
1728984935891 0.14478462934494019 1230
1728984937743 0.17705798149108887 1231
1728984939599 0.14039957523345947 1232
1728984941450 0.21834209561347961 1233
1728984943304 0.16669949889183044 1234
1728984945157 0.18064220249652863 1235
1728984947009 0.18468467891216278 1236
1728984948859 0.1814061999320984 1237
1728984950703 0.19694101810455322 1238
1728984952558 0.15014511346817017 1239
1728984954414 0.2361266165971756 1240
1728984956264 0.19163116812705994 1241
1728984958122 0.16447782516479492 1242
1728984959978 0.22192856669425964 1243
1728984961840 0.16734012961387634 1244
1728984963693 0.13567444682121277 1245
1728984965542 0.15421843528747559 1246
1728984967397 0.14438344538211823 1247
1728984969245 0.14350281655788422 1248
1728984971095 0.15670478343963623 1249
1728984972946 0.18441814184188843 1250
1728984974801 0.1472260057926178 1251
1728984976646 0.13397476077079773 1252
1728984978492 0.18224158883094788 1253
1728984980331 0.21375805139541626 1254
1728984982182 0.2330489456653595 1255
1728984984031 0.1667824536561966 1256
1728984985879 0.16445490717887878 1257
1728984987725 0.17883563041687012 1258
1728984989570 0.1469021588563919 1259
1728984991418 0.15736529231071472 1260
1728984993259 0.18608298897743225 1261
1728984995101 0.14736425876617432 1262
1728984996947 0.1568334400653839 1263
1728984998796 0.15456147491931915 1264
1728985000641 0.17844243347644806 1265
1728985002482 0.1709945797920227 1266
1728985004323 0.2115764617919922 1267
1728985006165 0.18961185216903687 1268
1728985008009 0.23359283804893494 1269
1728985010341 0.1422220766544342 1270
1728985016956 0.18580065667629242 1271
1728985018840 0.29224684834480286 1272
1728985020693 0.14991703629493713 1273
1728985022552 0.18433241546154022 1274
1728985024413 0.15316922962665558 1275
1728985026261 0.15535253286361694 1276
1728985028111 0.2198542356491089 1277
1728985029964 0.18274225294589996 1278
1728985031814 0.16597972810268402 1279
1728985033659 0.20690956711769104 1280
1728985035511 0.1946776658296585 1281
1728985037372 0.19224730134010315 1282
1728985039223 0.19905000925064087 1283
1728985041077 0.21973967552185059 1284
1728985042933 0.178307443857193 1285
1728985044782 0.1663985252380371 1286
1728985046637 0.18689197301864624 1287
1728985048488 0.17022955417633057 1288
1728985050346 0.17610886693000793 1289
1728985052202 0.19350391626358032 1290
1728985054054 0.2189790904521942 1291
1728985055907 0.21008259057998657 1292
1728985057754 0.21478888392448425 1293
1728985059602 0.23598338663578033 1294
1728985061456 0.2324274182319641 1295
1728985063308 0.19172830879688263 1296
1728985065156 0.1574295163154602 1297
1728985067005 0.12923167645931244 1298
1728985068857 0.18500849604606628 1299
1728985070704 0.20547980070114136 1300
1728985072555 0.18513143062591553 1301
1728985074400 0.13208666443824768 1302
1728985076254 0.1617225557565689 1303
1728985078095 0.199239581823349 1304
1728985079954 0.18629592657089233 1305
1728985081804 0.17585140466690063 1306
1728985083663 0.20170587301254272 1307
1728985085521 0.16060948371887207 1308
1728985087370 0.15415319800376892 1309
1728985089221 0.15957024693489075 1310
1728985091077 0.19630426168441772 1311
1728985092926 0.1248941570520401 1312
1728985094779 0.2031952440738678 1313
1728985096629 0.21227820217609406 1314
1728985098479 0.18691658973693848 1315
1728985100324 0.18257561326026917 1316
1728985102176 0.15465930104255676 1317
1728985104032 0.16792115569114685 1318
1728985105884 0.16144883632659912 1319
1728985107738 0.20659151673316956 1320
1728985109590 0.20152513682842255 1321
1728985111439 0.170579195022583 1322
1728985113287 0.20876933634281158 1323
1728985115142 0.16857215762138367 1324
1728985117000 0.17601874470710754 1325
1728985118855 0.14686231315135956 1326
1728985120707 0.18164315819740295 1327
1728985122557 0.197445809841156 1328
1728985124406 0.18614301085472107 1329
1728985126256 0.15800915658473969 1330
1728985128105 0.18945729732513428 1331
1728985129967 0.1540893167257309 1332
1728985131817 0.1706905961036682 1333
1728985133673 0.16770993173122406 1334
1728985135527 0.14782699942588806 1335
1728985137378 0.13585811853408813 1336
1728985139237 0.2713836431503296 1337
1728985141091 0.18735545873641968 1338
1728985142941 0.13291609287261963 1339
1728985144803 0.17771759629249573 1340
1728985146653 0.14638513326644897 1341
1728985148505 0.14977248013019562 1342
1728985150347 0.18948155641555786 1343
1728985152198 0.16517981886863708 1344
1728985154046 0.23810848593711853 1345
1728985155900 0.1790410876274109 1346
1728985157749 0.2018369883298874 1347
1728985159602 0.17219209671020508 1348
1728985161455 0.15877175331115723 1349
1728985163304 0.13961786031723022 1350
1728985165160 0.19874505698680878 1351
1728985167017 0.17400449514389038 1352
1728985168870 0.1421644389629364 1353
1728985170718 0.17627893388271332 1354
1728985172574 0.1586693972349167 1355
1728985174428 0.17064720392227173 1356
1728985176281 0.1866382509469986 1357
1728985178129 0.1457330286502838 1358
1728985179979 0.21800965070724487 1359
1728985181832 0.17733082175254822 1360
1728985183678 0.19471997022628784 1361
1728985185537 0.17913268506526947 1362
1728985187389 0.20815248787403107 1363
1728985189246 0.1907709240913391 1364
1728985191110 0.1382841169834137 1365
1728985192961 0.1583695113658905 1366
1728985194820 0.16521528363227844 1367
1728985196802 0.1621287763118744 1368
1728985198659 0.14536328613758087 1369
1728985200514 0.22118481993675232 1370
1728985202357 0.1909576803445816 1371
1728985204207 0.188680499792099 1372
1728985206064 0.2087717205286026 1373
1728985207917 0.17030005156993866 1374
1728985209766 0.1690015196800232 1375
1728985211628 0.23271241784095764 1376
1728985213483 0.19628727436065674 1377
1728985215331 0.13408251106739044 1378
1728985217175 0.14609551429748535 1379
1728985219024 0.19482336938381195 1380
1728985220877 0.16660520434379578 1381
1728985222721 0.13575559854507446 1382
1728985224570 0.17610202729701996 1383
1728985226415 0.16369177401065826 1384
1728985228270 0.1426384001970291 1385
1728985230120 0.1891694813966751 1386
1728985231975 0.18516549468040466 1387
1728985233827 0.1315188854932785 1388
1728985235687 0.18044087290763855 1389
1728985237544 0.14890056848526 1390
1728985239390 0.15743720531463623 1391
1728985241237 0.21873381733894348 1392
1728985243095 0.1935412436723709 1393
1728985245127 0.20490339398384094 1394
1728985246919 0.24280819296836853 1395
1728985248782 0.1676481068134308 1396
1728985250629 0.14608871936798096 1397
1728985252478 0.2081095576286316 1398
1728985254334 0.14367789030075073 1399
1728985256185 0.1698833554983139 1400
1728985258039 0.15213313698768616 1401
1728985259901 0.21446493268013 1402
1728985261754 0.21201783418655396 1403
1728985263610 0.21292248368263245 1404
1728985265466 0.16906332969665527 1405
1728985267331 0.24159860610961914 1406
1728985269182 0.1288670152425766 1407
1728985271025 0.1513952612876892 1408
1728985272877 0.2371343970298767 1409
1728985274726 0.20186690986156464 1410
1728985276576 0.23750443756580353 1411
1728985278430 0.17026016116142273 1412
1728985280279 0.1904192864894867 1413
1728985282122 0.15071718394756317 1414
1728985283968 0.14178383350372314 1415
1728985285820 0.23626606166362762 1416
1728985287672 0.1441647857427597 1417
1728985289533 0.15943755209445953 1418
1728985291379 0.18436145782470703 1419
1728985293233 0.18713194131851196 1420
1728985295088 0.18788260221481323 1421
1728985296934 0.19912387430667877 1422
1728985298795 0.14949609339237213 1423
1728985300647 0.1428597867488861 1424
1728985302495 0.23216146230697632 1425
1728985304367 0.19552794098854065 1426
1728985306212 0.17967107892036438 1427
1728985308064 0.1498325914144516 1428
1728985309913 0.15019561350345612 1429
1728985311765 0.19285525381565094 1430
1728985313619 0.15449219942092896 1431
1728985315469 0.1746235340833664 1432
1728985317319 0.1536315381526947 1433
1728985319167 0.15662914514541626 1434
1728985321016 0.20673327147960663 1435
1728985322862 0.16709807515144348 1436
1728985324720 0.16055631637573242 1437
1728985326573 0.19637173414230347 1438
1728985328430 0.15613827109336853 1439
1728985330289 0.1269824355840683 1440
1728985332142 0.20950554311275482 1441
1728985333996 0.16111953556537628 1442
1728985335847 0.1847551316022873 1443
1728985337694 0.2063068151473999 1444
1728985339551 0.2419070303440094 1445
1728985341401 0.20026825368404388 1446
1728985343247 0.14166700839996338 1447
1728985345098 0.17010486125946045 1448
1728985346950 0.21710428595542908 1449
1728985348803 0.13858461380004883 1450
1728985350669 0.20093345642089844 1451
1728985352524 0.18832598626613617 1452
1728985354380 0.17295397818088531 1453
1728985356232 0.19264599680900574 1454
1728985358080 0.1810576319694519 1455
1728985359933 0.18276605010032654 1456
1728985361786 0.1519773304462433 1457
1728985363644 0.17216812074184418 1458
1728985365500 0.15762153267860413 1459
1728985367351 0.16955526173114777 1460
1728985369206 0.17006152868270874 1461
1728985371059 0.18315626680850983 1462
1728985372905 0.13422423601150513 1463
1728985374758 0.1898546814918518 1464
1728985376618 0.1670742630958557 1465
1728985378471 0.15690067410469055 1466
1728985380327 0.14399641752243042 1467
1728985382171 0.19332562386989594 1468
1728985384021 0.1549426019191742 1469
1728985385867 0.19378861784934998 1470
1728985387719 0.15158332884311676 1471
1728985389574 0.17274515330791473 1472
1728985391425 0.22323226928710938 1473
1728985393275 0.1932527720928192 1474
1728985395125 0.18334119021892548 1475
1728985396988 0.17511504888534546 1476
1728985398846 0.21435809135437012 1477
1728985400691 0.1861165165901184 1478
1728985402548 0.17816151678562164 1479
1728985404403 0.17213478684425354 1480
1728985406256 0.21752484142780304 1481
1728985408105 0.16413313150405884 1482
1728985409950 0.154501810669899 1483
1728985411806 0.18501684069633484 1484
1728985413655 0.19263508915901184 1485
1728985415510 0.15050941705703735 1486
1728985417367 0.1661115288734436 1487
1728985419218 0.15581534802913666 1488
1728985421066 0.20653492212295532 1489
1728985422920 0.1616852879524231 1490
1728985424772 0.18596035242080688 1491
1728985426615 0.20949262380599976 1492
1728985428463 0.11798463761806488 1493
1728985430309 0.11278454214334488 1494
1728985432160 0.16677747666835785 1495
1728985434006 0.1825658231973648 1496
1728985435851 0.18029522895812988 1497
1728985437703 0.2368643879890442 1498
1728985439557 0.1441386640071869 1499
1728985441412 0.2289571911096573 1500
1728985443265 0.19912618398666382 1501
1728985445121 0.17482493817806244 1502
1728985446981 0.21267861127853394 1503
1728985448829 0.1660115271806717 1504
1728985450679 0.1844838261604309 1505
1728985452536 0.16803787648677826 1506
1728985454386 0.21153318881988525 1507
1728985456240 0.15124747157096863 1508
1728985458098 0.15889939665794373 1509
1728985459941 0.18932953476905823 1510
1728985461794 0.19491830468177795 1511
1728985463637 0.1983465701341629 1512
1728985465488 0.15517473220825195 1513
1728985467338 0.1755949854850769 1514
1728985469191 0.17324033379554749 1515
1728985471037 0.291016161441803 1516
1728985472891 0.20390965044498444 1517
1728985474744 0.23734094202518463 1518
1728985476593 0.18099713325500488 1519
1728985478445 0.14411722123622894 1520
1728985480297 0.16765160858631134 1521
1728985482148 0.19711031019687653 1522
1728985483994 0.15194782614707947 1523
1728985485846 0.22748085856437683 1524
1728985487700 0.19074752926826477 1525
1728985489554 0.15611621737480164 1526
1728985491411 0.2576659321784973 1527
1728985493267 0.18493910133838654 1528
1728985495119 0.14745491743087769 1529
1728985496978 0.1720239818096161 1530
1728985498831 0.22507937252521515 1531
1728985500688 0.2006259560585022 1532
1728985502536 0.2554672658443451 1533
1728985504382 0.2000942975282669 1534
1728985506234 0.17226216197013855 1535
1728985508083 0.1573561131954193 1536
1728985509932 0.17808493971824646 1537
1728985511784 0.19314970076084137 1538
1728985513706 0.1836649477481842 1539
1728985515559 0.14824622869491577 1540
1728985517412 0.18740129470825195 1541
1728985519260 0.1898411363363266 1542
1728985521106 0.2297397404909134 1543
1728985522949 0.2247835397720337 1544
1728985524795 0.14736463129520416 1545
1728985526648 0.15331768989562988 1546
1728985528492 0.1281239092350006 1547
1728985530342 0.15812550485134125 1548
1728985532193 0.1827303022146225 1549
1728985534041 0.23474757373332977 1550
1728985535893 0.1987992823123932 1551
1728985537745 0.18818211555480957 1552
1728985539596 0.16009283065795898 1553
1728985541446 0.19444574415683746 1554
1728985543294 0.16703975200653076 1555
1728985545150 0.11576393246650696 1556
1728985547000 0.16229568421840668 1557
1728985548852 0.16200068593025208 1558
1728985550703 0.15254884958267212 1559
1728985552551 0.21439680457115173 1560
1728985554408 0.14318746328353882 1561
1728985556255 0.13393211364746094 1562
1728985558111 0.17123723030090332 1563
1728985559953 0.13890880346298218 1564
1728985561812 0.15748557448387146 1565
1728985563660 0.2022472769021988 1566
1728985565511 0.19590206444263458 1567
1728985567364 0.17064937949180603 1568
1728985569208 0.15867111086845398 1569
1728985571056 0.16346265375614166 1570
1728985572909 0.17689746618270874 1571
1728985574760 0.22029492259025574 1572
1728985576611 0.13259124755859375 1573
1728985578465 0.18146824836730957 1574
1728985580320 0.1716437041759491 1575
1728985582174 0.17495816946029663 1576
1728985584024 0.1932569444179535 1577
1728985585886 0.15883252024650574 1578
1728985587738 0.18450365960597992 1579
1728985589592 0.16436141729354858 1580
1728985591451 0.2581622004508972 1581
1728985593300 0.13818016648292542 1582
1728985595164 0.2357037216424942 1583
1728985597016 0.1700012981891632 1584
1728985598867 0.1782446801662445 1585
1728985600865 0.1740776002407074 1586
1728985602651 0.15164272487163544 1587
1728985604506 0.1659964770078659 1588
1728985606358 0.17134135961532593 1589
1728985608207 0.2533983588218689 1590
1728985610060 0.1588376760482788 1591
1728985611912 0.18074826896190643 1592
1728985613755 0.18264204263687134 1593
1728985615602 0.24119088053703308 1594
1728985617447 0.14031970500946045 1595
1728985619285 0.09764125198125839 1596
1728985621139 0.1775374710559845 1597
1728985623001 0.11245587468147278 1598
1728985624851 0.16799071431159973 1599
1728985626704 0.1502852439880371 1600
1728985628561 0.2371479868888855 1601
1728985630411 0.21344661712646484 1602
1728985632261 0.17085647583007812 1603
1728985634109 0.15385618805885315 1604
1728985635967 0.15638063848018646 1605
1728985637819 0.15518373250961304 1606
1728985639664 0.21125037968158722 1607
1728985641518 0.24939128756523132 1608
1728985643366 0.17888465523719788 1609
1728985645223 0.2349802553653717 1610
1728985647072 0.17045056819915771 1611
1728985648937 0.13365697860717773 1612
1728985650782 0.1799325793981552 1613
1728985652630 0.18922747671604156 1614
1728985654484 0.17888560891151428 1615
1728985656333 0.1638537347316742 1616
1728985658190 0.1612597405910492 1617
1728985660038 0.18467047810554504 1618
1728985661890 0.19423426687717438 1619
1728985663745 0.20868077874183655 1620
1728985665599 0.17031145095825195 1621
1728985667454 0.18221443891525269 1622
1728985669305 0.24365685880184174 1623
1728985671157 0.17384599149227142 1624
1728985673004 0.1819680631160736 1625
1728985674851 0.23449048399925232 1626
1728985676698 0.17150217294692993 1627
1728985678545 0.17701926827430725 1628
1728985680394 0.20613312721252441 1629
1728985682251 0.17601653933525085 1630
1728985684106 0.21959713101387024 1631
1728985685950 0.20779971778392792 1632
1728985687808 0.16480273008346558 1633
1728985689656 0.15644824504852295 1634
1728985691506 0.15413668751716614 1635
1728985693347 0.19051262736320496 1636
1728985695205 0.1430133879184723 1637
1728985697056 0.1541644036769867 1638
1728985698905 0.14029204845428467 1639
1728985700753 0.17811673879623413 1640
1728985702598 0.19460400938987732 1641
1728985704454 0.17162290215492249 1642
1728985706306 0.1762436032295227 1643
1728985708160 0.16738280653953552 1644
1728985710008 0.16476717591285706 1645
1728985711853 0.17426148056983948 1646
1728985713707 0.18234562873840332 1647
1728985715553 0.16863881051540375 1648
1728985717406 0.14614295959472656 1649
1728985719259 0.1538655310869217 1650
1728985721110 0.13918286561965942 1651
1728985722966 0.18469707667827606 1652
1728985724813 0.18104229867458344 1653
1728985726663 0.19015485048294067 1654
1728985728511 0.1638207584619522 1655
1728985730363 0.178111732006073 1656
1728985732215 0.13044270873069763 1657
1728985734065 0.1693154275417328 1658
1728985735911 0.16434356570243835 1659
1728985737761 0.20282967388629913 1660
1728985739618 0.12128277122974396 1661
1728985741473 0.12666523456573486 1662
1728985743320 0.1960034966468811 1663
1728985745170 0.19117331504821777 1664
1728985747018 0.22320115566253662 1665
1728985748867 0.21262550354003906 1666
1728985750712 0.19339263439178467 1667
1728985752563 0.173202246427536 1668
1728985754409 0.20996755361557007 1669
1728985756260 0.15467295050621033 1670
1728985758113 0.15470653772354126 1671
1728985759967 0.17615216970443726 1672
1728985761820 0.21368205547332764 1673
1728985763677 0.17201435565948486 1674
1728985765532 0.1473136842250824 1675
1728985767385 0.19621559977531433 1676
1728985769235 0.22023022174835205 1677
1728985771084 0.166873961687088 1678
1728985772928 0.19319777190685272 1679
1728985774770 0.23499858379364014 1680
1728985776616 0.1489429473876953 1681
1728985778469 0.17824691534042358 1682
1728985780327 0.24763445556163788 1683
1728985782180 0.16799861192703247 1684
1728985784033 0.23771607875823975 1685
1728985785882 0.1705532670021057 1686
1728985787725 0.14741238951683044 1687
1728985789568 0.20641031861305237 1688
1728985791418 0.25190913677215576 1689
1728985793265 0.22178193926811218 1690
1728985795108 0.19599351286888123 1691
1728985796949 0.1499687135219574 1692
1728985798803 0.16035597026348114 1693
1728985800657 0.1895192265510559 1694
1728985802501 0.18960027396678925 1695
1728985804353 0.1485844999551773 1696
1728985806197 0.15808802843093872 1697
1728985808045 0.23466849327087402 1698
1728985809896 0.13518813252449036 1699
1728985811748 0.16919592022895813 1700
1728985813605 0.23465952277183533 1701
1728985815452 0.15973405539989471 1702
1728985817318 0.1659272164106369 1703
1728985819172 0.1611146330833435 1704
1728985821020 0.19443219900131226 1705
1728985822872 0.153606578707695 1706
1728985824722 0.14849349856376648 1707
1728985826582 0.2194841504096985 1708
1728985828427 0.18307940661907196 1709
1728985830277 0.1298927515745163 1710
1728985832124 0.12651388347148895 1711
1728985834039 0.19551265239715576 1712
1728985835887 0.17757470905780792 1713
1728985837732 0.1818937361240387 1714
1728985839573 0.18872135877609253 1715
1728985841419 0.16140788793563843 1716
1728985843270 0.16595570743083954 1717
1728985845128 0.19000890851020813 1718
1728985846986 0.16838577389717102 1719
1728985848838 0.16304782032966614 1720
1728985850695 0.15154537558555603 1721
1728985852550 0.2187584936618805 1722
1728985854400 0.1849370300769806 1723
1728985856262 0.2003937065601349 1724
1728985858114 0.17297813296318054 1725
1728985859963 0.2690359950065613 1726
1728985861808 0.2498752921819687 1727
1728985863662 0.17183347046375275 1728
1728985865508 0.17253336310386658 1729
1728985867359 0.17073330283164978 1730
1728985869207 0.18022704124450684 1731
1728985871048 0.22789019346237183 1732
1728985872900 0.16260935366153717 1733
1728985874750 0.20623816549777985 1734
1728985876604 0.14374853670597076 1735
1728985878452 0.14513960480690002 1736
1728985880303 0.1308211088180542 1737
1728985882153 0.14571845531463623 1738
1728985884012 0.1631779670715332 1739
1728985885868 0.1517421305179596 1740
1728985887716 0.2227959930896759 1741
1728985889568 0.25529468059539795 1742
1728985891427 0.27202659845352173 1743
1728985893275 0.30119964480400085 1744
1728985895131 0.16750413179397583 1745
1728985896983 0.2063164860010147 1746
1728985898837 0.21718090772628784 1747
1728985900687 0.15685653686523438 1748
1728985902543 0.1561901569366455 1749
1728985904393 0.14828886091709137 1750
1728985906245 0.16405783593654633 1751
1728985908110 0.12902790307998657 1752
1728985909965 0.1716313511133194 1753
1728985911817 0.13016924262046814 1754
1728985913673 0.2054528295993805 1755
1728985915522 0.17316432297229767 1756
1728985917372 0.20932915806770325 1757
1728985919221 0.21925029158592224 1758
1728985921074 0.19147878885269165 1759
1728985922913 0.14513711631298065 1760
1728985924759 0.15166667103767395 1761
1728985926613 0.16663911938667297 1762
1728985928466 0.1684868484735489 1763
1728985930319 0.14562314748764038 1764
1728985932181 0.18194541335105896 1765
1728985934030 0.19046184420585632 1766
1728985935887 0.17328867316246033 1767
1728985937735 0.17610526084899902 1768
1728985939582 0.1790943443775177 1769
1728985941435 0.18685588240623474 1770
1728985943288 0.1790754199028015 1771
1728985945135 0.1294616460800171 1772
1728985946983 0.14034093916416168 1773
1728985948828 0.16696584224700928 1774
1728985950685 0.2087058573961258 1775
1728985952532 0.17822180688381195 1776
1728985954379 0.18619078397750854 1777
1728985956229 0.17356564104557037 1778
1728985958184 0.16417205333709717 1779
1728985960030 0.20011559128761292 1780
1728985961879 0.19188806414604187 1781
1728985963731 0.17924746870994568 1782
1728985965580 0.20590005815029144 1783
1728985967422 0.20618051290512085 1784
1728985969267 0.2181175798177719 1785
1728985971118 0.14129507541656494 1786
1728985972973 0.15973639488220215 1787
1728985974824 0.20640142261981964 1788
1728985976672 0.17260663211345673 1789
1728985978524 0.14993032813072205 1790
1728985980376 0.2067546546459198 1791
1728985982221 0.15820558369159698 1792
1728985984079 0.21079695224761963 1793
1728985985926 0.17944015562534332 1794
1728985987771 0.15302033722400665 1795
1728985989631 0.2017752081155777 1796
1728985991483 0.19255495071411133 1797
1728985993334 0.14570602774620056 1798
1728985995192 0.12211054563522339 1799
1728985997036 0.17402058839797974 1800
1728985998885 0.16672322154045105 1801
1728986000733 0.1628047674894333 1802
1728986002578 0.18313415348529816 1803
1728986004434 0.21111401915550232 1804
1728986006283 0.20114387571811676 1805
1728986008134 0.14468026161193848 1806
1728986009982 0.15694904327392578 1807
1728986011828 0.17194914817810059 1808
1728986013671 0.220814049243927 1809
1728986015524 0.17370574176311493 1810
1728986017375 0.1724090278148651 1811
1728986019229 0.1866004467010498 1812
1728986021077 0.17815831303596497 1813
1728986022934 0.15646493434906006 1814
1728986024787 0.18989506363868713 1815
1728986026634 0.17160364985466003 1816
1728986028481 0.14899031817913055 1817
1728986030332 0.1827692985534668 1818
1728986032184 0.17856433987617493 1819
1728986034033 0.1699969619512558 1820
1728986035882 0.14003366231918335 1821
1728986037734 0.19092179834842682 1822
1728986039581 0.2217126190662384 1823
1728986041426 0.17642152309417725 1824
1728986043275 0.18404611945152283 1825
1728986045119 0.1739794909954071 1826
1728986046974 0.17587821185588837 1827
1728986048829 0.2067350149154663 1828
1728986050682 0.13108578324317932 1829
1728986052526 0.16576045751571655 1830
1728986054374 0.14960110187530518 1831
1728986056220 0.19211269915103912 1832
1728986058068 0.2011348009109497 1833
1728986059925 0.3182106018066406 1834
1728986061767 0.13416561484336853 1835
1728986063620 0.18395021557807922 1836
1728986065492 0.2850348949432373 1837
1728986067342 0.16028329730033875 1838
1728986069200 0.2046348750591278 1839
1728986071053 0.16465213894844055 1840
1728986072903 0.16338014602661133 1841
1728986074762 0.20149889588356018 1842
1728986076625 0.14362169802188873 1843
1728986078475 0.15240049362182617 1844
1728986080323 0.23667439818382263 1845
1728986082179 0.19604569673538208 1846
1728986084035 0.1969740390777588 1847
1728986085881 0.21198391914367676 1848
1728986087737 0.16604146361351013 1849
1728986089586 0.24855372309684753 1850
1728986091437 0.15775428712368011 1851
1728986093289 0.15065830945968628 1852
1728986095144 0.239560067653656 1853
1728986097011 0.1599874198436737 1854
1728986098864 0.174478217959404 1855
1728986100710 0.11757062375545502 1856
1728986102559 0.17714622616767883 1857
1728986104410 0.22976554930210114 1858
1728986106258 0.175193190574646 1859
1728986108105 0.2407013326883316 1860
1728986109950 0.16092729568481445 1861
1728986111799 0.19596025347709656 1862
1728986113652 0.13813695311546326 1863
1728986115506 0.17955857515335083 1864
1728986117359 0.20226487517356873 1865
1728986119211 0.160352885723114 1866
1728986121058 0.17199671268463135 1867
1728986122913 0.1831122785806656 1868
1728986124759 0.15971556305885315 1869
1728986126611 0.20648331940174103 1870
1728986128467 0.1803542971611023 1871
1728986130314 0.18147996068000793 1872
1728986132161 0.13015241920948029 1873
1728986134014 0.20055942237377167 1874
1728986135861 0.2690795361995697 1875
1728986137714 0.13621869683265686 1876
1728986139560 0.18951278924942017 1877
1728986141410 0.15314537286758423 1878
1728986143267 0.16055217385292053 1879
1728986145123 0.1790795773267746 1880
1728986146972 0.16673919558525085 1881
1728986148819 0.15979592502117157 1882
1728986150668 0.21611876785755157 1883
1728986152527 0.18329763412475586 1884
1728986154461 0.20249968767166138 1885
1728986156309 0.19937556982040405 1886
1728986158168 0.18718591332435608 1887
1728986160019 0.20486441254615784 1888
1728986161863 0.1587807536125183 1889
1728986163712 0.1715182662010193 1890
1728986165559 0.21167553961277008 1891
1728986167412 0.16718930006027222 1892
1728986169256 0.1835884302854538 1893
1728986171104 0.14745725691318512 1894
1728986172951 0.1660933792591095 1895
1728986174797 0.18262913823127747 1896
1728986176647 0.18056100606918335 1897
1728986178495 0.19321851432323456 1898
1728986180342 0.15745791792869568 1899
1728986182189 0.2797384262084961 1900
1728986184035 0.13745608925819397 1901
1728986185881 0.15531150996685028 1902
1728986187722 0.15924450755119324 1903
1728986189559 0.24340590834617615 1904
1728986191868 0.18585699796676636 1905
1728986198680 0.17369255423545837 1906
1728986200539 0.201912984251976 1907
1728986202388 0.14390115439891815 1908
1728986204237 0.24771973490715027 1909
1728986206085 0.19902199506759644 1910
1728986207930 0.18529686331748962 1911
1728986209778 0.19382986426353455 1912
1728986211636 0.15737083554267883 1913
1728986213492 0.17894594371318817 1914
1728986215340 0.14710105955600739 1915
1728986217192 0.20109716057777405 1916
1728986219037 0.2971292734146118 1917
1728986220888 0.22124865651130676 1918
1728986222736 0.17916423082351685 1919
1728986224588 0.17154435813426971 1920
1728986226443 0.1955462396144867 1921
1728986228294 0.15611115097999573 1922
1728986230143 0.17417015135288239 1923
1728986231996 0.18713730573654175 1924
1728986233841 0.14444608986377716 1925
1728986235692 0.20010599493980408 1926
1728986237544 0.14601722359657288 1927
1728986239397 0.17004787921905518 1928
1728986241251 0.1661776602268219 1929
1728986243098 0.24633349478244781 1930
1728986244944 0.19070395827293396 1931
1728986246798 0.15285435318946838 1932
1728986248654 0.16798198223114014 1933
1728986250502 0.11174114048480988 1934
1728986252357 0.18698281049728394 1935
1728986254205 0.15835843980312347 1936
1728986256053 0.21088826656341553 1937
1728986257910 0.150460883975029 1938
1728986259752 0.18072402477264404 1939
1728986261601 0.19702906906604767 1940
1728986263451 0.18768391013145447 1941
1728986265299 0.14623597264289856 1942
1728986267154 0.1644888073205948 1943
1728986269009 0.12808945775032043 1944
1728986270860 0.14301201701164246 1945
1728986272716 0.1634344756603241 1946
1728986274579 0.16875803470611572 1947
1728986276435 0.20028626918792725 1948
1728986278288 0.13967293500900269 1949
1728986280138 0.20708727836608887 1950
1728986281989 0.13922348618507385 1951
1728986283838 0.2003830522298813 1952
1728986285689 0.1643558144569397 1953
1728986287549 0.17656747996807098 1954
1728986289397 0.13853365182876587 1955
1728986291248 0.2239471971988678 1956
1728986293098 0.18333810567855835 1957
1728986294943 0.2590249180793762 1958
1728986296792 0.2575051188468933 1959
1728986298643 0.17361003160476685 1960
1728986300490 0.14698083698749542 1961
1728986302342 0.17691262066364288 1962
1728986304182 0.16927123069763184 1963
1728986306034 0.17650620639324188 1964
1728986307881 0.18087157607078552 1965
1728986309739 0.166422039270401 1966
1728986311588 0.15772289037704468 1967
1728986313653 0.16199728846549988 1968
1728986315441 0.14296892285346985 1969
1728986317297 0.18276579678058624 1970
1728986319157 0.19000571966171265 1971
1728986321006 0.16150254011154175 1972
1728986322856 0.17884990572929382 1973
1728986324709 0.19250568747520447 1974
1728986326558 0.16321831941604614 1975
1728986328412 0.16572412848472595 1976
1728986330268 0.1696089208126068 1977
1728986332128 0.15978066623210907 1978
1728986333978 0.22124768793582916 1979
1728986335832 0.13258759677410126 1980
1728986337678 0.13832539319992065 1981
1728986339538 0.17716814577579498 1982
1728986341385 0.2999733090400696 1983
1728986343233 0.16154175996780396 1984
1728986345094 0.15782825648784637 1985
1728986346945 0.20647160708904266 1986
1728986348801 0.1501949429512024 1987
1728986350653 0.17804642021656036 1988
1728986352508 0.17194309830665588 1989
1728986354355 0.12378355115652084 1990
1728986356211 0.26555606722831726 1991
1728986358059 0.13427197933197021 1992
1728986359905 0.13471579551696777 1993
1728986361752 0.14622867107391357 1994
1728986363604 0.13109204173088074 1995
1728986365462 0.1676163226366043 1996
1728986367317 0.11634479463100433 1997
1728986369182 0.18153485655784607 1998
1728986371038 0.17238476872444153 1999
1728986372896 0.2165769338607788 2000
