1728696890319 0.15359771251678467 1
1728696890996 0.13526152074337006 2
1728696891632 0.15807385742664337 3
1728696892255 0.18657125532627106 4
1728696892882 0.2114442139863968 5
1728696893504 0.13872988522052765 6
1728696894130 0.16422030329704285 7
1728696894753 0.22639714181423187 8
1728696895385 0.03163279965519905 9
1728696896008 0.18157903850078583 10
1728696896646 0.13813252747058868 11
1728696897287 0.12297515571117401 12
1728696897911 0.0637877807021141 13
1728696898528 0.23532910645008087 14
1728696899159 0.17289483547210693 15
1728696899783 0.26441505551338196 16
1728696900398 0.12255699187517166 17
1728696901025 0.009807257913053036 18
1728696901658 0.14188352227210999 19
1728696902278 0.10399315506219864 20
1728696902909 0.9119055271148682 21
1728696903542 0.17866399884223938 22
1728696904179 0.2602355480194092 23
1728696904817 0.16178518533706665 24
1728696905445 0.18572282791137695 25
1728696906067 0.36331066489219666 26
1728696906696 0.20851121842861176 27
1728696907331 0.1896907091140747 28
1728696907979 0.2024977207183838 29
1728696908605 0.1671321988105774 30
1728696909227 0.2035592645406723 31
1728696909868 0.057916074991226196 32
1728696910491 0.1971079260110855 33
1728696911286 0.1653962880373001 34
1728696911926 0.2873443365097046 35
1728696912561 0.1648591309785843 36
1728696913177 0.13193178176879883 37
1728696913804 0.1531348079442978 38
1728696914419 0.12875813245773315 39
1728696915032 0.23967446386814117 40
1728696915648 0.2867680788040161 41
1728696916269 0.028088929131627083 42
1728696916883 0.1551993191242218 43
1728696917497 0.14926613867282867 44
1728696918122 0.10114700347185135 45
1728696918758 0.24526183307170868 46
1728696919518 0.17046363651752472 47
1728696920131 0.08529988676309586 48
1728696920752 0.20456340909004211 49
1728696921389 0.12342000007629395 50
1728696922017 0.13442523777484894 51
1728696922639 0.16150523722171783 52
1728696923283 0.21344442665576935 53
1728696923914 0.13040471076965332 54
1728696924526 0.09735129028558731 55
1728696925151 0.1543792486190796 56
1728696925766 0.08020000904798508 57
1728696926379 0.17606286704540253 58
1728696926994 0.20783479511737823 59
1728696927619 0.17971280217170715 60
1728696928233 0.14964887499809265 61
1728696928860 0.16652199625968933 62
1728696929494 0.011071872897446156 63
1728696930125 0.1783198118209839 64
1728696930756 0.3309430181980133 65
1728696931377 0.12967899441719055 66
1728696932001 0.10403130203485489 67
1728696932633 0.20578251779079437 68
1728696933261 0.17027603089809418 69
1728696933887 0.09713154286146164 70
1728696934512 0.16453896462917328 71
1728696935154 0.10878781229257584 72
1728696935794 0.1720934510231018 73
1728696936424 0.05570352077484131 74
1728696937063 0.27211397886276245 75
1728696937677 0.2195763736963272 76
1728696938309 0.06524208933115005 77
1728696938936 0.1654767543077469 78
1728696939559 0.18421795964241028 79
1728696940194 0.17710404098033905 80
1728696940822 0.061214592307806015 81
1728696941455 0.1352005898952484 82
1728696942096 0.22374136745929718 83
1728696942731 0.18348519504070282 84
1728696943383 0.010795360431075096 85
1728696944007 0.13577257096767426 86
1728696944630 0.2268180549144745 87
1728696945246 0.18093588948249817 88
1728696945871 0.11329783499240875 89
1728696946505 0.19415076076984406 90
1728696947145 0.14051707088947296 91
1728696947761 0.18500089645385742 92
1728696948385 0.14004619419574738 93
1728696949000 0.14026875793933868 94
1728696949632 0.28490522503852844 95
1728696950252 0.13071058690547943 96
1728696950874 0.19069279730319977 97
