1728888424879 0.1492660492658615 1
1728888428559 0.08072659373283386 2
1728888432831 0.16221408545970917 3
1728888437109 0.11793678998947144 4
1728888441387 0.10367618501186371 5
1728888445687 0.0844835489988327 6
1728888449982 0.2765340507030487 7
1728888453705 0.2858821749687195 8
1728888458011 0.06845392286777496 9
1728888461742 0.11851591616868973 10
1728888466048 0.13182857632637024 11
1728888470364 0.12607426941394806 12
1728888474089 0.13379377126693726 13
1728888478399 0.04861896112561226 14
1728888482729 0.08132273703813553 15
1728888487030 0.059153296053409576 16
1728888491353 0.13426202535629272 17
1728888495683 0.10171349346637726 18
1728888499999 0.07246019691228867 19
1728888503732 0.10809582471847534 20
1728888508079 0.10085433721542358 21
1728888512410 0.0767839103937149 22
1728888516740 0.1417931318283081 23
1728888521077 0.09467655420303345 24
1728888525408 0.09859226644039154 25
1728888529733 0.09913734346628189 26
1728888533470 0.1136092096567154 27
1728888537206 0.14716836810112 28
1728888541532 0.09203926473855972 29
1728888545848 0.09497769176959991 30
1728888550164 0.09008146077394485 31
1728888554478 0.07615584135055542 32
1728888558808 0.16824114322662354 33
1728888563133 0.10879582166671753 34
1728888567439 0.0857088565826416 35
1728888571767 0.20693083107471466 36
1728888576106 0.08419308811426163 37
1728888580420 0.1338929533958435 38
1728888584734 0.09266316890716553 39
1728888589050 0.03632029891014099 40
1728888593388 0.10420143604278564 41
1728888597124 0.2144433557987213 42
1728888601447 0.0715496763586998 43
1728888605778 0.11450214684009552 44
1728888609497 0.1414732187986374 45
1728888613830 0.13154533505439758 46
1728888618139 0.09119239449501038 47
1728888622465 0.1375897079706192 48
1728888626793 0.1463310569524765 49
1728888631119 0.10550632327795029 50
1728888635434 0.06946210563182831 51
1728888639753 0.09560656547546387 52
1728888644080 0.10812631249427795 53
1728888648394 0.11247338354587555 54
1728888652715 0.06925133615732193 55
1728888657041 0.09816039353609085 56
1728888661350 0.10538352280855179 57
1728888665661 0.10656003654003143 58
1728888669978 0.08496677130460739 59
1728888674301 0.054113298654556274 60
1728888678633 0.12823763489723206 61
1728888682954 0.1507432758808136 62
1728888687283 0.04508182778954506 63
1728888691602 0.10116361826658249 64
1728888695920 0.07975071668624878 65
1728888700221 0.018995191901922226 66
1728888704533 0.08258877694606781 67
1728888708271 0.18697386980056763 68
1728888712587 0.08627922087907791 69
1728888716933 0.10528605431318283 70
1728888721281 0.10001153498888016 71
1728888725610 0.11492501944303513 72
1728888729943 0.21823546290397644 73
1728888734281 0.1532343029975891 74
1728888738607 0.12866052985191345 75
1728888742922 0.07282033562660217 76
1728888747237 0.07132184505462646 77
1728888751569 0.1188298761844635 78
1728888755887 0.06714056432247162 79
1728888760211 0.13572505116462708 80
1728888764534 0.10968776047229767 81
1728888768832 0.01791759952902794 82
1728888773159 0.1084909662604332 83
1728888777503 0.15573546290397644 84
1728888781823 0.05091346055269241 85
1728888786144 0.13645701110363007 86
1728888790476 0.09187574684619904 87
1728888794797 0.142805278301239 88
1728888798536 0.3862777054309845 89
1728888802269 0.10360659658908844 90
1728888806591 0.09038881212472916 91
1728888810923 0.16809019446372986 92
1728888815237 0.033486656844615936 93
1728888819547 0.07809741795063019 94
1728888823286 0.26448091864585876 95
1728888827614 0.07429657131433487 96
1728888831916 0.15743471682071686 97
1728888836236 0.10692839324474335 98
1728888840566 0.10653069615364075 99
1728888844885 0.09652173519134521 100
1728888848611 0.11626121401786804 101
1728888852929 0.09609879553318024 102
1728888857241 0.12956565618515015 103
1728888861561 0.16743001341819763 104
1728888865886 0.06920883804559708 105
1728888870205 0.08592496067285538 106
1728888874537 0.08091320097446442 107
1728888878859 0.10997883975505829 108
1728888883195 0.14677119255065918 109
1728888887508 0.0836401879787445 110
1728888891823 0.13660867512226105 111
1728888896143 0.09667333215475082 112
1728888900454 0.09677127003669739 113
1728888904742 0.013236943632364273 114
1728888909066 0.11837200820446014 115
1728888913389 0.09859681129455566 116
1728888917705 0.09143991768360138 117
1728888922020 0.11803161352872849 118
1728888926334 0.14877869188785553 119
1728888930639 0.06407018005847931 120
1728888934964 0.1333840936422348 121
1728888939294 0.1310528665781021 122
1728888943609 0.06362953037023544 123
1728888947921 0.11559419333934784 124
1728888951652 0.29181066155433655 125
1728888955975 0.09926630556583405 126
1728888959706 0.13190019130706787 127
1728888964041 0.13727502524852753 128
1728888968364 0.08200150728225708 129
1728888972689 0.11927780508995056 130
1728888977009 0.10077884793281555 131
1728888980743 0.15238261222839355 132
1728888985058 0.10671278089284897 133
1728888989383 0.17022429406642914 134
1728888993102 0.15979927778244019 135
1728888997419 0.08024908602237701 136
1728889001154 0.10324530303478241 137
1728889005464 0.11869819462299347 138
1728889009781 0.10425251722335815 139
1728889014104 0.1013660728931427 140
1728889018442 0.11308321356773376 141
1728889022757 0.12042784690856934 142
1728889027077 0.18430045247077942 143
1728889031402 0.1550890952348709 144
1728889035720 0.08859145641326904 145
1728889040038 0.0736985057592392 146
1728889044360 0.06208674609661102 147
1728889048680 0.11905845999717712 148
1728889052999 0.09811253845691681 149
1728889057319 0.12714353203773499 150
1728889061634 0.07738061249256134 151
1728889065956 0.23377200961112976 152
1728889070281 0.1121155172586441 153
1728889074620 0.17177735269069672 154
1728889078928 0.08994195610284805 155
1728889083259 0.20929662883281708 156
1728889087591 0.18978595733642578 157
1728889091917 0.08366793394088745 158
1728889096248 0.20280086994171143 159
1728889100572 0.2154226005077362 160
1728889104299 0.1116955429315567 161
1728889108621 0.09090851247310638 162
1728889112956 0.24495872855186462 163
1728889117284 0.13603869080543518 164
1728889121600 0.09573490917682648 165
1728889125318 0.06844364106655121 166
1728889129637 0.0888715386390686 167
1728889133960 0.29931139945983887 168
1728889138285 0.10102437436580658 169
1728889142599 0.012779759243130684 170
1728889146922 0.10392407327890396 171
1728889151244 0.11363911628723145 172
1728889155572 0.07615195214748383 173
1728889159904 0.2466324269771576 174
1728889164205 0.06569340825080872 175
1728889168523 0.1294451653957367 176
1728889172251 0.09007765352725983 177
1728889176573 0.10958018898963928 178
1728889180904 0.20732000470161438 179
1728889185223 0.0722418874502182 180
1728889189549 0.10354289412498474 181
1728889193849 0.1049879640340805 182
1728889198168 0.1684037744998932 183
1728889201900 0.11551158130168915 184
1728889206225 0.19460563361644745 185
1728889210548 0.09122335910797119 186
1728889214869 0.11789696663618088 187
1728889219204 0.08524120599031448 188
1728889223519 0.109911248087883 189
1728889227840 0.11280910670757294 190
1728889232158 0.10269642621278763 191
1728889236485 0.05867878720164299 192
1728889240824 0.15146023035049438 193
1728889245127 0.13231287896633148 194
1728889249453 0.12019860744476318 195
1728889253774 0.06817064434289932 196
1728889258075 0.02531898394227028 197
1728889261809 0.19944775104522705 198
1728889266128 0.096015065908432 199
1728889270417 0.01875917986035347 200
1728889274745 0.06409244984388351 201
1728889279060 0.14712655544281006 202
1728889283380 0.0854106917977333 203
1728889287699 0.08443346619606018 204
1728889292025 0.192934051156044 205
1728889296342 0.06867013871669769 206
1728889300667 0.1791594922542572 207
1728889304401 0.11392297595739365 208
1728889308721 0.10075637698173523 209
1728889313042 0.03794538602232933 210
1728889317349 0.0718129575252533 211
1728889321676 0.24278807640075684 212
1728889325988 0.06512165814638138 213
1728889330321 0.10770416259765625 214
1728889334648 0.11822128295898438 215
1728889338980 0.1018107533454895 216
1728889343299 0.10597288608551025 217
1728889347624 0.09172830730676651 218
1728889351914 0.06579264253377914 219
1728889356230 0.11717917770147324 220
1728889360545 0.10910041630268097 221
1728889364862 0.07729518413543701 222
1728889369195 0.13144829869270325 223
1728889373546 0.19877302646636963 224
1728889377284 0.11213411390781403 225
1728889381604 0.12356196343898773 226
1728889385923 0.08237828314304352 227
1728889390242 0.11322501301765442 228
1728889394563 0.1284557580947876 229
1728889398893 0.10436496138572693 230
1728889402632 0.10525046288967133 231
1728889406946 0.06500783562660217 232
1728889411268 0.17886777222156525 233
1728889415581 0.05077783763408661 234
1728889419893 0.07786428183317184 235
1728889424218 0.12422597408294678 236
1728889428541 0.08668328076601028 237
1728889432858 0.06031077727675438 238
1728889437189 0.13806939125061035 239
1728889441505 0.05971584841609001 240
1728889445826 0.11181582510471344 241
1728889450169 0.2342996597290039 242
1728889454503 0.11983323097229004 243
1728889458811 0.10501930117607117 244
1728889463121 0.08141349256038666 245
1728889467453 0.12480971217155457 246
1728889471762 0.08438782393932343 247
1728889476086 0.16359737515449524 248
1728889480435 0.17640259861946106 249
1728889484749 0.10922300815582275 250
1728889489062 0.09423888474702835 251
1728889493391 0.1112995445728302 252
1728889497113 0.5100136995315552 253
1728889501428 0.25796955823898315 254
1728889505747 0.1188027486205101 255
1728889510076 0.1208263412117958 256
1728889513786 0.1219387948513031 257
1728889518111 0.13084648549556732 258
1728889522449 0.32738205790519714 259
1728889526774 0.16412191092967987 260
1728889531093 0.05814732238650322 261
1728889535424 0.06478171050548553 262
1728889539743 0.14232024550437927 263
1728889544065 0.06423218548297882 264
1728889548391 0.19799458980560303 265
1728889552717 0.10146942734718323 266
1728889557034 0.11235414445400238 267
1728889561336 0.08248569071292877 268
1728889565651 0.06640341132879257 269
1728889569382 0.1143735870718956 270
1728889573696 0.09139862656593323 271
1728889578026 0.08792486786842346 272
1728889582350 0.15730974078178406 273
1728889586658 0.12545189261436462 274
1728889590978 0.08405851572751999 275
1728889595296 0.09118522703647614 276
1728889599623 0.10930748283863068 277
1728889603953 0.11333730816841125 278
1728889608270 0.1337192952632904 279
1728889612588 0.09320042282342911 280
1728889616919 0.1442740112543106 281
1728889621248 0.07498221099376678 282
1728889625557 0.12553170323371887 283
1728889629866 0.04695620387792587 284
1728889634201 0.26344192028045654 285
1728889638520 0.13105487823486328 286
1728889642832 0.06589044630527496 287
1728889646563 0.101219043135643 288
1728889650887 0.07318143546581268 289
1728889655209 0.11387283354997635 290
1728889659027 0.10543192923069 291
1728889663350 0.10948969423770905 292
1728889667659 0.2548121511936188 293
1728889671966 0.08592838048934937 294
1728889676283 0.286031037569046 295
1728889680600 0.18255090713500977 296
1728889684926 0.16104735434055328 297
1728889688680 0.1585303395986557 298
1728889692419 0.25828346610069275 299
1728889696736 0.12864437699317932 300
1728889701052 0.05712299048900604 301
1728889705366 0.10700355470180511 302
1728889709707 0.17396387457847595 303
1728889714029 0.06672461330890656 304
1728889718338 0.08051419258117676 305
1728889722657 0.13825374841690063 306
1728889726965 0.024742785841226578 307
1728889731286 0.23014983534812927 308
1728889735617 0.14528173208236694 309
1728889739928 0.11359637975692749 310
1728889744256 0.1172943115234375 311
1728889748579 0.11199557781219482 312
1728889752916 0.05730690807104111 313
1728889757231 0.09001695364713669 314
1728889761547 0.10656920075416565 315
1728889765874 0.35387080907821655 316
1728889770193 0.08467890322208405 317
1728889774513 0.10889885574579239 318
1728889778832 0.09481379389762878 319
1728889783149 0.1645834743976593 320
1728889787473 0.38693946599960327 321
1728889791803 0.11376090347766876 322
1728889796119 0.12116305530071259 323
1728889800456 0.2720300555229187 324
1728889804185 0.05724288523197174 325
1728889808496 0.10454131662845612 326
1728889812810 0.07684357464313507 327
1728889817121 0.0569121390581131 328
1728889821438 0.04110095277428627 329
1728889825755 0.11433275043964386 330
1728889830074 0.11613741517066956 331
1728889834399 0.07020959258079529 332
1728889838730 0.08449994027614594 333
1728889843051 0.09886162728071213 334
1728889847369 0.09622460603713989 335
1728889851688 0.10216327011585236 336
1728889856008 0.0668996274471283 337
1728889860323 0.08542299270629883 338
1728889864646 0.0886608213186264 339
1728889868965 0.12505754828453064 340
1728889873284 0.15723934769630432 341
1728889877622 0.11581017076969147 342
1728889881336 0.016910796985030174 343
1728889885660 0.32454991340637207 344
1728889889971 0.030847031623125076 345
1728889894311 0.16086599230766296 346
1728889898632 0.10315951704978943 347
1728889902946 0.011466016992926598 348
1728889907267 0.08947876840829849 349
1728889911586 0.10437441617250443 350
1728889915919 0.051372695714235306 351
1728889920228 0.09799230098724365 352
1728889924561 0.14045685529708862 353
1728889928913 0.07127872109413147 354
1728889933222 0.0772203803062439 355
1728889937563 0.3562415540218353 356
1728889941892 0.0679687112569809 357
1728889946209 0.1220482587814331 358
1728889950542 0.14723606407642365 359
1728889954872 0.15660825371742249 360
1728889959189 0.11130035668611526 361
1728889963526 0.11147770285606384 362
1728889967857 0.13212153315544128 363
1728889972168 0.12818485498428345 364
1728889976492 0.09259237349033356 365
1728889980822 0.19808274507522583 366
1728889985153 0.09464047849178314 367
1728889989481 0.1469677984714508 368
1728889993231 0.7288013696670532 369
1728889997547 0.11152534186840057 370
1728890001871 0.12698152661323547 371
1728890006198 0.03910770267248154 372
1728890010510 0.09756827354431152 373
1728890014826 0.11201350390911102 374
1728890019145 0.048374295234680176 375
1728890022865 0.12794294953346252 376
1728890027193 0.10660497844219208 377
1728890031518 0.11097349971532822 378
1728890035840 0.16350200772285461 379
1728890040164 0.03878827020525932 380
1728890044480 0.053349029272794724 381
1728890048801 0.08046440780162811 382
1728890053119 0.28475266695022583 383
1728890057434 0.0901854857802391 384
1728890061749 0.0704270452260971 385
1728890066071 0.08098017424345016 386
1728890070377 0.027374595403671265 387
1728890074697 0.0818035900592804 388
1728890079019 0.198775514960289 389
1728890083332 0.1128009706735611 390
1728890087655 0.13991650938987732 391
1728890091982 0.1294187754392624 392
1728890096304 0.07168668508529663 393
1728890100605 0.01971502974629402 394
1728890104335 0.10180464386940002 395
1728890108662 0.1357177495956421 396
1728890112987 0.23212087154388428 397
1728890117313 0.07908971607685089 398
1728890121648 0.1508948802947998 399
1728890125976 0.1515434831380844 400
1728890130298 0.05599071830511093 401
1728890134625 0.1374056041240692 402
1728890138932 0.07590746879577637 403
1728890143249 0.07522131502628326 404
1728890147567 0.10340175032615662 405
1728890151892 0.10760541260242462 406
1728890155617 0.0633155107498169 407
1728890159932 0.051139697432518005 408
1728890164247 0.11076653748750687 409
1728890168581 0.09014196693897247 410
1728890172902 0.10817727446556091 411
1728890177218 0.13147227466106415 412
1728890181562 0.19655001163482666 413
1728890185878 0.08534445613622665 414
1728890190198 0.08703245222568512 415
1728890193930 0.2663183808326721 416
1728890198254 0.1222657710313797 417
1728890202569 0.08635133504867554 418
1728890206904 0.07046667486429214 419
1728890210630 0.09670812636613846 420
1728890214954 0.0575418546795845 421
1728890219279 0.07269982993602753 422
1728890223604 0.08162790536880493 423
1728890227921 0.08673276007175446 424
1728890232255 0.16373330354690552 425
1728890236579 0.1620621234178543 426
1728890240895 0.10217824578285217 427
1728890244637 0.18455810844898224 428
1728890248957 0.13689658045768738 429
1728890253233 0.002571601653471589 430
1728890257563 0.15289443731307983 431
1728890261892 0.14572907984256744 432
1728890266208 0.1347566395998001 433
1728890270537 0.1284639984369278 434
1728890274833 0.06895209848880768 435
1728890278570 0.4939669966697693 436
1728890282905 0.11100570857524872 437
1728890287233 0.10165378451347351 438
1728890291555 0.06220804527401924 439
1728890295869 0.07795082777738571 440
1728890300197 0.09846533834934235 441
1728890304496 0.07393494248390198 442
1728890308818 0.1680299937725067 443
1728890313152 0.13233457505702972 444
1728890317467 0.10021290183067322 445
1728890321794 0.1089400053024292 446
1728890326126 0.1262059211730957 447
1728890330461 0.22083278000354767 448
1728890334772 0.09345267713069916 449
1728890339095 0.08814369142055511 450
1728890343416 0.11646661162376404 451
1728890347742 0.14423170685768127 452
1728890352051 0.09871259331703186 453
1728890356360 0.0906800776720047 454
1728890360673 0.04981603845953941 455
1728890364998 0.13585485517978668 456
1728890369321 0.09891985356807709 457
1728890373642 0.07798243314027786 458
1728890377959 0.13773557543754578 459
1728890382279 0.16682203114032745 460
1728890386014 0.1353340595960617 461
1728890390329 0.10204596817493439 462
1728890394642 0.10032898932695389 463
1728890398960 0.20543546974658966 464
1728890403280 0.3299770653247833 465
1728890407601 0.14806315302848816 466
1728890411922 0.11137496680021286 467
1728890416240 0.06132350116968155 468
1728890420558 0.12146657705307007 469
1728890424295 0.19553619623184204 470
1728890428637 0.12880143523216248 471
1728890432961 0.08442746102809906 472
1728890437301 0.1267225742340088 473
1728890441621 0.09331464767456055 474
1728890445935 0.08173076808452606 475
1728890450261 0.0854974165558815 476
1728890454576 0.06867986172437668 477
1728890458891 0.05685964971780777 478
1728890463229 0.19923101365566254 479
1728890467575 0.1433161199092865 480
1728890471900 0.1315939575433731 481
1728890475640 0.11344577372074127 482
1728890479959 0.1118975430727005 483
1728890484284 0.10654263198375702 484
1728890488600 0.016471868380904198 485
1728890492923 0.09809505939483643 486
1728890497238 0.16190950572490692 487
1728890501558 0.050452254712581635 488
1728890505874 0.10842348635196686 489
1728890510221 0.09598080813884735 490
1728890514557 0.12031911313533783 491
1728890518869 0.05576051026582718 492
1728890523176 0.014949808828532696 493
1728890526920 0.13460403680801392 494
1728890531258 0.13343991339206696 495
1728890535582 0.10490140318870544 496
1728890539893 0.07791894674301147 497
1728890544215 0.07227189093828201 498
1728890548535 0.1372232437133789 499
1728890552861 0.11919949948787689 500
1728890557180 0.10346535593271255 501
1728890560914 0.0919567421078682 502
1728890565240 0.2252713441848755 503
1728890569559 0.1280805766582489 504
1728890573294 0.09279058873653412 505
1728890577628 0.13847199082374573 506
1728890581940 0.054743193089962006 507
1728890586259 0.09886892139911652 508
1728890589998 0.10033255070447922 509
1728890594317 0.07369929552078247 510
1728890598629 0.1483418345451355 511
1728890602954 0.14479953050613403 512
1728890607279 0.13396188616752625 513
1728890611566 0.05141778290271759 514
1728890615897 0.10628713667392731 515
1728890620220 0.1225498616695404 516
1728890624549 0.23642735183238983 517
1728890628297 0.16700616478919983 518
1728890632019 0.1444786787033081 519
1728890636338 0.0438295416533947 520
1728890640668 0.07699565589427948 521
1728890644989 0.15761393308639526 522
1728890649312 0.08523257076740265 523
1728890653641 0.195677250623703 524
1728890657962 0.23569267988204956 525
1728890662271 0.11452855169773102 526
1728890666592 0.09497285634279251 527
1728890670912 0.1262759566307068 528
1728890674645 0.118398018181324 529
1728890678967 0.16147170960903168 530
1728890683293 0.05054842308163643 531
1728890687621 0.06131419911980629 532
1728890691940 0.09585587680339813 533
1728890696258 0.11505591869354248 534
1728890700601 0.18824736773967743 535
1728890704932 0.20123857259750366 536
1728890709281 0.1277714967727661 537
1728890713604 0.07109705358743668 538
1728890717926 0.10533138364553452 539
1728890722261 0.17720988392829895 540
1728890726590 0.07441561669111252 541
1728890730923 0.10253319889307022 542
1728890735255 0.11873084306716919 543
1728890738978 0.17501991987228394 544
1728890743293 0.11950819939374924 545
1728890747625 0.09188590943813324 546
1728890751942 0.08707700669765472 547
1728890756274 0.15120059251785278 548
1728890760613 0.0888972133398056 549
1728890764342 0.1569136679172516 550
1728890768661 0.12217766791582108 551
1728890772983 0.23843367397785187 552
1728890777308 0.08746805787086487 553
1728890781605 0.031228547915816307 554
1728890785932 0.08219212293624878 555
1728890790259 0.0811966061592102 556
1728890794568 0.08503478765487671 557
1728890798881 0.05531264841556549 558
1728890803209 0.07877573370933533 559
1728890807536 0.14460483193397522 560
1728890811852 0.11581305414438248 561
1728890816184 0.09809142351150513 562
1728890820507 0.04136663302779198 563
1728890824827 0.07685558497905731 564
1728890829147 0.029275111854076385 565
1728890833460 0.08441191911697388 566
1728890837770 0.10546918213367462 567
1728890842077 0.10840287804603577 568
1728890846406 0.1298655867576599 569
1728890850713 0.014891767874360085 570
1728890855033 0.10158483684062958 571
1728890859356 0.06198064237833023 572
1728890863650 0.0448702909052372 573
1728890867975 0.09579701721668243 574
1728890872309 0.1191149353981018 575
1728890876629 0.0966220498085022 576
1728890880944 0.07966981828212738 577
1728890885264 0.16494786739349365 578
1728890889590 0.1736670732498169 579
1728890893913 0.16156694293022156 580
1728890898240 0.06845948845148087 581
1728890902563 0.18422019481658936 582
1728890906879 0.10503777116537094 583
1728890910601 0.045151352882385254 584
1728890914923 0.07748068124055862 585
1728890919246 0.06717514246702194 586
1728890923574 0.09004700183868408 587
1728890927898 0.11884494870901108 588
1728890932224 0.10143961012363434 589
1728890935954 0.10045595467090607 590
1728890940270 0.07872773706912994 591
1728890944577 0.09143155068159103 592
1728890948917 0.11190643906593323 593
1728890953245 0.06238078698515892 594
1728890957566 0.10375383496284485 595
1728890961908 0.10077892988920212 596
1728890966241 0.13260415196418762 597
1728890970555 0.08834589272737503 598
1728890974287 0.11624860763549805 599
1728890978603 0.07902926206588745 600
1728890982326 0.15486058592796326 601
1728890986654 0.20233356952667236 602
1728890990982 0.12014354765415192 603
1728890995286 0.07077406346797943 604
1728890999611 0.11435775458812714 605
1728891003949 0.06990030407905579 606
1728891008264 0.11376799643039703 607
1728891012585 0.20904859900474548 608
1728891016322 0.16400985419750214 609
1728891020642 0.21838146448135376 610
1728891024968 0.11095871031284332 611
1728891029286 0.11584106087684631 612
1728891033621 0.2789520025253296 613
1728891037944 0.10830274224281311 614
1728891042267 0.22039702534675598 615
1728891046593 0.110720194876194 616
1728891050922 0.09800848364830017 617
1728891055266 0.13584396243095398 618
1728891059590 0.1765066236257553 619
1728891063921 0.08155924826860428 620
1728891068245 0.1603025197982788 621
1728891072580 0.17319637537002563 622
1728891076917 0.11336015164852142 623
1728891081230 0.12975090742111206 624
1728891085557 0.2465270757675171 625
1728891089877 0.08478356897830963 626
1728891094191 0.14621764421463013 627
1728891098527 0.20736634731292725 628
1728891102848 0.18132317066192627 629
1728891107162 0.12687565386295319 630
1728891111472 0.044171400368213654 631
1728891115800 0.07276590168476105 632
1728891120127 0.07562917470932007 633
1728891124460 0.17793145775794983 634
1728891128775 0.030292890965938568 635
1728891133089 0.044147174805402756 636
1728891137419 0.10819718986749649 637
1728891141160 0.22580420970916748 638
1728891145469 0.04130048677325249 639
1728891149815 0.11716634035110474 640
1728891154138 0.11543139815330505 641
1728891158459 0.1775761842727661 642
1728891162777 0.04447261989116669 643
1728891167110 0.0764126107096672 644
1728891171440 0.13643132150173187 645
1728891175767 0.10101654380559921 646
1728891180094 0.1390240490436554 647
1728891184422 0.11921308934688568 648
1728891188754 0.04183867201209068 649
1728891193079 0.16178391873836517 650
1728891197395 0.09820973128080368 651
1728891201125 0.05124529451131821 652
1728891205448 0.12007850408554077 653
1728891209768 0.33953338861465454 654
1728891214099 0.3131922483444214 655
1728891218432 0.11460906267166138 656
1728891222163 0.3562212586402893 657
1728891226487 0.07242216169834137 658
1728891230223 0.12348067760467529 659
1728891234572 0.0732201486825943 660
1728891238891 0.11920852959156036 661
1728891243224 0.26166796684265137 662
1728891247548 0.09043420106172562 663
1728891251868 0.08408784866333008 664
1728891256186 0.0998339056968689 665
1728891260509 0.12087981402873993 666
1728891264824 0.12885314226150513 667
1728891269156 0.09776002913713455 668
1728891273476 0.14418181777000427 669
1728891277802 0.11639279127120972 670
1728891282132 0.24712595343589783 671
1728891286452 0.10102616250514984 672
1728891290768 0.15752597153186798 673
1728891295076 0.15369051694869995 674
1728891299386 0.03345347195863724 675
1728891303695 0.09697267413139343 676
1728891308014 0.15355072915554047 677
1728891312349 0.10834251344203949 678
1728891316664 0.13024920225143433 679
1728891320967 0.016407718881964684 680
1728891325287 0.10610798746347427 681
1728891329616 0.12868471443653107 682
1728891333936 0.09740132838487625 683
1728891337671 0.09795787930488586 684
1728891341501 0.15500310063362122 685
1728891345819 0.060303304344415665 686
1728891350140 0.24205628037452698 687
1728891354457 0.04205821827054024 688
1728891358770 0.0943722128868103 689
1728891363110 0.11155707389116287 690
1728891367430 0.126620352268219 691
1728891371743 0.06522372364997864 692
1728891376061 0.017521582543849945 693
1728891380391 0.2213667631149292 694
1728891384715 0.07491789013147354 695
1728891389051 0.17891091108322144 696
1728891393379 0.1102689877152443 697
1728891397711 0.09919051826000214 698
1728891402040 0.2795940041542053 699
1728891406369 0.13032661378383636 700
1728891410683 0.056837525218725204 701
1728891415016 0.0909421294927597 702
1728891419330 0.02561633288860321 703
1728891423062 0.11874350905418396 704
1728891427387 0.11729596555233002 705
1728891431719 0.09293682873249054 706
1728891436040 0.046552952378988266 707
1728891440364 0.03727198764681816 708
1728891444703 0.15851250290870667 709
1728891449030 0.32844382524490356 710
1728891453357 0.10778400301933289 711
1728891457671 0.056030478328466415 712
1728891461985 0.07203644514083862 713
1728891466328 0.06296227127313614 714
1728891470654 0.21431097388267517 715
1728891474389 0.1626022309064865 716
1728891478152 0.2928166091442108 717
1728891482491 0.12556681036949158 718
1728891486803 0.08533131331205368 719
1728891491129 0.227848619222641 720
1728891494867 0.5137839317321777 721
1728891499169 0.03216835483908653 722
1728891503509 0.29313695430755615 723
1728891507831 0.0778919905424118 724
1728891512151 0.10884883999824524 725
1728891516478 0.2247009575366974 726
1728891520812 0.07030580937862396 727
1728891525141 0.1477087140083313 728
1728891528874 0.11082077026367188 729
1728891533229 0.09671416878700256 730
1728891537534 0.08592649549245834 731
1728891541868 0.17197978496551514 732
1728891546181 0.0779736116528511 733
1728891550505 0.12614458799362183 734
1728891554815 0.024113131687045097 735
1728891559136 0.11123856902122498 736
1728891563449 0.0979103296995163 737
1728891567179 0.2149968147277832 738
1728891571485 0.12464363873004913 739
1728891575810 0.11626136302947998 740
1728891580114 0.04880179092288017 741
1728891584423 0.07289031893014908 742
1728891588751 0.1086820587515831 743
1728891593071 0.05824358016252518 744
1728891597388 0.19842977821826935 745
1728891601714 0.1706274449825287 746
1728891606029 0.08599488437175751 747
1728891610340 0.030420716851949692 748
1728891614655 0.06884686648845673 749
1728891618972 0.07486561685800552 750
1728891623290 0.06289668381214142 751
1728891627611 0.0869329497218132 752
1728891631930 0.12399587780237198 753
1728891636259 0.28660356998443604 754
1728891640585 0.1785176396369934 755
1728891644936 0.18928323686122894 756
1728891649252 0.10518674552440643 757
1728891653584 0.232431560754776 758
1728891657916 0.2559065818786621 759
1728891662236 0.08548229932785034 760
1728891666557 0.16938893496990204 761
1728891670879 0.11867128312587738 762
1728891675207 0.08734732866287231 763
1728891679534 0.12511736154556274 764
1728891683860 0.0826045572757721 765
1728891688184 0.15787558257579803 766
1728891692506 0.10772203654050827 767
1728891696843 0.15843209624290466 768
1728891701177 0.13405615091323853 769
1728891705493 0.15081602334976196 770
1728891709815 0.07800853252410889 771
1728891714147 0.14404425024986267 772
1728891718485 0.122492715716362 773
1728891722777 0.08129891008138657 774
1728891727088 0.034507934004068375 775
1728891730829 0.13920658826828003 776
1728891735156 0.11705437302589417 777
1728891739460 0.08306220173835754 778
1728891743775 0.08140552043914795 779
1728891748099 0.0710577443242073 780
1728891752420 0.2637954354286194 781
1728891756748 0.1460058093070984 782
1728891761068 0.1582147628068924 783
1728891765378 0.07450628280639648 784
1728891769701 0.08304465562105179 785
1728891774041 0.09494940936565399 786
1728891778358 0.11763091385364532 787
1728891782679 0.09974140673875809 788
1728891787007 0.14882972836494446 789
1728891791325 0.04690781608223915 790
1728891795624 0.01841907948255539 791
1728891799946 0.12776288390159607 792
1728891804276 0.16325736045837402 793
1728891808605 0.15967591106891632 794
1728891812938 0.13294482231140137 795
1728891817259 0.08586905896663666 796
1728891821585 0.21605204045772552 797
1728891825916 0.1275823414325714 798
1728891830244 0.142733633518219 799
1728891834575 0.12531495094299316 800
1728891838891 0.1319638043642044 801
1728891843216 0.15182599425315857 802
1728891847545 0.0998939573764801 803
1728891851858 0.09998246282339096 804
1728891856180 0.11076505482196808 805
1728891860514 0.13782057166099548 806
1728891864848 0.11468422412872314 807
1728891869178 0.20662567019462585 808
1728891873521 0.09184068441390991 809
1728891877835 0.08040021359920502 810
1728891882141 0.09827868640422821 811
1728891886457 0.03582083061337471 812
1728891890786 0.2380489706993103 813
1728891895094 0.08206947147846222 814
1728891899420 0.07961221784353256 815
1728891903741 0.11655775457620621 816
1728891908065 0.09355802834033966 817
1728891911795 0.2655407786369324 818
1728891916134 0.1595781445503235 819
1728891920443 0.05663790553808212 820
1728891924759 0.06399432569742203 821
1728891929078 0.15318220853805542 822
1728891933385 0.08147642016410828 823
1728891937707 0.1825590878725052 824
1728891942048 0.24361836910247803 825
1728891946358 0.13568785786628723 826
1728891950094 0.12272168695926666 827
1728891954423 0.08038625121116638 828
1728891958753 0.14210884273052216 829
1728891963075 0.10474894940853119 830
1728891967409 0.1341855376958847 831
1728891971729 0.07255440205335617 832
1728891976059 0.0927254930138588 833
1728891980396 0.09191150963306427 834
1728891984719 0.09430263936519623 835
1728891989060 0.15160007774829865 836
1728891993400 0.08077574521303177 837
1728891997724 0.09041043370962143 838
1728892002050 0.14849646389484406 839
1728892006373 0.10445542633533478 840
1728892010719 0.11896716058254242 841
1728892015059 0.11187393963336945 842
1728892019388 0.11830407381057739 843
1728892023719 0.19226491451263428 844
1728892028034 0.10029071569442749 845
1728892032356 0.08182769268751144 846
1728892036655 0.01084982417523861 847
1728892040980 0.05847158282995224 848
1728892045298 0.13304436206817627 849
1728892049640 0.10132700204849243 850
1728892053968 0.12799537181854248 851
1728892057709 0.07297433912754059 852
1728892061448 0.43562206625938416 853
1728892065764 0.05832233279943466 854
1728892070087 0.0934421569108963 855
1728892074408 0.08243390172719955 856
1728892078730 0.09880334138870239 857
1728892083058 0.10503685474395752 858
1728892086800 0.3497083783149719 859
1728892091125 0.11982298642396927 860
1728892095453 0.1331736445426941 861
1728892099776 0.0887281745672226 862
1728892104098 0.09108220040798187 863
1728892108443 0.11561548709869385 864
1728892112174 0.16680003702640533 865
1728892116486 0.12006507813930511 866
1728892120805 0.1313888281583786 867
1728892125124 0.07844068109989166 868
1728892129446 0.08687266707420349 869
1728892133783 0.27927884459495544 870
1728892138104 0.08410996198654175 871
1728892142444 0.2285400778055191 872
1728892146753 0.02376735582947731 873
1728892150496 0.12812666594982147 874
1728892154821 0.1116340160369873 875
1728892159147 0.09406273066997528 876
1728892163467 0.08361680805683136 877
1728892167776 0.08883269131183624 878
1728892172067 0.045278891921043396 879
1728892176383 0.12321215122938156 880
1728892180701 0.06976579129695892 881
1728892185014 0.003423917107284069 882
1728892188738 0.12557952105998993 883
1728892193066 0.11260905116796494 884
1728892197396 0.2313506305217743 885
1728892201695 0.09410292655229568 886
1728892206026 0.1621871441602707 887
1728892210355 0.1014847457408905 888
1728892214684 0.10349912941455841 889
1728892219012 0.09151655435562134 890
1728892223344 0.10444939881563187 891
1728892227676 0.08462956547737122 892
1728892231992 0.12555450201034546 893
1728892236313 0.041843611747026443 894
1728892240638 0.06532873213291168 895
1728892244952 0.07479502260684967 896
1728892249278 0.15086022019386292 897
1728892253602 0.10867826640605927 898
1728892257926 0.18105605244636536 899
1728892262262 0.12615028023719788 900
1728892266597 0.1273125410079956 901
1728892270918 0.12285138666629791 902
1728892275237 0.12341994047164917 903
1728892279561 0.09582128375768661 904
1728892283888 0.10558119416236877 905
1728892288201 0.06052699312567711 906
1728892292537 0.15725676715373993 907
1728892296863 0.09294544160366058 908
1728892300618 0.15072055160999298 909
1728892304941 0.032379429787397385 910
1728892309270 0.23694537580013275 911
1728892313584 0.06626284867525101 912
1728892317914 0.2009371966123581 913
1728892322243 0.05080971121788025 914
1728892326572 0.30832478404045105 915
1728892330891 0.0739063173532486 916
1728892335202 0.20320414006710052 917
1728892339532 0.11460904031991959 918
1728892343868 0.08926522731781006 919
1728892348187 0.127431258559227 920
1728892352501 0.09768015146255493 921
1728892356835 0.2123042494058609 922
1728892361163 0.1489713191986084 923
1728892365486 0.062410712242126465 924
1728892369810 0.08894336223602295 925
1728892374134 0.13095422089099884 926
1728892378456 0.07066906243562698 927
1728892382785 0.0995173528790474 928
1728892387113 0.11785364151000977 929
1728892390846 0.25563547015190125 930
1728892395193 0.09760655462741852 931
1728892399528 0.10327264666557312 932
1728892403853 0.1130816638469696 933
1728892408181 0.07976662367582321 934
1728892412500 0.10627079010009766 935
1728892416809 0.10452104359865189 936
1728892421149 0.11403777450323105 937
1728892425466 0.07993445545434952 938
1728892429769 0.18665076792240143 939
1728892434079 0.10232330113649368 940
1728892438391 0.04825213924050331 941
1728892442704 0.1238066703081131 942
1728892447038 0.17291489243507385 943
1728892451372 0.2867244482040405 944
1728892455699 0.12396685779094696 945
1728892460029 0.0895020142197609 946
1728892464361 0.2967418134212494 947
1728892468694 0.0950416624546051 948
1728892473010 0.12003634870052338 949
1728892477335 0.11542893201112747 950
1728892481675 0.12118741869926453 951
1728892485986 0.07282386720180511 952
1728892490302 0.1639033854007721 953
1728892494652 0.15005958080291748 954
1728892498964 0.0677526444196701 955
1728892503283 0.07140106707811356 956
1728892507021 0.22518500685691833 957
1728892511354 0.12857431173324585 958
1728892515686 0.07554516196250916 959
1728892520028 0.13703641295433044 960
1728892524351 0.08598838746547699 961
1728892528681 0.08759422600269318 962
1728892532986 0.05603748932480812 963
1728892537304 0.11952522397041321 964
1728892541641 0.1694655567407608 965
1728892545964 0.1715112030506134 966
1728892549694 0.08989870548248291 967
1728892554017 0.1046813428401947 968
1728892558345 0.11520829051733017 969
1728892562666 0.13998231291770935 970
1728892566956 0.054312266409397125 971
1728892570678 0.11848461627960205 972
1728892575000 0.11063280701637268 973
1728892579326 0.14456164836883545 974
1728892583653 0.18247058987617493 975
1728892587984 0.11755426228046417 976
1728892592303 0.08672982454299927 977
1728892596627 0.10744081437587738 978
1728892600961 0.128587007522583 979
1728892605286 0.11685900390148163 980
1728892608998 0.09322728216648102 981
1728892613324 0.17622190713882446 982
1728892617648 0.15238788723945618 983
1728892621966 0.08948206901550293 984
1728892626289 0.13189730048179626 985
1728892630606 0.1486930549144745 986
1728892634910 0.08090236037969589 987
1728892639238 0.13064727187156677 988
1728892643532 0.06524555385112762 989
1728892647855 0.11586296558380127 990
1728892652186 0.09059524536132812 991
1728892655909 0.154205784201622 992
1728892660242 0.09339568018913269 993
1728892664569 0.1755804866552353 994
1728892668893 0.14995193481445312 995
1728892672626 0.1295689344406128 996
1728892676953 0.12130193412303925 997
1728892681282 0.18707436323165894 998
1728892685620 0.13191017508506775 999
1728892689953 0.08494512736797333 1000
1728893032222 0.12161323428153992 1001
1728893036532 0.10591353476047516 1002
1728893040833 0.12035834789276123 1003
1728893045139 0.2664563059806824 1004
1728893049441 0.1255403459072113 1005
1728893053745 0.10992389917373657 1006
1728893058056 0.13840368390083313 1007
1728893062366 0.18231318891048431 1008
1728893066669 0.08867743611335754 1009
1728893070973 0.13747505843639374 1010
1728893075271 0.11273982375860214 1011
1728893079592 0.2673453688621521 1012
1728893083899 0.1264512538909912 1013
1728893087614 0.1431884765625 1014
1728893091929 0.13403180241584778 1015
1728893096237 0.11481757462024689 1016
1728893100557 0.09197410941123962 1017
1728893104881 0.26236698031425476 1018
1728893108601 0.06680178642272949 1019
1728893112898 0.11231045424938202 1020
1728893117204 0.32042741775512695 1021
1728893121525 0.13806933164596558 1022
1728893125834 0.08111362159252167 1023
1728893130142 0.11574806272983551 1024
1728893134443 0.11669140309095383 1025
1728893138751 0.1266489028930664 1026
1728893142468 0.2440159171819687 1027
1728893146777 0.2043221890926361 1028
1728893151093 0.14387811720371246 1029
1728893155392 0.05682767555117607 1030
1728893159698 0.09195588529109955 1031
1728893163999 0.1548926830291748 1032
1728893168296 0.06717950850725174 1033
1728893172028 0.13242384791374207 1034
1728893175748 0.11185237765312195 1035
1728893180044 0.1200789213180542 1036
1728893184355 0.1303873062133789 1037
1728893188669 0.19375991821289062 1038
1728893192981 0.15672627091407776 1039
1728893196709 0.11214019358158112 1040
1728893201032 0.11862727999687195 1041
1728893205358 0.09433174133300781 1042
1728893209659 0.044387854635715485 1043
1728893213989 0.15343889594078064 1044
1728893218299 0.0190727598965168 1045
1728893222623 0.11569839715957642 1046
1728893226955 0.12329010665416718 1047
1728893231282 0.12024587392807007 1048
1728893235605 0.1764923334121704 1049
1728893239346 0.10224297642707825 1050
1728893243675 0.12361885607242584 1051
1728893247998 0.17839133739471436 1052
1728893252320 0.10249561071395874 1053
1728893256653 0.08738134801387787 1054
1728893260990 0.10321401059627533 1055
1728893264729 0.06908255815505981 1056
1728893269071 0.21997201442718506 1057
1728893273411 0.25090116262435913 1058
1728893277748 0.10107255727052689 1059
1728893282078 0.15326763689517975 1060
1728893286410 0.1630101501941681 1061
1728893290154 0.28990697860717773 1062
1728893293894 0.13524985313415527 1063
1728893298191 0.011750942096114159 1064
1728893301932 0.13226810097694397 1065
1728893306257 0.07986757159233093 1066
1728893310594 0.13466428220272064 1067
1728893314894 0.07012151181697845 1068
1728893319212 0.08119343221187592 1069
1728893323517 0.016695601865649223 1070
1728893327835 0.22419705986976624 1071
1728893332164 0.10336589813232422 1072
1728893336492 0.2721693515777588 1073
1728893340228 0.12980425357818604 1074
1728893344555 0.13702921569347382 1075
1728893348885 0.11493394523859024 1076
1728893353221 0.10962003469467163 1077
1728893357551 0.09451466798782349 1078
1728893361881 0.09109673649072647 1079
1728893366204 0.05833463370800018 1080
1728893370536 0.09811663627624512 1081
1728893374865 0.09047757834196091 1082
1728893379182 0.02312374860048294 1083
1728893383516 0.12207300961017609 1084
1728893387856 0.07952417433261871 1085
1728893391590 0.12486521899700165 1086
1728893395909 0.07936391979455948 1087
1728893400237 0.14926685392856598 1088
1728893404559 0.06387700140476227 1089
1728893408902 0.14490698277950287 1090
1728893413235 0.09279295057058334 1091
1728893416953 0.010308639146387577 1092
1728893421290 0.08901038020849228 1093
1728893425032 0.22178493440151215 1094
1728893428778 0.1404590755701065 1095
1728893433099 0.0512777641415596 1096
1728893437413 0.07614793628454208 1097
1728893441750 0.1414611041545868 1098
1728893446079 0.15272614359855652 1099
1728893450399 0.1148194819688797 1100
1728893454718 0.060005541890859604 1101
1728893459048 0.05590707063674927 1102
1728893463377 0.13113850355148315 1103
1728893467698 0.10244417935609818 1104
1728893472035 0.12672139704227448 1105
1728893476372 0.09219521284103394 1106
1728893480697 0.12790724635124207 1107
1728893485013 0.13832804560661316 1108
1728893489361 0.08680672943592072 1109
1728893493696 0.10566958785057068 1110
1728893498034 0.09983748942613602 1111
1728893502418 0.2584400177001953 1112
1728893506742 0.10803406685590744 1113
1728893511076 0.10458215326070786 1114
1728893515394 0.08576922118663788 1115
1728893519702 0.10385465621948242 1116
1728893524041 0.14460843801498413 1117
1728893528379 0.09564536064863205 1118
1728893532709 0.10515738278627396 1119
1728893537035 0.11288957297801971 1120
1728893541360 0.10600361227989197 1121
1728893545684 0.07681851834058762 1122
1728893550012 0.16440078616142273 1123
1728893554328 0.10086152702569962 1124
1728893558646 0.12243190407752991 1125
1728893562378 0.13560068607330322 1126
1728893566702 0.1279304027557373 1127
1728893571025 0.05754433944821358 1128
1728893575355 0.07492077350616455 1129
1728893579678 0.1486702561378479 1130
1728893583996 0.09606871008872986 1131
1728893588315 0.08757735788822174 1132
1728893592621 0.05908983200788498 1133
1728893596362 0.20785817503929138 1134
1728893600683 0.07091493904590607 1135
1728893605011 0.15212705731391907 1136
1728893609351 0.1416914463043213 1137
1728893613680 0.1336703896522522 1138
1728893617999 0.12328007817268372 1139
1728893621731 0.06410688906908035 1140
1728893626067 0.13750582933425903 1141
1728893630396 0.08809830248355865 1142
1728893634720 0.0735168308019638 1143
1728893639076 0.15221264958381653 1144
1728893643399 0.1291433572769165 1145
1728893647733 0.21314458549022675 1146
1728893652068 0.053382497280836105 1147
1728893656406 0.15235763788223267 1148
1728893660141 0.10541851073503494 1149
1728893663868 0.0719631016254425 1150
1728893668180 0.06190517172217369 1151
1728893672500 0.20756635069847107 1152
1728893676826 0.12302522361278534 1153
1728893681158 0.09807953983545303 1154
1728893685459 0.017315341159701347 1155
1728893689779 0.07525107264518738 1156
1728893694099 0.10975729674100876 1157
1728893698417 0.06552457809448242 1158
1728893702754 0.2533665895462036 1159
1728893707096 0.11676780879497528 1160
1728893711444 0.08978157490491867 1161
1728893715766 0.18107213079929352 1162
1728893720092 0.10243195295333862 1163
1728893724430 0.1125602200627327 1164
1728893728766 0.12981432676315308 1165
1728893732515 0.1764521598815918 1166
1728893736849 0.1279621124267578 1167
1728893741177 0.050846848636865616 1168
1728893744911 0.09366083145141602 1169
1728893749232 0.09208384156227112 1170
1728893753561 0.09728773683309555 1171
1728893757880 0.11900170892477036 1172
1728893762201 0.07983948290348053 1173
1728893766532 0.10667036473751068 1174
1728893770240 0.005202028900384903 1175
1728893774571 0.18615323305130005 1176
1728893778900 0.09686025977134705 1177
1728893783227 0.1496933400630951 1178
1728893787556 0.09599524736404419 1179
1728893791878 0.08003710210323334 1180
1728893796207 0.16765673458576202 1181
1728893800504 0.05861493572592735 1182
1728893804248 0.2400687038898468 1183
1728893808585 0.2733744978904724 1184
1728893812317 0.2249366194009781 1185
1728893816058 0.2054988592863083 1186
1728893820389 0.12352696061134338 1187
1728893824719 0.06235594302415848 1188
1728893829044 0.101517453789711 1189
1728893833374 0.05137399584054947 1190
1728893837707 0.12723815441131592 1191
1728893842043 0.15033945441246033 1192
1728893846378 0.08816148340702057 1193
1728893850133 0.14924639463424683 1194
1728893854470 0.13307572901248932 1195
1728893858805 0.09074382483959198 1196
1728893863127 0.04957368224859238 1197
1728893867468 0.14418967068195343 1198
1728893871799 0.10610388219356537 1199
1728893875556 0.17515093088150024 1200
1728893879886 0.19818852841854095 1201
1728893884217 0.13343222439289093 1202
1728893888548 0.09620122611522675 1203
1728893892905 0.15834185481071472 1204
1728893897250 0.11418282240629196 1205
1728893901590 0.09969526529312134 1206
1728893905927 0.0793103277683258 1207
1728893910268 0.09264779835939407 1208
1728893914604 0.12626805901527405 1209
1728893918911 0.031186554580926895 1210
1728893923257 0.08603768050670624 1211
1728893927584 0.143163800239563 1212
1728893931898 0.02391374483704567 1213
1728893936223 0.14868932962417603 1214
1728893940562 0.1306433081626892 1215
1728893944884 0.022124560549855232 1216
1728893949217 0.13709814846515656 1217
1728893953544 0.10600878298282623 1218
1728893957869 0.12168228626251221 1219
1728893962197 0.13630810379981995 1220
1728893966523 0.15778915584087372 1221
1728893970851 0.11053919792175293 1222
1728893975181 0.11741495132446289 1223
1728893979510 0.24098306894302368 1224
1728893983862 0.11919566243886948 1225
1728893988183 0.1427643895149231 1226
1728893992509 0.12088469415903091 1227
1728893996828 0.08688058704137802 1228
1728894001154 0.0931335985660553 1229
1728894005483 0.08225598186254501 1230
1728894009811 0.13143819570541382 1231
1728894014160 0.1562248021364212 1232
1728894018508 0.11372432112693787 1233
1728894022847 0.08863948285579681 1234
1728894027183 0.08376765251159668 1235
1728894031506 0.07798843830823898 1236
1728894035247 0.1849176585674286 1237
1728894039590 0.09469658881425858 1238
1728894043918 0.10613147914409637 1239
1728894048252 0.07550536841154099 1240
1728894051992 0.10462326556444168 1241
1728894056327 0.33106184005737305 1242
1728894060659 0.06258498132228851 1243
1728894064984 0.060474295169115067 1244
1728894068719 0.10662665963172913 1245
1728894073044 0.05079016834497452 1246
1728894076784 0.08683702349662781 1247
1728894081109 0.12462954968214035 1248
1728894085433 0.12307871878147125 1249
1728894089769 0.24525779485702515 1250
1728894094103 0.09340312331914902 1251
1728894098447 0.12872149050235748 1252
1728894102784 0.16728121042251587 1253
1728894107132 0.07470079511404037 1254
1728894111476 0.1100282222032547 1255
1728894115800 0.07771666347980499 1256
1728894120138 0.0947616845369339 1257
1728894124469 0.0630483403801918 1258
1728894128804 0.11072029173374176 1259
1728894133118 0.023642191663384438 1260
1728894137452 0.07286852598190308 1261
1728894141200 0.1431548297405243 1262
1728894145537 0.1761145293712616 1263
1728894149874 0.15307088196277618 1264
1728894154212 0.16821974515914917 1265
1728894158532 0.07464230060577393 1266
1728894162864 0.07108980417251587 1267
1728894167185 0.06953756511211395 1268
1728894171510 0.13983210921287537 1269
1728894175850 0.11609542369842529 1270
1728894180187 0.09933426231145859 1271
1728894184520 0.21733301877975464 1272
1728894188854 0.11481355875730515 1273
1728894193194 0.18133334815502167 1274
1728894197524 0.07571034878492355 1275
1728894201864 0.37276655435562134 1276
1728894206196 0.1529664844274521 1277
1728894210511 0.08398975431919098 1278
1728894214857 0.05290927737951279 1279
1728894219194 0.1413751244544983 1280
1728894222941 0.2644073963165283 1281
1728894226688 0.16062569618225098 1282
1728894231016 0.07123403251171112 1283
1728894235356 0.14213915169239044 1284
1728894239686 0.1370859146118164 1285
1728894244009 0.08875323832035065 1286
1728894248339 0.09616430103778839 1287
1728894252679 0.11045843362808228 1288
1728894257014 0.09434527158737183 1289
1728894261348 0.1698000133037567 1290
1728894265679 0.11305268108844757 1291
1728894270011 0.1588931679725647 1292
1728894274347 0.0597660057246685 1293
1728894278681 0.14017048478126526 1294
1728894283007 0.09798570722341537 1295
1728894287334 0.09383472800254822 1296
1728894291677 0.1576618254184723 1297
1728894296005 0.11783507466316223 1298
1728894300343 0.10152262449264526 1299
1728894304688 0.19491225481033325 1300
1728894309014 0.13403692841529846 1301
1728894313347 0.05218163877725601 1302
1728894317687 0.07823655009269714 1303
1728894322008 0.079960897564888 1304
1728894326351 0.07188235223293304 1305
1728894330687 0.04586314409971237 1306
1728894335018 0.16102612018585205 1307
1728894339351 0.10856963694095612 1308
1728894343682 0.16280564665794373 1309
1728894348009 0.09516708552837372 1310
1728894352343 0.10722939670085907 1311
1728894356672 0.1186312809586525 1312
1728894361007 0.08925390988588333 1313
1728894365324 0.1376182734966278 1314
1728894369667 0.19373221695423126 1315
1728894373994 0.12841014564037323 1316
1728894377741 0.09316609054803848 1317
1728894382069 0.09367942810058594 1318
1728894386408 0.14086656272411346 1319
1728894390759 0.19414745271205902 1320
1728894395097 0.1647399663925171 1321
1728894399435 0.1363404542207718 1322
1728894403166 0.09281980991363525 1323
1728894407485 0.08667686581611633 1324
1728894411817 0.12673811614513397 1325
1728894416137 0.07789263129234314 1326
1728894420472 0.09665116667747498 1327
1728894424808 0.15269607305526733 1328
1728894429145 0.2074245810508728 1329
1728894433479 0.07529011368751526 1330
1728894437815 0.09332706034183502 1331
1728894442158 0.09715637564659119 1332
1728894446483 0.0902625247836113 1333
1728894450811 0.11932042241096497 1334
1728894455132 0.09612568467855453 1335
1728894459474 0.1627354621887207 1336
1728894463807 0.09792159497737885 1337
1728894468135 0.15837731957435608 1338
1728894472477 0.10986387729644775 1339
1728894476804 0.07919305562973022 1340
1728894481147 0.14430354535579681 1341
1728894485481 0.1306948959827423 1342
1728894489808 0.04625799134373665 1343
1728894494138 0.1611020267009735 1344
1728894498453 0.0521562397480011 1345
1728894502783 0.1826525330543518 1346
1728894507112 0.1472519338130951 1347
1728894511450 0.09740263223648071 1348
1728894515779 0.12209971994161606 1349
1728894520119 0.2670076787471771 1350
1728894524451 0.15648066997528076 1351
1728894528780 0.1063745766878128 1352
1728894533106 0.09697840362787247 1353
1728894537427 0.09357555955648422 1354
1728894541749 0.07865425944328308 1355
1728894546073 0.1362554132938385 1356
1728894550406 0.07237029075622559 1357
1728894554738 0.16415782272815704 1358
1728894559073 0.12450748682022095 1359
1728894563382 0.030880242586135864 1360
1728894567706 0.11346574127674103 1361
1728894572034 0.061490461230278015 1362
1728894576327 0.005509921349585056 1363
1728894580654 0.14125396311283112 1364
1728894584974 0.11137421429157257 1365
1728894589308 0.09975231438875198 1366
1728894593624 0.0660163015127182 1367
1728894597954 0.10935994982719421 1368
1728894602288 0.1809835135936737 1369
1728894606612 0.12289321422576904 1370
1728894610934 0.10075357556343079 1371
1728894615235 0.07637246698141098 1372
1728894619549 0.09836339950561523 1373
1728894623271 0.060112420469522476 1374
1728894627003 0.09581689536571503 1375
1728894631341 0.06911147385835648 1376
1728894635686 0.11600416153669357 1377
1728894640012 0.11363739520311356 1378
1728894644331 0.09721975028514862 1379
1728894648066 0.13798004388809204 1380
1728894652392 0.1512988805770874 1381
1728894656732 0.22195038199424744 1382
1728894661071 0.08251914381980896 1383
1728894665399 0.11280560493469238 1384
1728894669730 0.07849156856536865 1385
1728894674067 0.09627622365951538 1386
1728894678394 0.14642421901226044 1387
1728894682720 0.08681634068489075 1388
1728894687049 0.09546004235744476 1389
1728894691382 0.12299178540706635 1390
1728894695713 0.16020824015140533 1391
1728894699449 0.15580019354820251 1392
1728894703186 0.18912717700004578 1393
1728894707518 0.10477743297815323 1394
1728894711851 0.15162697434425354 1395
1728894716172 0.11270952224731445 1396
1728894720510 0.08637772500514984 1397
1728894724858 0.08527136594057083 1398
1728894729191 0.19609710574150085 1399
1728894733520 0.08592377603054047 1400
1728894737851 0.0904863178730011 1401
1728894741593 0.373146653175354 1402
1728894745906 0.04392014443874359 1403
1728894750240 0.1427220106124878 1404
1728894754572 0.12394209206104279 1405
1728894758898 0.051906466484069824 1406
1728894763267 0.1157127171754837 1407
1728894767591 0.07541909068822861 1408
1728894771331 0.28927260637283325 1409
1728894775662 0.06378529965877533 1410
1728894779991 0.1077016294002533 1411
1728894784323 0.2131447196006775 1412
1728894788654 0.12378715723752975 1413
1728894792984 0.5126858949661255 1414
1728894797312 0.10260538756847382 1415
1728894801631 0.10512193292379379 1416
1728894805978 0.1160767525434494 1417
1728894809708 0.1745271533727646 1418
1728894814051 0.09737864136695862 1419
1728894817747 0.011079018004238605 1420
1728894822094 0.09887842833995819 1421
1728894826421 0.13282330334186554 1422
1728894830753 0.14253275096416473 1423
1728894835085 0.14127598702907562 1424
1728894839417 0.08413198590278625 1425
1728894843755 0.14121612906455994 1426
1728894848093 0.12937958538532257 1427
1728894852422 0.11716923117637634 1428
1728894856759 0.14655661582946777 1429
1728894860505 0.12541848421096802 1430
1728894864834 0.10174551606178284 1431
1728894869183 0.1626836359500885 1432
1728894873518 0.11130895465612411 1433
1728894877856 0.1278240978717804 1434
1728894882194 0.10701775550842285 1435
1728894886519 0.11610652506351471 1436
1728894890849 0.11711601912975311 1437
1728894894606 0.5874760746955872 1438
1728894898942 0.21649399399757385 1439
1728894903303 0.08299316465854645 1440
1728894907618 0.06467626988887787 1441
1728894911950 0.12045512348413467 1442
1728894916301 0.17134219408035278 1443
1728894920630 0.08946723490953445 1444
1728894924950 0.061638474464416504 1445
1728894929284 0.10905566066503525 1446
1728894933032 0.11305597424507141 1447
1728894937367 0.14941632747650146 1448
1728894941692 0.0864371657371521 1449
1728894946015 0.08807308971881866 1450
1728894949750 0.11883585155010223 1451
1728894954085 0.10733352601528168 1452
1728894957812 0.06035606563091278 1453
1728894962144 0.07239241153001785 1454
1728894966476 0.11635002493858337 1455
1728894970806 0.1259513646364212 1456
1728894975132 0.07389479130506516 1457
1728894979466 0.07000095397233963 1458
1728894983796 0.10023625940084457 1459
1728894988120 0.10021902620792389 1460
1728894992446 0.13862891495227814 1461
1728894996775 0.04836207255721092 1462
1728895001123 0.10720852762460709 1463
1728895005468 0.07974530011415482 1464
1728895009798 0.10129386186599731 1465
1728895014120 0.11246050149202347 1466
1728895018443 0.12660843133926392 1467
1728895022775 0.12321208417415619 1468
1728895027100 0.11924132704734802 1469
1728895031422 0.10281183570623398 1470
1728895035749 0.06825889647006989 1471
1728895040093 0.1937224119901657 1472
1728895044420 0.13334617018699646 1473
1728895048747 0.10517572611570358 1474
1728895053078 0.17808902263641357 1475
1728895057397 0.03106909804046154 1476
1728895061726 0.14176227152347565 1477
1728895065461 0.2565094232559204 1478
1728895069795 0.14371399581432343 1479
1728895074137 0.09776755422353745 1480
1728895078487 0.17943315207958221 1481
1728895082817 0.08197633922100067 1482
1728895086558 0.1091337502002716 1483
1728895090907 0.16220733523368835 1484
1728895095238 0.292597234249115 1485
1728895099560 0.04796682298183441 1486
1728895103892 0.1328052282333374 1487
1728895108223 0.10963474214076996 1488
1728895112557 0.20990395545959473 1489
1728895116295 0.07736942172050476 1490
1728895120615 0.13384243845939636 1491
1728895124957 0.1663881093263626 1492
1728895129289 0.07136078178882599 1493
1728895133624 0.1108631044626236 1494
1728895137962 0.10690093040466309 1495
1728895142281 0.11116036027669907 1496
1728895146017 0.10518233478069305 1497
1728895150343 0.058652035892009735 1498
1728895154691 0.22775375843048096 1499
1728895159009 0.06094758212566376 1500
1728895163367 0.09801923483610153 1501
1728895167697 0.07644440233707428 1502
1728895172024 0.10810672491788864 1503
1728895176375 0.07897315919399261 1504
1728895180702 0.08889617025852203 1505
1728895184441 0.17399188876152039 1506
1728895188197 0.17501775920391083 1507
1728895192523 0.13905930519104004 1508
1728895196855 0.1165362074971199 1509
1728895201198 0.1329343616962433 1510
1728895205522 0.13936415314674377 1511
1728895209870 0.09130831062793732 1512
1728895214202 0.0993553102016449 1513
1728895218531 0.19122949242591858 1514
1728895222867 0.11990614235401154 1515
1728895227201 0.1022556722164154 1516
1728895231506 0.10749886184930801 1517
1728895235849 0.1881769448518753 1518
1728895240187 0.0944138616323471 1519
1728895244519 0.09279531985521317 1520
1728895248862 0.1774270236492157 1521
1728895253185 0.05837737396359444 1522
1728895257525 0.14110487699508667 1523
1728895261854 0.12995515763759613 1524
1728895266184 0.032653115689754486 1525
1728895270522 0.11448035389184952 1526
1728895274864 0.13614681363105774 1527
1728895279208 0.11462385952472687 1528
1728895283535 0.1248394101858139 1529
1728895287868 0.11303961277008057 1530
1728895292199 0.10677847266197205 1531
1728895296536 0.08159436285495758 1532
1728895300871 0.15312576293945312 1533
1728895305218 0.18126915395259857 1534
1728895309574 0.2184775471687317 1535
1728895313899 0.09406217187643051 1536
1728895318219 0.05432625114917755 1537
1728895322558 0.11328306794166565 1538
1728895326298 0.22874781489372253 1539
1728895330619 0.07163958251476288 1540
1728895334962 0.2208540439605713 1541
1728895339296 0.025024572387337685 1542
1728895343603 0.052031151950359344 1543
1728895347347 0.4091315269470215 1544
1728895351670 0.053976137191057205 1545
1728895356003 0.08733928948640823 1546
1728895360337 0.11137032508850098 1547
1728895364676 0.32998114824295044 1548
1728895369007 0.13868671655654907 1549
1728895373341 0.14332552254199982 1550
1728895377678 0.08928930759429932 1551
1728895382022 0.19621418416500092 1552
1728895386346 0.09159885346889496 1553
1728895390687 0.2871929407119751 1554
1728895395020 0.08059857785701752 1555
1728895399359 0.09929905086755753 1556
1728895403098 0.15022368729114532 1557
1728895407425 0.08593741804361343 1558
1728895411749 0.06406283378601074 1559
1728895416090 0.2515774667263031 1560
1728895420441 0.25569212436676025 1561
1728895424784 0.11990770697593689 1562
1728895428536 0.4070410132408142 1563
1728895432872 0.20078298449516296 1564
1728895437208 0.07120630145072937 1565
1728895441540 0.08165311813354492 1566
1728895445879 0.08348813652992249 1567
1728895450215 0.09641484916210175 1568
1728895454545 0.09356120228767395 1569
1728895458298 0.24734285473823547 1570
1728895462624 0.08379757404327393 1571
1728895466963 0.14860579371452332 1572
1728895471331 0.04055114835500717 1573
1728895475661 0.13637158274650574 1574
1728895479999 0.10685121268033981 1575
1728895484328 0.09374062716960907 1576
1728895488657 0.06886149942874908 1577
1728895493001 0.2993886172771454 1578
1728895497343 0.12925377488136292 1579
1728895501704 0.13187247514724731 1580
1728895506026 0.1042131707072258 1581
1728895510376 0.12778346240520477 1582
1728895514118 0.10871163010597229 1583
1728895518442 0.09301053732633591 1584
1728895522772 0.12176536023616791 1585
1728895527102 0.09732023626565933 1586
1728895531429 0.12901616096496582 1587
1728895535762 0.08665354549884796 1588
1728895540082 0.03596203774213791 1589
1728895544415 0.045945584774017334 1590
1728895548756 0.1304643452167511 1591
1728895553088 0.15986338257789612 1592
1728895557408 0.03799600154161453 1593
1728895561737 0.24272407591342926 1594
1728895566070 0.15102455019950867 1595
1728895570416 0.2380327731370926 1596
1728895574750 0.06542680412530899 1597
1728895579095 0.1346789300441742 1598
1728895583433 0.17699003219604492 1599
1728895587764 0.11000947654247284 1600
1728895592084 0.07373703271150589 1601
1728895596431 0.07160964608192444 1602
1728895600748 0.020522870123386383 1603
1728895605086 0.1561042070388794 1604
1728895609421 0.10385353863239288 1605
1728895613755 0.12609508633613586 1606
1728895618087 0.10545201599597931 1607
1728895622390 0.08913794904947281 1608
1728895626122 0.09382306039333344 1609
1728895629877 0.08053815364837646 1610
1728895634198 0.12269366532564163 1611
1728895638524 0.16420120000839233 1612
1728895642839 0.011412391439080238 1613
1728895647176 0.1304803490638733 1614
1728895651502 0.11470669507980347 1615
1728895655822 0.09708772599697113 1616
1728895660156 0.12452226877212524 1617
1728895664484 0.11184677481651306 1618
1728895668808 0.2246546745300293 1619
1728895673128 0.0808568224310875 1620
1728895677442 0.10543131828308105 1621
1728895681777 0.09880109876394272 1622
1728895686099 0.04931133985519409 1623
1728895690428 0.13553549349308014 1624
1728895694165 0.10074889659881592 1625
1728895697899 0.15633274614810944 1626
1728895702224 0.11580531299114227 1627
1728895706534 0.03718733787536621 1628
1728895710863 0.10842987149953842 1629
1728895715195 0.12790542840957642 1630
1728895719523 0.15568071603775024 1631
1728895723854 0.11931008100509644 1632
1728895728182 0.09637008607387543 1633
1728895732502 0.10615286231040955 1634
1728895736838 0.12931126356124878 1635
1728895741172 0.11737668514251709 1636
1728895745502 0.09217408299446106 1637
1728895749816 0.03368017077445984 1638
1728895754141 0.09696045517921448 1639
1728895758452 0.03609517961740494 1640
1728895762760 0.06312491744756699 1641
1728895767112 0.11617101728916168 1642
1728895770862 0.13291963934898376 1643
1728895775200 0.1419079303741455 1644
1728895779513 0.08570113778114319 1645
1728895783853 0.1358969658613205 1646
1728895788190 0.10379098355770111 1647
1728895792508 0.12675344944000244 1648
1728895796833 0.10927314311265945 1649
1728895801160 0.09529422223567963 1650
1728895805501 0.13937048614025116 1651
1728895809828 0.0396026074886322 1652
1728895814164 0.2120673656463623 1653
1728895818494 0.04963873326778412 1654
1728895822824 0.13018099963665009 1655
1728895827143 0.11029694974422455 1656
1728895831469 0.09563721716403961 1657
1728895835207 0.10286784917116165 1658
1728895839539 0.2352672517299652 1659
1728895843888 0.13445216417312622 1660
1728895848197 0.05428697541356087 1661
1728895852502 0.0546683594584465 1662
1728895856836 0.037843648344278336 1663
1728895860583 0.12131082266569138 1664
1728895864918 0.13005203008651733 1665
1728895869257 0.1710273027420044 1666
1728895873603 0.19306723773479462 1667
1728895877936 0.1201712042093277 1668
1728895882280 0.09486325085163116 1669
1728895886604 0.03524850308895111 1670
1728895890932 0.09369762241840363 1671
1728895895265 0.08686976134777069 1672
1728895899594 0.12495380640029907 1673
1728895903924 0.08243665099143982 1674
1728895908262 0.08483344316482544 1675
1728895912605 0.045757804065942764 1676
1728895916932 0.0918896347284317 1677
1728895921270 0.06737854331731796 1678
1728895925594 0.04376145079731941 1679
1728895929348 0.32189908623695374 1680
1728895933681 0.12253902852535248 1681
1728895938007 0.20835138857364655 1682
1728895942334 0.10297006368637085 1683
1728895946677 0.09435135126113892 1684
1728895951006 0.06022707372903824 1685
1728895955329 0.09151676297187805 1686
1728895959659 0.1427822709083557 1687
1728895963998 0.12006829679012299 1688
1728895968335 0.18648917973041534 1689
1728895972684 0.1933213174343109 1690
1728895977027 0.12245368957519531 1691
1728895981359 0.21350179612636566 1692
1728895985696 0.0856337696313858 1693
1728895990028 0.0762130618095398 1694
1728895994354 0.15808925032615662 1695
1728895998090 0.07858213782310486 1696
1728896002434 0.15718534588813782 1697
1728896006775 0.14020538330078125 1698
1728896011081 0.04216683655977249 1699
1728896015425 0.1177290827035904 1700
1728896019766 0.17772085964679718 1701
1728896024107 0.08130720257759094 1702
1728896028445 0.2715744972229004 1703
1728896032791 0.13561373949050903 1704
1728896037116 0.08784720301628113 1705
1728896041442 0.12911149859428406 1706
1728896045766 0.01847950927913189 1707
1728896050116 0.16263101994991302 1708
1728896054424 0.10707151889801025 1709
1728896058777 0.11761217564344406 1710
1728896063111 0.10482275485992432 1711
1728896067442 0.11385482549667358 1712
1728896071777 0.12954242527484894 1713
1728896076105 0.04412105679512024 1714
1728896080434 0.1054917573928833 1715
1728896084769 0.11421477049589157 1716
1728896089108 0.049491506069898605 1717
1728896093446 0.1149863600730896 1718
1728896097778 0.12247334420681 1719
1728896102119 0.21684294939041138 1720
1728896106448 0.10046549141407013 1721
1728896110205 0.1418866217136383 1722
1728896114534 0.106049545109272 1723
1728896118867 0.0818222314119339 1724
1728896123201 0.07587061822414398 1725
1728896127540 0.06955882906913757 1726
1728896131887 0.14875619113445282 1727
1728896136213 0.12723569571971893 1728
1728896140547 0.10901178419589996 1729
1728896144890 0.13679105043411255 1730
1728896149217 0.1375097632408142 1731
1728896153537 0.04778219386935234 1732
1728896157860 0.10146956145763397 1733
1728896162207 0.16738462448120117 1734
1728896166529 0.0615059956908226 1735
1728896170274 0.08092888444662094 1736
1728896174610 0.1150156632065773 1737
1728896178939 0.12159929424524307 1738
1728896182687 0.11905120313167572 1739
1728896187017 0.09728437662124634 1740
1728896191346 0.1333245486021042 1741
1728896195679 0.08074678480625153 1742
1728896200010 0.11223103851079941 1743
1728896204345 0.12416476011276245 1744
1728896208683 0.11717524379491806 1745
1728896213008 0.0421580970287323 1746
1728896217333 0.09812722355127335 1747
1728896221074 0.2754009962081909 1748
1728896225401 0.14340269565582275 1749
1728896229731 0.06678759306669235 1750
1728896234086 0.13315190374851227 1751
1728896238414 0.10300901532173157 1752
1728896242750 0.22006148099899292 1753
1728896247082 0.09055720269680023 1754
1728896251408 0.05977006256580353 1755
1728896255751 0.2636660635471344 1756
1728896260086 0.08450005948543549 1757
1728896264411 0.09359003603458405 1758
1728896268736 0.1687074899673462 1759
1728896273071 0.05897326394915581 1760
1728896277401 0.10593584179878235 1761
1728896281741 0.11877681314945221 1762
1728896286078 0.10926365852355957 1763
1728896290405 0.09074199944734573 1764
1728896294736 0.15340201556682587 1765
1728896299059 0.10084855556488037 1766
1728896303404 0.22496140003204346 1767
1728896307739 0.28437477350234985 1768
1728896312075 0.11112005263566971 1769
1728896316409 0.10454606264829636 1770
1728896320743 0.2542925477027893 1771
1728896325079 0.11176443845033646 1772
1728896329427 0.10997264832258224 1773
1728896333753 0.10405240952968597 1774
1728896338083 0.10253134369850159 1775
1728896342415 0.14085344970226288 1776
1728896346747 0.09469190239906311 1777
1728896351070 0.10296560078859329 1778
1728896355414 0.24184094369411469 1779
1728896359735 0.039615027606487274 1780
1728896364070 0.10567910969257355 1781
1728896368402 0.09117226302623749 1782
1728896372732 0.05083116888999939 1783
1728896377069 0.0796234980225563 1784
1728896381416 0.1130310446023941 1785
1728896385749 0.13050392270088196 1786
1728896390089 0.14757205545902252 1787
1728896394410 0.06351977586746216 1788
1728896398736 0.09875518828630447 1789
1728896403059 0.1088128387928009 1790
1728896407394 0.10794863104820251 1791
1728896411724 0.12080028653144836 1792
1728896416062 0.27012673020362854 1793
1728896420407 0.20743471384048462 1794
1728896424737 0.15482637286186218 1795
1728896429062 0.07650093734264374 1796
1728896433375 0.033190056681632996 1797
1728896437700 0.1582711786031723 1798
1728896442029 0.09822919964790344 1799
1728896446342 0.06409582495689392 1800
1728896450679 0.11319337785243988 1801
1728896455000 0.0886518657207489 1802
1728896458748 0.2896444499492645 1803
1728896463078 0.0647573322057724 1804
1728896467402 0.1985238790512085 1805
1728896471727 0.06792208552360535 1806
1728896476049 0.1016051173210144 1807
1728896479789 0.10492211580276489 1808
1728896484111 0.10705943405628204 1809
1728896488437 0.1195196881890297 1810
1728896492765 0.1389668583869934 1811
1728896497096 0.17336080968379974 1812
1728896501420 0.11160264909267426 1813
1728896505747 0.14501193165779114 1814
1728896510082 0.07202466577291489 1815
1728896514414 0.10906276106834412 1816
1728896518742 0.10869552195072174 1817
1728896523089 0.21786069869995117 1818
1728896527436 0.08989828079938889 1819
1728896531177 0.13611072301864624 1820
1728896535513 0.12423129379749298 1821
1728896539837 0.09293199330568314 1822
1728896544163 0.09987175464630127 1823
1728896548492 0.10383687168359756 1824
1728896552819 0.14341583847999573 1825
1728896557155 0.13206079602241516 1826
1728896561500 0.08640732616186142 1827
1728896565832 0.11528931558132172 1828
1728896570156 0.11459726095199585 1829
1728896574486 0.21212835609912872 1830
1728896578802 0.020246345549821854 1831
1728896583119 0.00981020089238882 1832
1728896587446 0.07014243304729462 1833
1728896591783 0.11940501630306244 1834
1728896596122 0.11778022348880768 1835
1728896600457 0.11158812046051025 1836
1728896604192 0.12743569910526276 1837
1728896608524 0.06420619785785675 1838
1728896612834 0.08379301428794861 1839
1728896617163 0.09394453465938568 1840
1728896621495 0.2588096261024475 1841
1728896625820 0.059421513229608536 1842
1728896630160 0.10865212976932526 1843
1728896634493 0.10238076746463776 1844
1728896638817 0.10302746295928955 1845
1728896643155 0.10439924895763397 1846
1728896647485 0.1315423548221588 1847
1728896651817 0.07604296505451202 1848
1728896656149 0.21729202568531036 1849
1728896660485 0.128780335187912 1850
1728896664825 0.13985179364681244 1851
1728896669155 0.08848847448825836 1852
1728896673500 0.1586085557937622 1853
1728896677836 0.11311769485473633 1854
1728896682149 0.022919900715351105 1855
1728896686495 0.29322582483291626 1856
1728896690826 0.0996076837182045 1857
1728896695177 0.24049606919288635 1858
1728896699517 0.14781570434570312 1859
1728896703856 0.09967201948165894 1860
1728896708186 0.1032765656709671 1861
1728896712517 0.11543010175228119 1862
1728896716240 0.019725721329450607 1863
1728896720548 0.09261822700500488 1864
1728896724882 0.07319177687168121 1865
1728896729209 0.017678702250123024 1866
1728896733548 0.14548034965991974 1867
1728896737873 0.13023224472999573 1868
1728896742207 0.1341424137353897 1869
1728896746547 0.07240289449691772 1870
1728896750888 0.15506523847579956 1871
1728896755221 0.10167337954044342 1872
1728896759568 0.16737714409828186 1873
1728896763903 0.12498854845762253 1874
1728896767630 0.15614235401153564 1875
1728896771956 0.06688719987869263 1876
1728896776285 0.11511142551898956 1877
1728896780029 0.17763465642929077 1878
1728896784344 0.088202565908432 1879
1728896788679 0.08919452130794525 1880
1728896793016 0.08162380009889603 1881
1728896797342 0.10598990321159363 1882
1728896801675 0.3197569251060486 1883
1728896806007 0.1071980744600296 1884
1728896810339 0.12292061746120453 1885
1728896814677 0.16629287600517273 1886
1728896818998 0.02951374091207981 1887
1728896823326 0.09231817722320557 1888
1728896827644 0.10687027871608734 1889
1728896831956 0.09519073367118835 1890
1728896836281 0.14893803000450134 1891
1728896840615 0.11321594566106796 1892
1728896844936 0.03596465289592743 1893
1728896849260 0.11081041395664215 1894
1728896853600 0.13117694854736328 1895
1728896857935 0.16753360629081726 1896
1728896862255 0.11866839975118637 1897
1728896866581 0.11396235227584839 1898
1728896870900 0.07554188370704651 1899
1728896875215 0.07897061109542847 1900
1728896879541 0.13212628662586212 1901
1728896883871 0.17158544063568115 1902
1728896888195 0.11102474480867386 1903
1728896891935 0.11131259799003601 1904
1728896896250 0.10113393515348434 1905
1728896900582 0.2315470576286316 1906
1728896904316 0.6760817170143127 1907
1728896908641 0.11015768349170685 1908
1728896912382 0.18040907382965088 1909
1728896916725 0.049552060663700104 1910
1728896921038 0.16295385360717773 1911
1728896925360 0.10825031995773315 1912
1728896929691 0.10413017868995667 1913
1728896934025 0.14964474737644196 1914
1728896938343 0.10948560386896133 1915
1728896942675 0.14226996898651123 1916
1728896946996 0.10149873793125153 1917
1728896951313 0.09685442596673965 1918
1728896955036 0.05266375094652176 1919
1728896959355 0.10070778429508209 1920
1728896963697 0.14866816997528076 1921
1728896968021 0.08685541152954102 1922
1728896972350 0.11566772311925888 1923
1728896976688 0.13960157334804535 1924
1728896980416 0.2642056941986084 1925
1728896984755 0.07185430079698563 1926
1728896989086 0.15423741936683655 1927
1728896993417 0.1025218591094017 1928
1728896997751 0.09027400612831116 1929
1728897002082 0.07940789312124252 1930
1728897006418 0.0905560553073883 1931
1728897010739 0.10369721055030823 1932
1728897014477 0.053412266075611115 1933
1728897018803 0.13079124689102173 1934
1728897022536 0.21608807146549225 1935
1728897026879 0.11113567650318146 1936
1728897031205 0.09192992746829987 1937
1728897034936 0.13741715252399445 1938
1728897039256 0.10964243113994598 1939
1728897042997 0.34947651624679565 1940
1728897047325 0.1320842057466507 1941
1728897051646 0.13788862526416779 1942
1728897055976 0.093550905585289 1943
1728897060298 0.07005028426647186 1944
1728897064623 0.13118219375610352 1945
1728897068949 0.14704227447509766 1946
1728897073282 0.1989397555589676 1947
1728897077613 0.20061159133911133 1948
1728897081942 0.08404019474983215 1949
1728897086279 0.10206785798072815 1950
1728897090620 0.08843123912811279 1951
1728897094960 0.1547137200832367 1952
1728897099284 0.022456184029579163 1953
1728897103619 0.15104806423187256 1954
1728897107949 0.24753978848457336 1955
1728897112283 0.08824557065963745 1956
1728897116623 0.1037605032324791 1957
1728897120969 0.07291407883167267 1958
1728897125321 0.14991360902786255 1959
1728897129663 0.1470751166343689 1960
1728897134003 0.09079533815383911 1961
1728897137741 0.11968016624450684 1962
1728897141498 0.33486858010292053 1963
1728897145825 0.1044425517320633 1964
1728897150150 0.09409545361995697 1965
1728897154485 0.10385259985923767 1966
1728897158807 0.055159442126750946 1967
1728897163142 0.14945738017559052 1968
1728897167464 0.11138290911912918 1969
1728897171805 0.20390167832374573 1970
1728897176151 0.1111326739192009 1971
1728897180496 0.18975162506103516 1972
1728897184821 0.06271187961101532 1973
1728897189148 0.10348797589540482 1974
1728897193484 0.16403812170028687 1975
1728897197822 0.14214499294757843 1976
1728897202162 0.12144932895898819 1977
1728897206495 0.0962115228176117 1978
1728897210234 0.0846889317035675 1979
1728897214565 0.1430811882019043 1980
1728897218895 0.11592812836170197 1981
1728897222619 0.04655448719859123 1982
1728897226946 0.07387469708919525 1983
1728897231274 0.1547873318195343 1984
1728897235018 0.13872556388378143 1985
1728897239366 0.07701167464256287 1986
1728897243722 0.1215236634016037 1987
1728897248048 0.07723354548215866 1988
1728897252385 0.22243711352348328 1989
1728897256728 0.10617391765117645 1990
1728897260465 0.43047022819519043 1991
1728897264806 0.16232088208198547 1992
1728897269128 0.1992408037185669 1993
1728897273458 0.12886536121368408 1994
1728897277791 0.10314381122589111 1995
1728897282107 0.08659981936216354 1996
1728897286439 0.0945512056350708 1997
1728897290760 0.1094425842165947 1998
1728897295085 0.06113552674651146 1999
1728897300369 0.10566478967666626 2000
1728897639906 0.08520878851413727 2001
1728897644211 0.13065405189990997 2002
1728897648518 0.08561742305755615 2003
1728897652830 0.11242158710956573 2004
1728897656556 0.09004788845777512 2005
1728897660845 0.034917112439870834 2006
1728897665142 0.0892765074968338 2007
1728897669440 0.09454688429832458 2008
1728897673757 0.3015834391117096 2009
1728897678077 0.13374483585357666 2010
1728897682398 0.0788775086402893 2011
1728897686713 0.1621815264225006 2012
1728897691031 0.13132677972316742 2013
1728897695358 0.1365641951560974 2014
1728897699684 0.255573570728302 2015
1728897704002 0.09342379868030548 2016
1728897708312 0.0975097268819809 2017
1728897712633 0.08815845847129822 2018
1728897716943 0.0858108252286911 2019
1728897721258 0.1280113160610199 2020
1728897725556 0.09127993136644363 2021
1728897729868 0.19277425110340118 2022
1728897734181 0.09183498471975327 2023
1728897738498 0.10783683508634567 2024
1728897742821 0.12267185002565384 2025
1728897747135 0.08197590708732605 2026
1728897751439 0.16632375121116638 2027
1728897755747 0.08743153512477875 2028
1728897760047 0.08603520691394806 2029
1728897764352 0.09618951380252838 2030
1728897768653 0.10170315951108932 2031
1728897772959 0.08917958289384842 2032
1728897777263 0.09010259807109833 2033
1728897781580 0.17968246340751648 2034
1728897785904 0.1496376097202301 2035
1728897789632 0.20820778608322144 2036
1728897793946 0.15563179552555084 2037
1728897798264 0.12281689047813416 2038
1728897802599 0.08457805216312408 2039
1728897806927 0.2118968665599823 2040
1728897811249 0.09907689690589905 2041
1728897815578 0.05651196837425232 2042
1728897819904 0.059552229940891266 2043
1728897824245 0.10264073312282562 2044
1728897828575 0.07418891042470932 2045
1728897832899 0.08597197383642197 2046
1728897837227 0.07427613437175751 2047
1728897841532 0.06912171840667725 2048
1728897845855 0.14111730456352234 2049
1728897850191 0.09311655908823013 2050
1728897853925 0.06293540447950363 2051
1728897858259 0.1119537204504013 2052
1728897862574 0.022774361073970795 2053
1728897866912 0.08747389912605286 2054
1728897871249 0.23104824125766754 2055
1728897875584 0.10609790682792664 2056
1728897879940 0.0917738527059555 2057
1728897884286 0.17022612690925598 2058
1728897888616 0.12238751351833344 2059
1728897892950 0.10110028088092804 2060
1728897897309 0.11977560818195343 2061
1728897901650 0.12333124876022339 2062
1728897905985 0.12163155525922775 2063
1728897910324 0.12263927608728409 2064
1728897914672 0.09190362691879272 2065
1728897919007 0.10069151967763901 2066
1728897923331 0.03762047737836838 2067
1728897927663 0.1853722631931305 2068
1728897931399 0.18698576092720032 2069
1728897935736 0.03368692845106125 2070
1728897940073 0.164046972990036 2071
1728897944414 0.15159891545772552 2072
1728897948761 0.14148293435573578 2073
1728897953087 0.11338451504707336 2074
1728897957427 0.1571444272994995 2075
1728897961760 0.1218290627002716 2076
1728897966101 0.08108045160770416 2077
1728897970442 0.0994434505701065 2078
1728897974771 0.09579487144947052 2079
1728897979102 0.08743121474981308 2080
1728897983437 0.09729764610528946 2081
1728897987764 0.08332176506519318 2082
1728897992091 0.11586736887693405 2083
1728897996436 0.12263157963752747 2084
1728898000798 0.025281820446252823 2085
1728898005132 0.12852860987186432 2086
1728898009451 0.02036653831601143 2087
1728898013803 0.3070467710494995 2088
1728898018150 0.16436989605426788 2089
1728898022482 0.09753760695457458 2090
1728898026822 0.14005841314792633 2091
1728898031160 0.1176302433013916 2092
1728898035492 0.1074407622218132 2093
1728898039835 0.11299100518226624 2094
1728898044187 0.04091811925172806 2095
1728898048524 0.09527761489152908 2096
1728898052869 0.1654922366142273 2097
1728898057200 0.1312238872051239 2098
1728898061540 0.14578893780708313 2099
1728898065861 0.06294253468513489 2100
1728898070194 0.07516701519489288 2101
1728898074519 0.07842784374952316 2102
1728898078267 0.10457149147987366 2103
1728898082011 0.09056830406188965 2104
1728898086340 0.1450674682855606 2105
1728898090668 0.09673306345939636 2106
1728898095006 0.1088113784790039 2107
1728898099340 0.11258567869663239 2108
1728898103674 0.09439922869205475 2109
1728898108023 0.16076964139938354 2110
1728898112364 0.0970558375120163 2111
1728898116703 0.12347421050071716 2112
1728898120434 0.13471941649913788 2113
1728898124768 0.06665698438882828 2114
1728898129102 0.16188201308250427 2115
1728898133422 0.10527520626783371 2116
1728898137755 0.10993219912052155 2117
1728898142086 0.16133806109428406 2118
1728898146423 0.15583205223083496 2119
1728898150758 0.11063258349895477 2120
1728898154502 0.400703489780426 2121
1728898158836 0.08204616606235504 2122
1728898162569 0.1141836941242218 2123
1728898166896 0.1374104619026184 2124
1728898171235 0.11129709333181381 2125
1728898175565 0.1713949739933014 2126
1728898179295 0.13682392239570618 2127
1728898183621 0.19005244970321655 2128
1728898187951 0.08361127972602844 2129
1728898192289 0.16035115718841553 2130
1728898196625 0.24931210279464722 2131
1728898200948 0.045310162007808685 2132
1728898204691 0.3859117925167084 2133
1728898209028 0.21012040972709656 2134
1728898213354 0.0688159316778183 2135
1728898217674 0.10578418523073196 2136
1728898222006 0.18487921357154846 2137
1728898226327 0.058751463890075684 2138
1728898230655 0.08373480290174484 2139
1728898235001 0.639959454536438 2140
1728898239332 0.0768708810210228 2141
1728898243672 0.09158085286617279 2142
1728898248003 0.10851404070854187 2143
1728898252358 0.12173715233802795 2144
1728898256664 0.06520243734121323 2145
1728898260998 0.14383307099342346 2146
1728898265353 0.08257393538951874 2147
1728898269686 0.10349022597074509 2148
1728898274026 0.12025250494480133 2149
1728898277770 0.09787525236606598 2150
1728898282112 0.08665052056312561 2151
1728898286438 0.20193549990653992 2152
1728898290171 0.11739927530288696 2153
1728898293891 0.22676025331020355 2154
1728898298232 0.15913620591163635 2155
1728898302558 0.07860782742500305 2156
1728898306902 0.12737074494361877 2157
1728898311237 0.09682820737361908 2158
1728898315567 0.10712563991546631 2159
1728898319897 0.1411360204219818 2160
1728898323637 0.4211547374725342 2161
1728898327966 0.08827875554561615 2162
1728898331717 0.22784000635147095 2163
1728898336047 0.09462238848209381 2164
1728898340389 0.10369107127189636 2165
1728898344731 0.10250047594308853 2166
1728898349064 0.11639247834682465 2167
1728898352811 0.1225903183221817 2168
1728898356557 0.43075838685035706 2169
1728898360906 0.09257712215185165 2170
1728898365239 0.09751223027706146 2171
1728898369577 0.11054684221744537 2172
1728898373335 0.127639040350914 2173
1728898377657 0.20002548396587372 2174
1728898381985 0.10926850885152817 2175
1728898386332 0.147663414478302 2176
1728898390664 0.1494903415441513 2177
1728898395013 0.09337754547595978 2178
1728898399342 0.06788909435272217 2179
1728898403682 0.05805061385035515 2180
1728898407434 0.1485166847705841 2181
1728898411769 0.08048984408378601 2182
1728898416100 0.09243369847536087 2183
1728898420442 0.08161589503288269 2184
1728898424785 0.10379379242658615 2185
1728898429129 0.1786538064479828 2186
1728898433468 0.09733863174915314 2187
1728898437813 0.16981208324432373 2188
1728898442159 0.09141417592763901 2189
1728898446509 0.15672621130943298 2190
1728898450836 0.06343606859445572 2191
1728898455168 0.3486195206642151 2192
1728898459499 0.12087184190750122 2193
1728898463238 0.1057867705821991 2194
1728898467569 0.09468123316764832 2195
1728898471897 0.0733938068151474 2196
1728898476219 0.018834028393030167 2197
1728898480556 0.09643016010522842 2198
1728898484883 0.10667262971401215 2199
1728898489225 0.13184164464473724 2200
1728898493564 0.11048911511898041 2201
1728898497310 0.10911281406879425 2202
1728898501635 0.028678884729743004 2203
1728898505963 0.09759949147701263 2204
1728898510290 0.07380952686071396 2205
1728898514631 0.06955081969499588 2206
1728898518948 0.06346043944358826 2207
1728898523294 0.07478348910808563 2208
1728898527644 0.1054605022072792 2209
1728898531985 0.11348000168800354 2210
1728898535736 0.3438968062400818 2211
1728898540064 0.047222863882780075 2212
1728898544410 0.12794937193393707 2213
1728898548746 0.10289712250232697 2214
1728898552488 0.40152937173843384 2215
1728898556840 0.15212196111679077 2216
1728898561179 0.2235334813594818 2217
1728898565520 0.11705254763364792 2218
1728898569863 0.09924092888832092 2219
1728898574218 0.16141337156295776 2220
1728898578558 0.1028067022562027 2221
1728898582297 0.08048723638057709 2222
1728898586636 0.16275669634342194 2223
1728898590973 0.2786611318588257 2224
1728898595313 0.12780079245567322 2225
1728898599656 0.12892526388168335 2226
1728898603995 0.051328592002391815 2227
1728898608338 0.08583305776119232 2228
1728898612673 0.04811548441648483 2229
1728898617018 0.10649383813142776 2230
1728898620752 0.05143431946635246 2231
1728898625095 0.1433091163635254 2232
1728898628839 0.13166064023971558 2233
1728898633168 0.09759826213121414 2234
1728898637515 0.2206025868654251 2235
1728898641849 0.08407127857208252 2236
1728898646190 0.14732486009597778 2237
1728898650539 0.29029256105422974 2238
1728898654277 0.15008670091629028 2239
1728898658602 0.09967934340238571 2240
1728898662935 0.18497082591056824 2241
1728898667263 0.09329777210950851 2242
1728898671606 0.15434452891349792 2243
1728898675933 0.09197448194026947 2244
1728898680243 0.006863401271402836 2245
1728898684576 0.2582676410675049 2246
1728898688912 0.12626338005065918 2247
1728898693258 0.22574108839035034 2248
1728898696998 0.18893328309059143 2249
1728898701320 0.01751750148832798 2250
1728898705642 0.06699911504983902 2251
1728898709959 0.06331989914178848 2252
1728898713716 0.10433562099933624 2253
1728898718042 0.047270581126213074 2254
1728898722369 0.106809101998806 2255
1728898726710 0.0650205984711647 2256
1728898731069 0.09854305535554886 2257
1728898735416 0.09889321774244308 2258
1728898739761 0.10857541114091873 2259
1728898744097 0.0751333236694336 2260
1728898748426 0.06619501858949661 2261
1728898752749 0.125387042760849 2262
1728898757068 0.0628160908818245 2263
1728898761414 0.12117268890142441 2264
1728898765761 0.09656654298305511 2265
1728898770082 0.09547111392021179 2266
1728898774413 0.07209797948598862 2267
1728898778743 0.1234748512506485 2268
1728898783065 0.054582808166742325 2269
1728898787382 0.010837743058800697 2270
1728898791709 0.07685626298189163 2271
1728898796032 0.08997854590415955 2272
1728898800358 0.09529469907283783 2273
1728898804679 0.08558912575244904 2274
1728898809010 0.1385798156261444 2275
1728898813342 0.11782936006784439 2276
1728898817668 0.08738463371992111 2277
1728898821987 0.1398586481809616 2278
1728898826318 0.09851667284965515 2279
1728898830646 0.07654576748609543 2280
1728898834982 0.08502764254808426 2281
1728898839309 0.1256689727306366 2282
1728898843636 0.11820082366466522 2283
1728898847978 0.17529386281967163 2284
1728898852314 0.19556362926959991 2285
1728898856634 0.08152057230472565 2286
1728898860961 0.0799930989742279 2287
1728898865278 0.08485812693834305 2288
1728898869605 0.13310553133487701 2289
1728898873937 0.20120500028133392 2290
1728898878271 0.12938529253005981 2291
1728898882597 0.04258279502391815 2292
1728898886930 0.12147849798202515 2293
1728898891251 0.1334802657365799 2294
1728898895577 0.13023105263710022 2295
1728898899903 0.15288275480270386 2296
1728898904218 0.11985864490270615 2297
1728898908540 0.10287031531333923 2298
1728898912870 0.11552982032299042 2299
1728898917204 0.10607244074344635 2300
1728898921533 0.06677517294883728 2301
1728898925871 0.11767341196537018 2302
1728898930213 0.27019089460372925 2303
1728898934548 0.04399311915040016 2304
1728898938863 0.10518040508031845 2305
1728898942600 0.09227749705314636 2306
1728898946925 0.10920901596546173 2307
1728898951263 0.1467047780752182 2308
1728898955585 0.12083423137664795 2309
1728898959919 0.06990011781454086 2310
1728898964240 0.09832384437322617 2311
1728898968569 0.10606116056442261 2312
1728898972915 0.22971487045288086 2313
1728898977242 0.0804205909371376 2314
1728898981568 0.11945541203022003 2315
1728898985903 0.05425924435257912 2316
1728898990246 0.0830574482679367 2317
1728898994582 0.19261538982391357 2318
1728898998320 0.11839601397514343 2319
1728899002655 0.115549236536026 2320
1728899006975 0.025194432586431503 2321
1728899011305 0.11794869601726532 2322
1728899015639 0.11780625581741333 2323
1728899019379 0.3062746226787567 2324
1728899023715 0.10271069407463074 2325
1728899028038 0.038623858243227005 2326
1728899032374 0.12054687738418579 2327
1728899036704 0.15691876411437988 2328
1728899041032 0.06282125413417816 2329
1728899045371 0.10267411172389984 2330
1728899049113 0.17577114701271057 2331
1728899053452 0.19248822331428528 2332
1728899057787 0.14259880781173706 2333
1728899062118 0.09653924405574799 2334
1728899066472 0.09717653691768646 2335
1728899070798 0.050336629152297974 2336
1728899075139 0.11857960373163223 2337
1728899079471 0.17424210906028748 2338
1728899083805 0.0876065194606781 2339
1728899088142 0.08843515068292618 2340
1728899092472 0.10034984350204468 2341
1728899096817 0.08462463319301605 2342
1728899100560 0.12799468636512756 2343
1728899104887 0.13172337412834167 2344
1728899109229 0.16513386368751526 2345
1728899113552 0.14627785980701447 2346
1728899117895 0.11387627571821213 2347
1728899122247 0.15873204171657562 2348
1728899126573 0.09678041934967041 2349
1728899130893 0.0745440348982811 2350
1728899135222 0.08588702976703644 2351
1728899139554 0.10290294140577316 2352
1728899143901 0.08940994739532471 2353
1728899148246 0.17166836559772491 2354
1728899152585 0.08268973231315613 2355
1728899156920 0.06742570549249649 2356
1728899161251 0.10771749913692474 2357
1728899165578 0.11066187918186188 2358
1728899169910 0.07461852580308914 2359
1728899174246 0.13018961250782013 2360
1728899178582 0.21878975629806519 2361
1728899182923 0.15683788061141968 2362
1728899187250 0.0327875018119812 2363
1728899191583 0.0977008193731308 2364
1728899195915 0.11198639869689941 2365
1728899200247 0.1338716745376587 2366
1728899204571 0.1327124536037445 2367
1728899208911 0.10883781313896179 2368
1728899213253 0.13684260845184326 2369
1728899217585 0.16033676266670227 2370
1728899221910 0.048153601586818695 2371
1728899226233 0.049278296530246735 2372
1728899230577 0.21926404535770416 2373
1728899234905 0.1072375625371933 2374
1728899239235 0.10726633667945862 2375
1728899242982 0.18427333235740662 2376
1728899247329 0.19069886207580566 2377
1728899251658 0.29490864276885986 2378
1728899255986 0.10038675367832184 2379
1728899260316 0.03846627473831177 2380
1728899264649 0.26503506302833557 2381
1728899268967 0.1026378944516182 2382
1728899273289 0.06805264204740524 2383
1728899277605 0.07841901481151581 2384
1728899281356 0.5156645178794861 2385
1728899285683 0.10934905707836151 2386
1728899290018 0.10367823392152786 2387
1728899294370 0.12773685157299042 2388
1728899298696 0.11075807362794876 2389
1728899303028 0.06447914242744446 2390
1728899307369 0.18664105236530304 2391
1728899311690 0.09273466467857361 2392
1728899316029 0.08906068652868271 2393
1728899320344 0.07111065089702606 2394
1728899324689 0.06998084485530853 2395
1728899329025 0.1809922307729721 2396
1728899333350 0.04185621440410614 2397
1728899337685 0.13964951038360596 2398
1728899342026 0.14146548509597778 2399
1728899346355 0.10641270875930786 2400
1728899350686 0.0800207108259201 2401
1728899355019 0.08146056532859802 2402
1728899359356 0.10626190155744553 2403
1728899363690 0.09644336253404617 2404
1728899367424 0.11304602026939392 2405
1728899371751 0.1123690977692604 2406
1728899376076 0.0786929801106453 2407
1728899380409 0.10853521525859833 2408
