1727440206976 0.2718256413936615 1
1727440210462 0.2978862226009369 2
1727440210864 0.09523690491914749 3
1727440211382 0.13591013848781586 4
1727440211935 0.8072078824043274 5
1727440212585 0.10747864842414856 6
1727440213342 0.1313960701227188 7
1727440213993 0.2057892233133316 8
1727440214644 0.2919885218143463 9
1727440215305 0.2130415141582489 10
1727440215941 0.5063331723213196 11
1727440216434 0.1585240662097931 12
1727440217082 0.22644822299480438 13
1727440217779 0.37228426337242126 14
1727440218430 0.17967936396598816 15
1727440218917 0.36935821175575256 16
1727440219575 0.26115089654922485 17
1727440220205 0.1841413378715515 18
1727440220857 0.5034167766571045 19
1727440221475 0.2774558365345001 20
1727440222152 0.22752004861831665 21
1727440222768 0.14628130197525024 22
1727440223268 0.18309588730335236 23
1727440223785 0.4793333411216736 24
1727440224271 0.34307873249053955 25
1727440224813 0.1492757946252823 26
1727440225462 0.20388580858707428 27
1727440226100 0.14495053887367249 28
1727440226758 0.40171748399734497 29
1727440227410 0.145865336060524 30
1727440228029 0.24057655036449432 31
1727440228680 0.14394909143447876 32
1727440229331 0.20069940388202667 33
1727440229986 0.2859230935573578 34
1727440230647 0.26912763714790344 35
1727440231252 0.17218148708343506 36
1727440231928 0.09988124668598175 37
1727440232599 0.6312901377677917 38
1727440233239 0.2855287194252014 39
1727440233700 0.15452328324317932 40
1727440234222 0.2853066921234131 41
1727440234841 0.22414299845695496 42
1727440235492 0.2182939350605011 43
1727440235980 0.9213219285011292 44
1727440236510 0.16317954659461975 45
1727440237174 0.2775256335735321 46
1727440237829 0.20496349036693573 47
1727440238482 0.19450241327285767 48
1727440239180 0.23051603138446808 49
1727440239832 0.4113733470439911 50
1727440240508 0.2818099558353424 51
1727440241160 0.14696408808231354 52
1727440241815 0.21003426611423492 53
1727440242425 0.743689239025116 54
1727440243095 0.4151710271835327 55
1727440243712 0.11070851236581802 56
1727440244198 0.5200182795524597 57
1727440244717 0.3170573115348816 58
1727440245348 0.27859818935394287 59
1727440245988 0.2451876848936081 60
1727440246647 0.14746655523777008 61
1727440247318 0.16170819103717804 62
1727440247983 0.13549156486988068 63
1727440248470 0.2637406289577484 64
1727440249014 0.06116146221756935 65
1727440249682 0.11411290615797043 66
1727440250332 0.19735458493232727 67
1727440251001 0.13662302494049072 68
1727440251638 0.3089523911476135 69
1727440252291 0.6205002665519714 70
1727440252923 0.20099084079265594 71
1727440253575 0.14382246136665344 72
