1728886511609 0.15490958094596863 1
1728886848014 0.08528110384941101 2
1728886852301 0.166731059551239 3
1728886856600 0.1324125975370407 4
1728886860889 0.10485343635082245 5
1728886865185 0.08685202151536942 6
1728886869484 0.28384506702423096 7
1728886873203 0.34333744645118713 8
1728886877496 0.06928220391273499 9
1728886881210 0.11927713453769684 10
1728886885504 0.13477256894111633 11
1728886889796 0.1280859261751175 12
1728886893515 0.13697752356529236 13
1728886897795 0.05038578808307648 14
1728886902089 0.08457320928573608 15
1728886906376 0.061169832944869995 16
1728886910676 0.14606687426567078 17
1728886914964 0.10333167761564255 18
1728886919235 0.07418692857027054 19
1728886922941 0.11558668315410614 20
1728886927250 0.1014585793018341 21
1728886931532 0.07827569544315338 22
1728886935813 0.1443709433078766 23
1728886940111 0.09666924923658371 24
1728886944396 0.1008899137377739 25
1728886948692 0.1062564104795456 26
1728886952403 0.12074052542448044 27
1728886956102 0.1673693060874939 28
1728886960393 0.09506189823150635 29
1728886964688 0.09644269943237305 30
1728886968975 0.09169532358646393 31
1728886973268 0.07927022874355316 32
1728886977590 0.17622262239456177 33
1728886981883 0.11118483543395996 34
1728886986196 0.08681997656822205 35
1728886990512 0.2243214249610901 36
1728886994810 0.08514533936977386 37
1728886999115 0.14244520664215088 38
1728887003417 0.09504710137844086 39
1728887007712 0.036984339356422424 40
1728887012023 0.10748521983623505 41
1728887015754 0.2499547302722931 42
1728887020072 0.07434451580047607 43
1728887024393 0.11632506549358368 44
1728887028112 0.14489182829856873 45
1728887032427 0.13511092960834503 46
1728887036738 0.09286246448755264 47
1728887041068 0.14330171048641205 48
1728887045391 0.15468594431877136 49
1728887049711 0.11094926297664642 50
