1729266800977 0.2255610227584839 1
1729266802872 0.21932944655418396 2
1729266804126 0.2355232834815979 3
1729266805897 0.16896755993366241 4
1729266807706 0.20070165395736694 5
1729266809517 0.16993647813796997 6
1729266811327 0.1791030764579773 7
1729266812588 0.29456382989883423 8
1729266814362 0.20600387454032898 9
1729266816182 0.17239230871200562 10
1729266817447 0.28876712918281555 11
1729266819238 0.18920889496803284 12
1729266821053 0.17079484462738037 13
1729266822870 0.18648017942905426 14
1729266824685 0.125078484416008 15
1729266826510 0.1609390676021576 16
1729266828338 0.15771037340164185 17
1729266830166 0.17666210234165192 18
1729266831435 0.35028812289237976 19
1729266833229 0.1532074213027954 20
1729266835060 0.1975090205669403 21
1729266836329 0.337920218706131 22
1729266838126 0.18645638227462769 23
1729266839966 0.20738303661346436 24
1729266841805 0.1754838526248932 25
1729266843085 0.22905176877975464 26
1729266844884 0.19043567776679993 27
1729266846721 0.159507617354393 28
1729266848555 0.15905849635601044 29
1729266850396 0.20005136728286743 30
1729266852250 0.19070211052894592 31
1729266854092 0.15852206945419312 32
1729266855938 0.17706254124641418 33
1729266857780 0.20670828223228455 34
1729266859625 0.16182929277420044 35
1729266861468 0.1799459308385849 36
1729266862740 0.2527236342430115 37
1729266864551 0.21344666182994843 38
1729266865823 0.31432852149009705 39
1729266867630 0.16970610618591309 40
1729266869478 0.14123257994651794 41
1729266871327 0.18898479640483856 42
1729266872600 0.2769380211830139 43
1729266874410 0.2169293761253357 44
1729266876258 0.18269342184066772 45
1729266878104 0.17187084257602692 46
1729266879953 0.17616423964500427 47
1729266881800 0.1737634688615799 48
1729266883645 0.16729068756103516 49
1729266885498 0.178215891122818 50
1729266887349 0.19344769418239594 51
1729266889194 0.18245020508766174 52
1729266890475 0.39632919430732727 53
1729266892287 0.20096087455749512 54
1729266894137 0.2058033049106598 55
1729266895988 0.15472155809402466 56
