1731493924577 0.2930518388748169 1
1731493946841 0.2389032244682312 2
1731493948237 0.32825198769569397 3
1731493949319 0.25567150115966797 4
1731493950669 0.2051049768924713 5
1731493951751 0.20053116977214813 6
1731493953149 0.22207742929458618 7
1731493954551 0.22428783774375916 8
1731493955949 0.19557102024555206 9
1731493957345 0.17263305187225342 10
1731493958411 0.21409094333648682 11
1731493959812 0.21559296548366547 12
1731493961214 0.2484155297279358 13
1731493962613 0.1964290887117386 14
1731493964023 0.2867753207683563 15
1731493965447 0.2632499635219574 16
1731493966516 0.18122626841068268 17
1731493967924 0.2074396014213562 18
1731493969330 0.23851223289966583 19
1731493970563 0.29663822054862976 20
1731493971976 0.1812741756439209 21
1731493973385 0.23565280437469482 22
1731493974555 0.31044211983680725 23
1731493975969 0.200044184923172 24
1731493977385 0.21167004108428955 25
1731493978796 0.1907634437084198 26
1731493980037 0.20005595684051514 27
1731493981383 0.21525704860687256 28
1731493982799 0.18660466372966766 29
1731493983883 0.25907862186431885 30
1731493985310 0.20441722869873047 31
1731493986730 0.18579035997390747 32
1731493987809 0.27029111981391907 33
1731493989228 0.2117723822593689 34
1731493990648 0.26311665773391724 35
1731493992064 0.20707309246063232 36
1731493993308 0.24712398648262024 37
1731493994733 0.24038758873939514 38
1731493996156 0.1891767680644989 39
1731493997582 0.22123287618160248 40
1731493998827 0.17555293440818787 41
1731493999995 0.17052577435970306 42
1731494001426 0.19231846928596497 43
1731494002850 0.20742526650428772 44
1731494004272 0.18990962207317352 45
1731494005693 0.22003483772277832 46
1731494007125 0.24265100061893463 47
1731494008552 0.22620612382888794 48
1731494009983 0.2690808176994324 49
1731494011320 0.18165476620197296 50
1731494012743 0.21347668766975403 51
1731494014175 0.28815966844558716 52
1731494015607 0.23840510845184326 53
1731494017037 0.23094308376312256 54
1731494018133 0.21327482163906097 55
1731494019578 0.20864912867546082 56
1731494021009 0.27198415994644165 57
1731494022438 0.2064615786075592 58
1731494023868 0.20215678215026855 59
1731494025215 0.2631038427352905 60
1731494026642 0.19038665294647217 61
1731494028070 0.2664281129837036 62
1731494029254 0.265195369720459 63
1731494030684 0.30705249309539795 64
1731494032113 0.19788557291030884 65
1731494033547 0.20567980408668518 66
1731494034796 0.2565709948539734 67
1731494036227 0.17957086861133575 68
1731494037651 0.20420992374420166 69
1731494039079 0.1917947232723236 70
1731494040522 0.1909671574831009 71
1731494041968 0.1718607246875763 72
1731494043397 0.1953405886888504 73
1731494044567 0.20311520993709564 74
1731494045828 0.20028206706047058 75
1731494047267 0.21503740549087524 76
1731494048350 0.1858973205089569 77
1731494049787 0.25493353605270386 78
1731494051212 0.1515677571296692 79
1731494052642 0.2191162109375 80
1731494054069 0.2035057544708252 81
1731494055499 0.22248350083827972 82
1731494056929 0.23361559212207794 83
1731494058357 0.21306344866752625 84
1731494059787 0.20889928936958313 85
1731494061212 0.18387240171432495 86
1731494062390 0.22406233847141266 87
1731494063828 0.2566099166870117 88
1731494065258 0.2502564787864685 89
1731494066687 0.19758668541908264 90
1731494068121 0.21760839223861694 91
1731494069551 0.3077600300312042 92
1731494070990 0.19168853759765625 93
1731494072428 0.20646801590919495 94
1731494073860 0.3013352155685425 95
1731494075288 0.29145607352256775 96
1731494076373 0.1961141675710678 97
1731494077799 0.18399152159690857 98
1731494079227 0.240576833486557 99
1731494080658 0.2045217752456665 100
1731494082086 0.24571137130260468 101
1731494083516 0.2417270839214325 102
1731494084947 0.251287043094635 103
1731494086376 0.1914553940296173 104
1731494087548 0.27468928694725037 105
1731494088975 0.2342614084482193 106
1731494090223 0.20926691591739655 107
1731494091312 0.18981347978115082 108
1731494092742 0.37125200033187866 109
1731494094167 0.15713918209075928 110
1731494095348 0.20974567532539368 111
1731494096694 0.21345454454421997 112
