1728956249043 0.10938400775194168 1
1728956253365 0.16900363564491272 2
1728956257681 0.07766841351985931 3
1728956262013 0.0980818122625351 4
1728956266364 0.11815667152404785 5
1728956270720 0.1202312558889389 6
1728956275067 0.06447632610797882 7
1728956279430 0.08751095831394196 8
1728956283804 0.1282789707183838 9
1728956288169 0.15002202987670898 10
1728956292556 0.08776722103357315 11
1728956296930 0.081122025847435 12
1728956301312 0.0883539617061615 13
1728956305683 0.04281088709831238 14
1728956310063 0.10190702974796295 15
1728956314476 0.1554432511329651 16
1728956318876 0.10409586876630783 17
1728956323269 0.10604503750801086 18
1728956327657 0.28628408908843994 19
1728956332050 0.12125697731971741 20
1728956336459 0.14212295413017273 21
1728956340875 0.10432472825050354 22
1728956345265 0.08035621047019958 23
1728956349665 0.15313288569450378 24
1728956354066 0.1105477511882782 25
1728956358498 0.12641999125480652 26
1728956362901 0.157866433262825 27
1728956367299 0.11040271818637848 28
1728956371699 0.09273091703653336 29
1728956376104 0.06696821749210358 30
1728956380525 0.17314711213111877 31
1728956384926 0.09315919876098633 32
1728956389336 0.1037934422492981 33
1728956393735 0.08543711155653 34
1728956398134 0.13198089599609375 35
1728956402549 0.1391959935426712 36
1728956406969 0.12801988422870636 37
1728956411367 0.09487292170524597 38
1728956415754 0.04339005798101425 39
1728956420181 0.10856281220912933 40
1728956424578 0.08691142499446869 41
1728956428959 0.0937427282333374 42
1728956433368 0.11360038816928864 43
1728956437777 0.2318703681230545 44
1728956442181 0.13413959741592407 45
1728956446588 0.18377834558486938 46
1728956450985 0.047099947929382324 47
1728956455382 0.14371904730796814 48
1728956459774 0.12089206278324127 49
1728956464161 0.15712521970272064 50
1728956468576 0.1090996116399765 51
1728956472976 0.09776213765144348 52
1728956477379 0.0821734219789505 53
1728956481780 0.20298263430595398 54
1728956486180 0.10611079633235931 55
1728956490599 0.1408402919769287 56
1728956495010 0.09180833399295807 57
1728956499417 0.1007772758603096 58
1728956503810 0.0947362631559372 59
1728956508231 0.14334502816200256 60
1728956512649 0.1558130979537964 61
1728956517034 0.043899837881326675 62
1728956521444 0.0898202508687973 63
1728956525849 0.06487956643104553 64
1728956530239 0.09826850891113281 65
1728956534642 0.10301361978054047 66
1728956539048 0.14795216917991638 67
1728956543472 0.11273612827062607 68
1728956547868 0.12167136371135712 69
1728956552278 0.1269630491733551 70
1728956556690 0.12126970291137695 71
1728956561084 0.07652989029884338 72
1728956565485 0.10968330502510071 73
1728956569888 0.11099696159362793 74
1728956574289 0.13819515705108643 75
1728956578690 0.09788807481527328 76
1728956583106 0.0940280556678772 77
1728956587507 0.14719842374324799 78
1728956591899 0.11900755017995834 79
1728956596298 0.11199390888214111 80
1728956600696 0.08493142575025558 81
1728956605085 0.05367448925971985 82
1728956609479 0.06466164439916611 83
1728956613889 0.12684845924377441 84
1728956618309 0.1594010591506958 85
1728956622707 0.12544704973697662 86
1728956627121 0.11164707690477371 87
1728956631526 0.07493654638528824 88
1728956635919 0.11163751780986786 89
1728956640322 0.15147525072097778 90
1728956644711 0.04616282880306244 91
1728956649111 0.08708472549915314 92
1728956653512 0.08465036749839783 93
1728956657922 0.1101451963186264 94
1728956662337 0.07416662573814392 95
1728956666742 0.1056787520647049 96
1728956671138 0.06325756758451462 97
1728956675546 0.06642992794513702 98
1728956679949 0.10339629650115967 99
1728956684363 0.09970049560070038 100
1728956688768 0.10561314225196838 101
1728956693156 0.10042303800582886 102
1728956697539 0.07845573127269745 103
1728956701951 0.17179985344409943 104
1728956706367 0.09957145154476166 105
1728956710772 0.09158610552549362 106
1728956715177 0.11419793218374252 107
1728956719578 0.08116819709539413 108
1728956723978 0.11610758304595947 109
1728956728374 0.08195096254348755 110
1728956732770 0.07667747884988785 111
1728956737165 0.09512891620397568 112
1728956741564 0.156256765127182 113
1728956745957 0.08810034394264221 114
1728956750353 0.07924365252256393 115
1728956754753 0.14387565851211548 116
1728956759149 0.10962832719087601 117
1728956763562 0.0656311959028244 118
1728956767943 0.026627035811543465 119
1728956772344 0.10207589715719223 120
1728956776755 0.20285564661026 121
1728956781148 0.08970791101455688 122
1728956785550 0.09102780371904373 123
1728956789953 0.09541405737400055 124
1728956794363 0.1019832044839859 125
1728956798771 0.17813068628311157 126
1728956803170 0.1374698430299759 127
1728956807577 0.06810043752193451 128
1728956811981 0.1016184389591217 129
1728956816393 0.08793149888515472 130
1728956820822 0.046803779900074005 131
1728956825245 0.17781899869441986 132
1728956829649 0.13754747807979584 133
1728956834044 0.1103300079703331 134
1728956838468 0.11011751741170883 135
1728956842866 0.08201692998409271 136
1728956847257 0.06679297983646393 137
1728956851667 0.13290004432201385 138
1728956856064 0.1265476644039154 139
1728956860444 0.14987577497959137 140
1728956864834 0.08430799096822739 141
1728956869250 0.09494230151176453 142
1728956873651 0.13501867651939392 143
1728956878050 0.16205112636089325 144
1728956882442 0.10023757070302963 145
1728956886851 0.2761576175689697 146
1728956891255 0.07561956346035004 147
1728956895653 0.07771369814872742 148
1728956900044 0.0872977003455162 149
1728956904443 0.11471892893314362 150
1728956908862 0.08374617993831635 151
1728956913260 0.135428324341774 152
1728956917658 0.3961372375488281 153
1728956922064 0.10523402690887451 154
1728956926480 0.10158446431159973 155
1728956930885 0.1494656801223755 156
1728956935283 0.0815265029668808 157
1728956939683 0.09878641366958618 158
1728956944114 0.2817854881286621 159
1728956948512 0.05772647261619568 160
1728956952903 0.06341050565242767 161
1728956957311 0.20169031620025635 162
1728956961726 0.07777141034603119 163
1728956966122 0.08863050490617752 164
1728956970531 0.09300146996974945 165
1728956974944 0.08003360033035278 166
1728956979342 0.05022333562374115 167
1728956983744 0.16441133618354797 168
1728956988145 0.13936969637870789 169
1728956992560 0.07453940808773041 170
1728956996953 0.09711892902851105 171
1728957001360 0.07725253701210022 172
1728957005751 0.107828289270401 173
1728957010151 0.13827401399612427 174
1728957014550 0.16747699677944183 175
1728957018950 0.1324312537908554 176
1728957023354 0.06942456215620041 177
1728957027766 0.14626052975654602 178
1728957032165 0.0783362165093422 179
1728957036569 0.09902419149875641 180
1728957040954 0.1269073486328125 181
1728957045348 0.10539199411869049 182
1728957049749 0.09734970331192017 183
1728957054167 0.10457387566566467 184
1728957058565 0.21052709221839905 185
1728957062966 0.0866137444972992 186
1728957067374 0.06859216094017029 187
1728957071776 0.12339898198843002 188
1728957076180 0.07362770289182663 189
1728957080574 0.13962271809577942 190
1728957084972 0.09417267143726349 191
1728957089360 0.07874422520399094 192
1728957093767 0.10414378345012665 193
1728957098173 0.18086719512939453 194
1728957102576 0.17219817638397217 195
1728957106960 0.0809963047504425 196
1728957111369 0.11875961720943451 197
1728957115775 0.09474435448646545 198
1728957120186 0.11221972852945328 199
1728957124581 0.10795465856790543 200
1728957128980 0.06248615309596062 201
1728957133377 0.05171504616737366 202
1728957137778 0.12064811587333679 203
1728957142187 0.11274074763059616 204
1728957146581 0.10415501892566681 205
1728957150974 0.13152405619621277 206
1728957155358 0.07958826422691345 207
1728957159758 0.09353244304656982 208
1728957164171 0.08277064561843872 209
1728957168572 0.11426995694637299 210
1728957172987 0.08696922659873962 211
1728957177388 0.08259722590446472 212
1728957181807 0.18940943479537964 213
1728957186234 0.1273781657218933 214
1728957190632 0.054408080875873566 215
1728957195030 0.08837497234344482 216
1728957199421 0.09001590311527252 217
1728957203851 0.08488253504037857 218
1728957208259 0.12896591424942017 219
1728957212656 0.12693458795547485 220
1728957217089 0.1391080617904663 221
1728957221487 0.05981980264186859 222
1728957225894 0.15422549843788147 223
1728957230296 0.0716971680521965 224
1728957234698 0.09083609282970428 225
1728957239096 0.12988612055778503 226
1728957243500 0.1824595332145691 227
1728957247895 0.12312448769807816 228
1728957252294 0.122896708548069 229
1728957256688 0.07497789710760117 230
1728957261087 0.10165245831012726 231
1728957265496 0.142820805311203 232
1728957269878 0.07505819201469421 233
1728957274289 0.1057196706533432 234
1728957278689 0.14574593305587769 235
1728957283089 0.1278056502342224 236
1728957287492 0.09571120887994766 237
1728957291892 0.0917431116104126 238
1728957296299 0.09723551571369171 239
1728957300709 0.12498009204864502 240
1728957305110 0.36298975348472595 241
1728957309509 0.07541739195585251 242
1728957313918 0.17934903502464294 243
1728957318308 0.08338441699743271 244
1728957322706 0.10652443766593933 245
1728957327100 0.09901244938373566 246
1728957331517 0.1724071204662323 247
1728957335906 0.15356062352657318 248
1728957340311 0.12344961613416672 249
1728957344717 0.1517927050590515 250
1728957349113 0.09378855675458908 251
1728957353536 0.12696672976016998 252
1728957357954 0.117995485663414 253
1728957362347 0.0636073499917984 254
1728957366753 0.15521615743637085 255
1728957371151 0.1780577003955841 256
1728957375552 0.1834213137626648 257
1728957379956 0.12109822034835815 258
1728957384354 0.08716050535440445 259
1728957388748 0.07716094702482224 260
1728957393145 0.08562292903661728 261
1728957397536 0.11474059522151947 262
1728957401927 0.0371771976351738 263
1728957406332 0.08582116663455963 264
1728957410737 0.16245414316654205 265
1728957415140 0.09111518412828445 266
1728957419544 0.14213550090789795 267
1728957423946 0.07626935839653015 268
1728957428359 0.13124161958694458 269
1728957432759 0.14372467994689941 270
1728957437163 0.15040543675422668 271
1728957441564 0.08370951563119888 272
1728957445958 0.08917081356048584 273
1728957450356 0.12343832105398178 274
1728957454765 0.07929180562496185 275
1728957459167 0.14147081971168518 276
1728957463553 0.12575072050094604 277
1728957467956 0.11844518035650253 278
1728957472372 0.22152581810951233 279
1728957476772 0.08603337407112122 280
1728957481171 0.19198161363601685 281
1728957485581 0.05825762823224068 282
1728957489992 0.11104800552129745 283
1728957494393 0.07942796498537064 284
1728957498779 0.08701607584953308 285
1728957503168 0.07925579696893692 286
1728957507579 0.10091628134250641 287
1728957511991 0.055587176233530045 288
1728957516392 0.08326952159404755 289
1728957520792 0.05561390519142151 290
1728957525190 0.1394595503807068 291
1728957529595 0.09252059459686279 292
1728957534014 0.14434736967086792 293
1728957538526 0.19757752120494843 294
1728957542938 0.06340964883565903 295
1728957547340 0.16344626247882843 296
1728957551739 0.11120208352804184 297
1728957556134 0.08297319710254669 298
1728957560534 0.09835575520992279 299
1728957564940 0.12245745211839676 300
1728957569340 0.08585748076438904 301
1728957573730 0.06257512420415878 302
1728957578131 0.06846931576728821 303
1728957582534 0.15374845266342163 304
1728957586942 0.0794278159737587 305
1728957591344 0.07563118636608124 306
1728957595738 0.22461503744125366 307
1728957600153 0.201849564909935 308
1728957604554 0.13275963068008423 309
1728957608953 0.05350777506828308 310
1728957613365 0.12352532148361206 311
1728957617759 0.07905969768762589 312
1728957622162 0.15500284731388092 313
1728957626580 0.10314949601888657 314
1728957630980 0.12401793897151947 315
1728957635410 0.06425080448389053 316
1728957639813 0.10727933049201965 317
1728957644227 0.15503039956092834 318
1728957648631 0.11597615480422974 319
1728957653033 0.16898885369300842 320
1728957657456 0.17704282701015472 321
1728957661857 0.0798620730638504 322
1728957666265 0.11466720700263977 323
1728957670654 0.10210177302360535 324
1728957675046 0.1560775190591812 325
1728957679454 0.08422425389289856 326
1728957683857 0.155271515250206 327
1728957688256 0.08005347847938538 328
1728957692656 0.13153314590454102 329
1728957697059 0.1097622886300087 330
1728957701447 0.10293662548065186 331
1728957705857 0.07159803807735443 332
1728957710252 0.11930876970291138 333
1728957714657 0.07626695930957794 334
1728957719066 0.21086883544921875 335
1728957723455 0.0525723360478878 336
1728957727853 0.10729435086250305 337
1728957732255 0.13835078477859497 338
1728957736655 0.09828191995620728 339
1728957741063 0.11499814689159393 340
1728957745476 0.0927082821726799 341
1728957749876 0.11379064619541168 342
1728957754280 0.07872600108385086 343
1728957758694 0.09601709246635437 344
1728957763101 0.16972535848617554 345
1728957767495 0.09394048154354095 346
1728957771913 0.08598160743713379 347
1728957776316 0.09596249461174011 348
1728957780714 0.10394296050071716 349
1728957785104 0.1813356578350067 350
1728957789500 0.1391332745552063 351
1728957793885 0.2120576798915863 352
1728957798264 0.06724022328853607 353
1728957802664 0.22859707474708557 354
1728957807062 0.06925319135189056 355
1728957811484 0.11200184375047684 356
1728957815895 0.08278525620698929 357
1728957820297 0.10386500507593155 358
1728957824685 0.05130130052566528 359
1728957829079 0.24030205607414246 360
1728957833495 0.0861397460103035 361
1728957837894 0.07364834100008011 362
1728957842295 0.1017523780465126 363
1728957846691 0.0736488476395607 364
1728957851097 0.10238008201122284 365
1728957855505 0.1307818442583084 366
1728957859893 0.0881226658821106 367
1728957864306 0.10525741428136826 368
1728957868717 0.0906977653503418 369
1728957873118 0.24260300397872925 370
1728957877534 0.1372569054365158 371
1728957881930 0.14638930559158325 372
1728957886326 0.051655687391757965 373
1728957890721 0.10146230459213257 374
1728957895112 0.05927290767431259 375
1728957899521 0.17283521592617035 376
1728957903929 0.0640791803598404 377
1728957908335 0.09261186420917511 378
1728957912732 0.05492110550403595 379
1728957917124 0.10867075622081757 380
1728957921540 0.07660292088985443 381
1728957925940 0.10194844752550125 382
1728957930336 0.12653836607933044 383
1728957934762 0.09801854938268661 384
1728957939156 0.08550120890140533 385
1728957943564 0.13884294033050537 386
1728957947964 0.15745803713798523 387
1728957952361 0.08352335542440414 388
1728957956763 0.16049209237098694 389
1728957961161 0.10955244302749634 390
1728957965556 0.06906001269817352 391
1728957969961 0.07067179679870605 392
1728957974361 0.09378773719072342 393
1728957978761 0.09153737127780914 394
1728957983164 0.12369555979967117 395
1728957987558 0.06912557035684586 396
1728957991967 0.08154408633708954 397
1728957996365 0.09317594021558762 398
1728958000769 0.2299777865409851 399
1728958005162 0.10166889429092407 400
1728958009559 0.09893510490655899 401
1728958013949 0.09391940385103226 402
1728958018356 0.08290819078683853 403
1728958022759 0.09328428655862808 404
1728958027164 0.11616833508014679 405
1728958031579 0.13239485025405884 406
1728958035980 0.11557291448116302 407
1728958040381 0.10408353805541992 408
1728958044783 0.09721439331769943 409
1728958049189 0.1480613350868225 410
1728958053596 0.13536667823791504 411
1728958057991 0.06362240016460419 412
1728958062370 0.043265797197818756 413
1728958066782 0.2255934476852417 414
1728958071178 0.0638033002614975 415
1728958075593 0.17530246078968048 416
1728958079987 0.06403162330389023 417
1728958084378 0.0245796088129282 418
1728958088782 0.12548266351222992 419
1728958093179 0.1346043050289154 420
1728958097577 0.07545438408851624 421
1728958101981 0.13365352153778076 422
1728958106385 0.2880890369415283 423
1728958110788 0.038513850420713425 424
1728958115173 0.098744235932827 425
1728958119580 0.10891111195087433 426
1728958123991 0.12143203616142273 427
1728958128396 0.07052253186702728 428
1728958132787 0.08261823654174805 429
1728958137183 0.10758860409259796 430
1728958141587 0.11609023809432983 431
1728958145992 0.12845799326896667 432
1728958150389 0.11541625112295151 433
1728958154774 0.10251393169164658 434
1728958159202 0.14284494519233704 435
1728958163599 0.12024172395467758 436
1728958168008 0.08905862271785736 437
1728958172407 0.15635785460472107 438
1728958176800 0.0875636488199234 439
1728958181204 0.13177715241909027 440
1728958185612 0.11145979166030884 441
1728958190008 0.09263213723897934 442
1728958194427 0.18288925290107727 443
1728958198820 0.04262585937976837 444
1728958203214 0.05656563490629196 445
1728958207629 0.1082150787115097 446
1728958212036 0.07887556403875351 447
1728958216441 0.09960349649190903 448
1728958220841 0.0871090218424797 449
1728958225236 0.19440880417823792 450
1728958229643 0.08239371329545975 451
1728958234042 0.10753130167722702 452
1728958238447 0.10056133568286896 453
1728958242841 0.04780849069356918 454
1728958247239 0.105461984872818 455
1728958251642 0.11479908227920532 456
1728958256069 0.1017518937587738 457
1728958260469 0.10694366693496704 458
1728958264871 0.06355754286050797 459
1728958269273 0.08750621974468231 460
1728958273669 0.09751521050930023 461
1728958278071 0.11540524661540985 462
1728958282462 0.08061371743679047 463
1728958286863 0.120083749294281 464
1728958291303 0.11254167556762695 465
1728958295703 0.09465383738279343 466
1728958300108 0.08671753108501434 467
1728958304521 0.11269493401050568 468
1728958308924 0.14745332300662994 469
1728958313340 0.29736119508743286 470
1728958317755 0.196306973695755 471
1728958322171 0.07994075119495392 472
1728958326586 0.07044044137001038 473
1728958331001 0.10636183619499207 474
1728958335402 0.07635726034641266 475
1728958339806 0.09282682090997696 476
1728958344195 0.08930791914463043 477
1728958348602 0.10500535368919373 478
1728958352990 0.07526305317878723 479
1728958357391 0.1433747559785843 480
1728958361800 0.1273798942565918 481
1728958366208 0.10783132165670395 482
1728958370622 0.048506639897823334 483
1728958375029 0.08109220117330551 484
1728958379434 0.11243738979101181 485
1728958383827 0.09261839091777802 486
1728958388235 0.3478562533855438 487
1728958392635 0.12634384632110596 488
1728958397035 0.11573275923728943 489
1728958401441 0.06140066683292389 490
1728958405848 0.08165882527828217 491
1728958410244 0.08552329242229462 492
1728958414638 0.07598023116588593 493
1728958419043 0.17198622226715088 494
1728958423454 0.11833690106868744 495
1728958427858 0.05634263530373573 496
1728958432272 0.1474161148071289 497
1728958436664 0.08558971434831619 498
1728958441067 0.07098029553890228 499
1728958445468 0.15195989608764648 500
1728958449864 0.06383243203163147 501
1728958454279 0.09418411552906036 502
1728958458690 0.15633505582809448 503
1728958463077 0.04773242771625519 504
1728958467469 0.05741136521100998 505
1728958471867 0.14321881532669067 506
1728958476273 0.1846219301223755 507
1728958480682 0.09300467371940613 508
1728958485073 0.08137170970439911 509
1728958489480 0.0712975263595581 510
1728958493873 0.1144423708319664 511
1728958498266 0.09472879022359848 512
1728958502679 0.1345265954732895 513
1728958507090 0.13186950981616974 514
1728958511492 0.12293510884046555 515
1728958515904 0.11666582524776459 516
1728958520304 0.10201286524534225 517
1728958524716 0.11935707181692123 518
1728958529108 0.10372999310493469 519
1728958533506 0.08950252830982208 520
1728958537905 0.0717671811580658 521
1728958542313 0.1395578384399414 522
1728958546737 0.10723204910755157 523
1728958551133 0.18415281176567078 524
1728958555532 0.09060995280742645 525
1728958559930 0.06942503154277802 526
1728958564341 0.17367322742938995 527
1728958568752 0.11331170797348022 528
1728958573150 0.0785195380449295 529
1728958577554 0.1596386730670929 530
1728958581960 0.18510885536670685 531
1728958586367 0.12746649980545044 532
1728958590774 0.08611588180065155 533
1728958595174 0.1131758987903595 534
1728958599570 0.09065185487270355 535
1728958603965 0.06252806633710861 536
1728958608373 0.09394967555999756 537
1728958612774 0.08375474810600281 538
1728958617170 0.10347951948642731 539
1728958621573 0.09114454686641693 540
1728958625982 0.11783454567193985 541
1728958630385 0.1892574280500412 542
1728958634794 0.1245705857872963 543
1728958639186 0.04268369451165199 544
1728958643597 0.10066807270050049 545
1728958647987 0.20971046388149261 546
1728958652382 0.11675809323787689 547
1728958656787 0.13355615735054016 548
1728958661206 0.11551674455404282 549
1728958665633 0.09807242453098297 550
1728958670047 0.22582322359085083 551
1728958674477 0.14707529544830322 552
1728958678887 0.13202929496765137 553
1728958683297 0.13918685913085938 554
1728958687696 0.1456720232963562 555
1728958692092 0.07091991603374481 556
1728958696493 0.10413028299808502 557
1728958700893 0.06953579187393188 558
1728958705301 0.13506262004375458 559
1728958709711 0.09068548679351807 560
1728958714106 0.08442419767379761 561
1728958718506 0.033978939056396484 562
1728958722902 0.08184908330440521 563
1728958727306 0.07473835349082947 564
1728958731711 0.09194429218769073 565
1728958736119 0.12953776121139526 566
1728958740520 0.05997365340590477 567
1728958744916 0.1539742648601532 568
1728958749327 0.0791826844215393 569
1728958753754 0.17993170022964478 570
1728958758166 0.053478024899959564 571
1728958762570 0.12274698168039322 572
1728958766971 0.08128798007965088 573
1728958771387 0.08936367928981781 574
1728958775795 0.2371663600206375 575
1728958780189 0.11082971096038818 576
1728958784612 0.18420358002185822 577
1728958788995 0.13471022248268127 578
1728958793415 0.10974754393100739 579
1728958797830 0.09512601792812347 580
1728958802236 0.11014977097511292 581
1728958806661 0.06988736987113953 582
1728958811059 0.07576507329940796 583
1728958815471 0.10981831699609756 584
1728958819878 0.07289675623178482 585
1728958824288 0.11118176579475403 586
1728958828677 0.07378526777029037 587
1728958833061 0.10321111977100372 588
1728958837462 0.06530297547578812 589
1728958841859 0.1337699443101883 590
1728958846268 0.06707894057035446 591
1728958850681 0.15894770622253418 592
1728958855070 0.04667449742555618 593
1728958859477 0.09857796132564545 594
1728958863894 0.12173468619585037 595
1728958868299 0.1189446896314621 596
1728958872695 0.16966961324214935 597
1728958877109 0.07958720624446869 598
1728958881512 0.09573172777891159 599
1728958885917 0.11291791498661041 600
1728958890330 0.082895427942276 601
1728958894730 0.10758872330188751 602
1728958899133 0.19031964242458344 603
1728958903530 0.12521401047706604 604
1728958907957 0.11830892413854599 605
1728958912355 0.11205056309700012 606
1728958916764 0.0948161706328392 607
1728958921169 0.10424642264842987 608
1728958925566 0.08020804077386856 609
1728958929971 0.07599595189094543 610
1728958934376 0.0807824432849884 611
1728958938774 0.0974133163690567 612
1728958943165 0.061044007539749146 613
1728958947575 0.08022463321685791 614
1728958951979 0.09231209009885788 615
1728958956375 0.10380131006240845 616
1728958960770 0.07189837098121643 617
1728958965181 0.12963759899139404 618
1728958969607 0.09515435993671417 619
1728958974007 0.12622211873531342 620
1728958978401 0.14734496176242828 621
1728958982804 0.10252542048692703 622
1728958987213 0.13844634592533112 623
1728958991611 0.14545774459838867 624
1728958996011 0.06930791586637497 625
1728959000402 0.09068508446216583 626
1728959004821 0.24673330783843994 627
1728959009211 0.0837145447731018 628
1728959013617 0.2024187445640564 629
1728959018055 0.11848077178001404 630
1728959022443 0.3159979581832886 631
1728959026851 0.10608165711164474 632
1728959031262 0.0976586788892746 633
1728959035677 0.0996948778629303 634
1728959040088 0.098582923412323 635
1728959044488 0.14310961961746216 636
1728959048887 0.06009329855442047 637
1728959053288 0.26595109701156616 638
1728959057696 0.11157654970884323 639
1728959062095 0.05381011217832565 640
1728959066492 0.11796259880065918 641
1728959070889 0.12769678235054016 642
1728959075284 0.0991198867559433 643
1728959079692 0.08271008729934692 644
1728959084106 0.07208122313022614 645
1728959088510 0.09891773760318756 646
1728959092912 0.09331189095973969 647
1728959097307 0.08406990021467209 648
1728959101735 0.1797197163105011 649
1728959106127 0.07361166179180145 650
1728959110534 0.09143513441085815 651
1728959114945 0.2291262149810791 652
1728959119346 0.07205207645893097 653
