1729262908529 0.24561744928359985 1
1729262909853 0.23901528120040894 2
1729262911633 0.1582644283771515 3
1729262913448 0.15030108392238617 4
1729262915254 0.20334294438362122 5
1729262916514 0.34358400106430054 6
1729262918287 0.18668368458747864 7
1729262920106 0.2063131332397461 8
1729262921973 0.16870087385177612 9
1729262923781 0.13091278076171875 10
1729262925594 0.20659120380878448 11
1729262927405 0.16027802228927612 12
1729262929222 0.16643880307674408 13
1729262930486 0.31076064705848694 14
1729262932273 0.22036013007164001 15
1729262933523 0.37767887115478516 16
1729262935306 0.153303861618042 17
1729262936567 0.28839683532714844 18
1729262938355 0.1308787316083908 19
1729262940178 0.213093563914299 20
1729262942004 0.16784775257110596 21
1729262943277 0.24396483600139618 22
1729262945072 0.1367218941450119 23
1729262946899 0.15766654908657074 24
1729262948170 0.3994360566139221 25
1729262949971 0.15712431073188782 26
1729262951811 0.16368548572063446 27
1729262953644 0.1265099048614502 28
1729262955488 0.21103355288505554 29
1729262957330 0.2010291963815689 30
1729262959168 0.20793604850769043 31
1729262961005 0.19005441665649414 32
1729262962843 0.14854304492473602 33
1729262964681 0.15547487139701843 34
1729262966527 0.15425840020179749 35
1729262968373 0.16279491782188416 36
1729262970212 0.2047576606273651 37
1729262972055 0.15119409561157227 38
1729262973897 0.17149114608764648 39
1729262975740 0.15481144189834595 40
1729262977584 0.19418740272521973 41
1729262979432 0.1401708424091339 42
1729262981282 0.16650433838367462 43
1729262983130 0.1608317792415619 44
1729262984968 0.22030749917030334 45
1729262986810 0.136703222990036 46
1729262988658 0.16303019225597382 47
1729262989929 0.3212879002094269 48
1729262991741 0.18991336226463318 49
1729262993583 0.20149579644203186 50
1729262995439 0.16833741962909698 51
1729262997281 0.14742720127105713 52
1729262999126 0.15583866834640503 53
1729263000970 0.16513338685035706 54
1729263002824 0.19715364277362823 55
1729263004681 0.17580249905586243 56
1729263005956 0.4386799931526184 57
1729263007768 0.15060997009277344 58
1729263009626 0.21239551901817322 59
1729263011474 0.1536252498626709 60
1729263013321 0.15715040266513824 61
1729263014593 0.22870473563671112 62
1729263016406 0.18703709542751312 63
1729263017678 0.27647820115089417 64
1729263019488 0.15034891664981842 65
1729263021333 0.15330630540847778 66
1729263023182 0.19192679226398468 67
1729263025029 0.16111096739768982 68
1729263026876 0.14916275441646576 69
1729263028728 0.1781896948814392 70
1729263030574 0.17383228242397308 71
1729263032427 0.13427044451236725 72
1729263034272 0.13736864924430847 73
1729263036125 0.20956581830978394 74
1729263037973 0.20908969640731812 75
1729263039822 0.15461355447769165 76
1729263041669 0.16279107332229614 77
1729263043518 0.1483980119228363 78
1729263045368 0.15818043053150177 79
1729263046645 0.3872905969619751 80
1729263048465 0.167703315615654 81
1729263050312 0.18439936637878418 82
1729263052169 0.165873184800148 83
1729263054012 0.14304055273532867 84
1729263055868 0.21473023295402527 85
1729263057711 0.16990044713020325 86
1729263059564 0.13501209020614624 87
1729263061412 0.20048652589321136 88
1729263062696 0.26030096411705017 89
1729263064508 0.16367128491401672 90
1729263065794 0.40932634472846985 91
1729263067603 0.18834611773490906 92
1729263068880 0.26237475872039795 93
1729263070703 0.166244238615036 94
1729263071975 0.22414469718933105 95
1729263073788 0.1810683012008667 96
1729263075635 0.139570415019989 97
1729263077486 0.14386624097824097 98
1729263079336 0.18504396080970764 99
1729263081187 0.14133527874946594 100
1729263083034 0.19198699295520782 101
1729263084887 0.2071865051984787 102
1729263086743 0.19763150811195374 103
1729263088592 0.1662958562374115 104
1729263090447 0.18240627646446228 105
1729263092306 0.1650654673576355 106
1729263094155 0.1405876725912094 107
1729263096005 0.19463881850242615 108
1729263097860 0.1711893379688263 109
1729263099709 0.18184584379196167 110
1729263101568 0.2100660353899002 111
1729263102841 0.25766080617904663 112
1729263104664 0.251973032951355 113
1729263105944 0.22270724177360535 114
1729263107757 0.13936743140220642 115
1729263109612 0.18385399878025055 116
1729263111468 0.20153328776359558 117
1729263113314 0.19080695509910583 118
1729263115168 0.22259415686130524 119
1729263117011 0.2045876830816269 120
1729263118859 0.17719200253486633 121
1729263120711 0.15836140513420105 122
1729263122569 0.16693606972694397 123
1729263124430 0.19275116920471191 124
1729263126281 0.14575457572937012 125
1729263128134 0.21587370336055756 126
1729263129987 0.1624179482460022 127
1729263131261 0.2518051862716675 128
1729263133074 0.12651151418685913 129
1729263134932 0.14829710125923157 130
1729263136784 0.15833228826522827 131
1729263138639 0.18718865513801575 132
1729263140493 0.17503565549850464 133
1729263142350 0.193948894739151 134
1729263144197 0.16376450657844543 135
1729263146047 0.2134847790002823 136
1729263147898 0.16866636276245117 137
1729263149178 0.27668723464012146 138
1729263151003 0.19413550198078156 139
1729263152854 0.1421099603176117 140
1729263154706 0.16710156202316284 141
1729263156562 0.18989045917987823 142
1729263158414 0.16529959440231323 143
1729263160270 0.13657861948013306 144
1729263162121 0.20011939108371735 145
1729263163972 0.13426223397254944 146
1729263165824 0.16805432736873627 147
1729263167676 0.16865350306034088 148
1729263169530 0.2122056484222412 149
1729263171387 0.17554065585136414 150
1729263173229 0.21248625218868256 151
1729263175076 0.17755815386772156 152
1729263176930 0.23529888689517975 153
1729263178211 0.2552485466003418 154
1729263180027 0.20631752908229828 155
1729263181875 0.15824860334396362 156
1729263183726 0.18656907975673676 157
1729263185571 0.2068393975496292 158
1729263187416 0.17696385085582733 159
1729263189268 0.1567302942276001 160
1729263190539 0.40237879753112793 161
1729263192353 0.1431502401828766 162
1729263194199 0.17057186365127563 163
1729263196050 0.15352609753608704 164
1729263197900 0.16803386807441711 165
1729263199751 0.1563505381345749 166
1729263201600 0.15706077218055725 167
1729263203450 0.1965916007757187 168
1729263205304 0.1794038861989975 169
1729263207153 0.19761401414871216 170
1729263209004 0.1436365842819214 171
1729263210854 0.1908053457736969 172
1729263212704 0.16506338119506836 173
1729263214555 0.135395810008049 174
1729263216402 0.1951388716697693 175
1729263218250 0.17883482575416565 176
1729263220099 0.18876831233501434 177
1729263221951 0.1681632101535797 178
1729263223803 0.14399641752243042 179
1729263225650 0.1803300678730011 180
1729263227508 0.1985163390636444 181
1729263229349 0.1861494779586792 182
1729263231252 0.17412087321281433 183
1729263233101 0.17586156725883484 184
1729263234952 0.1729145050048828 185
1729263236795 0.19583852589130402 186
1729263238079 0.32476183772087097 187
1729263239892 0.17739097774028778 188
1729263241743 0.1591312140226364 189
1729263243592 0.18169978260993958 190
1729263245442 0.13599137961864471 191
1729263247297 0.17100630700588226 192
1729263249146 0.17443791031837463 193
1729263251002 0.14262458682060242 194
1729263252851 0.18980257213115692 195
1729263254695 0.15290440618991852 196
1729263256545 0.17078158259391785 197
1729263258393 0.16049730777740479 198
1729263259672 0.25770580768585205 199
1729263261489 0.167880117893219 200
1729263263336 0.14542649686336517 201
1729263265187 0.17055942118167877 202
1729263267036 0.16129198670387268 203
1729263268886 0.18802905082702637 204
1729263270734 0.18805751204490662 205
1729263272577 0.24366721510887146 206
1729263274426 0.16959089040756226 207
1729263276274 0.197444885969162 208
1729263278117 0.15887781977653503 209
1729263279965 0.15670588612556458 210
1729263281817 0.16559353470802307 211
1729263283093 0.29006654024124146 212
1729263284899 0.161428302526474 213
1729263286754 0.19527935981750488 214
1729263288598 0.19548523426055908 215
1729263290452 0.17674218118190765 216
1729263292299 0.1507841944694519 217
1729263294154 0.16663610935211182 218
1729263296001 0.15260447561740875 219
1729263297852 0.1660861074924469 220
1729263299705 0.17576730251312256 221
1729263301555 0.13967788219451904 222
1729263303403 0.16047874093055725 223
1729263305254 0.16115348041057587 224
1729263307101 0.14981459081172943 225
1729263308957 0.13619622588157654 226
1729263310805 0.158593088388443 227
1729263312655 0.18182483315467834 228
1729263313932 0.27146387100219727 229
1729263315740 0.1390588879585266 230
1729263317587 0.16600340604782104 231
1729263319432 0.2041463851928711 232
1729263320711 0.35085809230804443 233
1729263322517 0.16499848663806915 234
1729263324367 0.1670989692211151 235
1729263326217 0.15391123294830322 236
1729263328067 0.17942053079605103 237
1729263329917 0.13925811648368835 238
1729263331765 0.17353510856628418 239
1729263333612 0.1789696216583252 240
1729263335458 0.17203053832054138 241
1729263337308 0.17988502979278564 242
1729263339157 0.14999252557754517 243
1729263341005 0.16249042749404907 244
1729263342853 0.17747390270233154 245
1729263344708 0.15930631756782532 246
1729263346560 0.14853505790233612 247
1729263348413 0.18711502850055695 248
1729263350258 0.15512798726558685 249
1729263351533 0.2632496654987335 250
1729263353349 0.1896517425775528 251
1729263355198 0.166544109582901 252
1729263357045 0.2016948163509369 253
1729263358892 0.14896368980407715 254
1729263360737 0.18196681141853333 255
1729263362587 0.16215923428535461 256
1729263364438 0.18389025330543518 257
1729263365714 0.30716079473495483 258
1729263367530 0.18026253581047058 259
1729263369378 0.17697173357009888 260
1729263371227 0.12900066375732422 261
1729263373075 0.1727904975414276 262
1729263374929 0.16262593865394592 263
1729263376780 0.2117079496383667 264
1729263378634 0.17993474006652832 265
1729263380481 0.15326927602291107 266
1729263381762 0.29680135846138 267
1729263383570 0.12290015816688538 268
1729263385416 0.19205012917518616 269
1729263387261 0.17426791787147522 270
1729263389111 0.1473253071308136 271
1729263390966 0.18774673342704773 272
1729263392240 0.25890862941741943 273
1729263394055 0.14642727375030518 274
1729263395909 0.1623304784297943 275
1729263397757 0.17140907049179077 276
1729263399603 0.1773413121700287 277
1729263401458 0.14383377134799957 278
1729263403308 0.14934760332107544 279
1729263405155 0.16386711597442627 280
1729263407006 0.18146876990795135 281
1729263408857 0.17418888211250305 282
1729263410703 0.14745530486106873 283
1729263412552 0.16721490025520325 284
1729263414403 0.17207013070583344 285
1729263415677 0.28859519958496094 286
1729263417485 0.18201801180839539 287
1729263418762 0.265423059463501 288
1729263420575 0.1615820825099945 289
1729263421856 0.26393166184425354 290
1729263423670 0.19222426414489746 291
1729263425527 0.14184874296188354 292
1729263426804 0.2790110409259796 293
1729263428613 0.1789921075105667 294
1729263430463 0.15186786651611328 295
1729263432313 0.13177330791950226 296
1729263434167 0.13806934654712677 297
1729263436016 0.15186050534248352 298
1729263437868 0.18997281789779663 299
1729263439715 0.19514116644859314 300
1729263441559 0.1400097906589508 301
1729263443405 0.16996124386787415 302
1729263445254 0.16890940070152283 303
1729263446537 0.27497953176498413 304
1729263448345 0.1782386749982834 305
1729263450194 0.1616843342781067 306
1729263452051 0.16757380962371826 307
1729263453896 0.19679179787635803 308
1729263455740 0.17177072167396545 309
1729263457590 0.18172094225883484 310
1729263459439 0.17078793048858643 311
1729263461284 0.17811241745948792 312
1729263463130 0.17140358686447144 313
1729263465034 0.16859465837478638 314
1729263466312 0.3237219452857971 315
1729263468123 0.19472941756248474 316
1729263469973 0.16826482117176056 317
1729263471821 0.14834757149219513 318
1729263473668 0.17099247872829437 319
1729263475517 0.1668194830417633 320
1729263477372 0.18221637606620789 321
1729263479216 0.13514858484268188 322
1729263480493 0.29439035058021545 323
1729263482314 0.15764829516410828 324
1729263484172 0.18115970492362976 325
1729263486020 0.1759900152683258 326
1729263487875 0.1655501127243042 327
1729263489728 0.17455102503299713 328
1729263491578 0.18997186422348022 329
1729263493428 0.14986439049243927 330
1729263495277 0.18473801016807556 331
1729263497123 0.15324907004833221 332
1729263498404 0.3073568344116211 333
1729263500222 0.22393684089183807 334
1729263502073 0.16836628317832947 335
1729263503929 0.22974595427513123 336
1729263505778 0.17556896805763245 337
1729263507622 0.17522341012954712 338
1729263509477 0.20453152060508728 339
1729263510762 0.22009651362895966 340
1729263512577 0.175861656665802 341
1729263513856 0.32287535071372986 342
1729263515100 0.26281169056892395 343
1729263516914 0.164504736661911 344
1729263518764 0.16055113077163696 345
1729263520616 0.17926740646362305 346
1729263522465 0.136978417634964 347
1729263523744 0.24375371634960175 348
1729263525555 0.18105001747608185 349
1729263527410 0.1772998720407486 350
1729263528690 0.30206960439682007 351
1729263530505 0.20251315832138062 352
1729263532359 0.15582260489463806 353
1729263534211 0.16529884934425354 354
1729263536063 0.18537083268165588 355
1729263537914 0.1631334125995636 356
1729263539762 0.16570249199867249 357
1729263541674 0.1883123517036438 358
1729263543533 0.19459977746009827 359
1729263544808 0.29001331329345703 360
1729263546044 0.3445773124694824 361
1729263547850 0.14729370176792145 362
1729263549702 0.16740821301937103 363
1729263551557 0.20588251948356628 364
1729263553405 0.1768767535686493 365
1729263554685 0.2796429395675659 366
1729263555927 0.26856786012649536 367
1729263557739 0.18323692679405212 368
1729263559582 0.13526763021945953 369
1729263561425 0.15933191776275635 370
1729263563280 0.18349023163318634 371
1729263565135 0.14979621767997742 372
1729263566985 0.20551984012126923 373
1729263568837 0.1709916591644287 374
1729263570682 0.20803777873516083 375
1729263572536 0.19006876647472382 376
1729263574387 0.1911483258008957 377
1729263576237 0.14333981275558472 378
1729263578091 0.19524717330932617 379
1729263579941 0.20511387288570404 380
1729263581796 0.15529023110866547 381
1729263583654 0.16616174578666687 382
1729263585505 0.17420977354049683 383
1729263587356 0.13096652925014496 384
1729263589203 0.2064392864704132 385
1729263591072 0.17258083820343018 386
1729263592339 0.2616915702819824 387
1729263594156 0.18148258328437805 388
1729263596016 0.1672530323266983 389
1729263597871 0.16796350479125977 390
1729263599142 0.33979296684265137 391
1729263600958 0.14205950498580933 392
1729263602808 0.20594045519828796 393
1729263604657 0.16189229488372803 394
1729263606505 0.17886075377464294 395
1729263608352 0.1598663330078125 396
1729263610199 0.14968004822731018 397
1729263612057 0.18320372700691223 398
1729263613905 0.1701396256685257 399
1729263615177 0.3890666365623474 400
1729263616986 0.16673138737678528 401
1729263618837 0.18741033971309662 402
1729263620693 0.18315201997756958 403
1729263622549 0.16154876351356506 404
1729263624403 0.1751796007156372 405
1729263626256 0.16530315577983856 406
1729263628103 0.16738924384117126 407
1729263629385 0.2475690394639969 408
1729263631198 0.19707046449184418 409
1729263633050 0.19200071692466736 410
1729263634901 0.16105498373508453 411
1729263636744 0.13481077551841736 412
1729263638595 0.17258137464523315 413
1729263640454 0.17815041542053223 414
1729263642300 0.19705088436603546 415
1729263644158 0.1800132691860199 416
1729263646015 0.19010746479034424 417
1729263647862 0.151656836271286 418
1729263649705 0.1542252004146576 419
1729263650985 0.3641979396343231 420
1729263652230 0.3106226325035095 421
1729263654043 0.19740623235702515 422
1729263655894 0.19966161251068115 423
1729263657745 0.2111162394285202 424
1729263659602 0.19489650428295135 425
1729263661447 0.22422626614570618 426
1729263663300 0.15388897061347961 427
1729263665141 0.17919185757637024 428
1729263666984 0.18487054109573364 429
1729263668833 0.15129494667053223 430
1729263670684 0.17685869336128235 431
1729263672532 0.1336580514907837 432
1729263674382 0.16752436757087708 433
1729263676232 0.20891207456588745 434
1729263678084 0.16256625950336456 435
1729263679934 0.14979463815689087 436
1729263681784 0.20510870218276978 437
1729263683062 0.25764331221580505 438
1729263684880 0.19960352778434753 439
1729263686724 0.14731714129447937 440
1729263688577 0.22659087181091309 441
1729263690425 0.13576483726501465 442
1729263692272 0.20066770911216736 443
1729263694116 0.14138682186603546 444
1729263695962 0.1687500923871994 445
1729263697813 0.1608850061893463 446
1729263699661 0.18808692693710327 447
1729263701506 0.15429146587848663 448
1729263702787 0.27668944001197815 449
1729263704593 0.1964285522699356 450
1729263706444 0.15854999423027039 451
1729263708293 0.18993118405342102 452
1729263710142 0.14482463896274567 453
1729263711987 0.1604413390159607 454
1729263713840 0.16784769296646118 455
1729263715693 0.17336192727088928 456
1729263717538 0.1580146849155426 457
1729263719384 0.14542511105537415 458
1729263721237 0.18856804072856903 459
1729263722509 0.3951628804206848 460
1729263723753 0.201323002576828 461
1729263725571 0.16057491302490234 462
1729263727420 0.20426659286022186 463
1729263729264 0.17279493808746338 464
1729263731112 0.14900502562522888 465
1729263732963 0.20024998486042023 466
1729263734815 0.1042841225862503 467
1729263736660 0.16423767805099487 468
1729263738512 0.2031334936618805 469
1729263740363 0.17984049022197723 470
1729263742214 0.19486062228679657 471
1729263743494 0.265037477016449 472
1729263745306 0.15560971200466156 473
1729263747154 0.17239756882190704 474
1729263749005 0.1719982624053955 475
1729263750859 0.1585077941417694 476
1729263752716 0.20186740159988403 477
1729263754569 0.15682749450206757 478
1729263756419 0.18952429294586182 479
1729263758261 0.17600521445274353 480
1729263760107 0.1558346450328827 481
1729263761963 0.15968696773052216 482
1729263763814 0.1540948450565338 483
1729263765665 0.215705007314682 484
1729263766940 0.2672681510448456 485
1729263768758 0.16825750470161438 486
1729263770604 0.1896023452281952 487
1729263772454 0.1657777726650238 488
1729263774304 0.20332106947898865 489
1729263776152 0.15763407945632935 490
1729263777997 0.1768965721130371 491
1729263779844 0.1868133246898651 492
1729263781689 0.20966504514217377 493
1729263783538 0.17735393345355988 494
1729263784816 0.3287401795387268 495
1729263786052 0.35649627447128296 496
1729263787862 0.16399598121643066 497
1729263789707 0.16872520744800568 498
1729263790984 0.32298749685287476 499
1729263792792 0.15301644802093506 500
1729263794644 0.20261934399604797 501
1729263796493 0.16372761130332947 502
1729263797772 0.3743373453617096 503
1729263799586 0.16412311792373657 504
1729263801435 0.15765789151191711 505
1729263803280 0.14515265822410583 506
1729263805131 0.1701640486717224 507
1729263806974 0.19616350531578064 508
1729263808821 0.1867653876543045 509
1729263810675 0.12353385239839554 510
1729263812525 0.14603492617607117 511
1729263814375 0.1859903782606125 512
1729263816224 0.18097376823425293 513
1729263818075 0.178780660033226 514
1729263819355 0.29259657859802246 515
1729263821169 0.17704486846923828 516
1729263823014 0.15212522447109222 517
1729263824857 0.1509801745414734 518
1729263826701 0.15294471383094788 519
1729263828550 0.1561809629201889 520
1729263830398 0.21358290314674377 521
1729263832241 0.1696462631225586 522
1729263834089 0.15605860948562622 523
1729263835934 0.22292998433113098 524
1729263837779 0.18067191541194916 525
1729263839621 0.18616901338100433 526
1729263841470 0.16813305020332336 527
1729263843321 0.21240553259849548 528
1729263845166 0.18919028341770172 529
1729263847008 0.1847512274980545 530
1729263848856 0.15250316262245178 531
1729263850702 0.1395544856786728 532
1729263852545 0.20398208498954773 533
1729263854395 0.17888817191123962 534
1729263856244 0.2466532438993454 535
1729263858084 0.20392480492591858 536
1729263859995 0.14233466982841492 537
1729263861845 0.18535169959068298 538
1729263863694 0.1669917106628418 539
1729263865543 0.14565223455429077 540
1729263867396 0.18294182419776917 541
1729263869244 0.1737777590751648 542
1729263871091 0.13350535929203033 543
1729263872943 0.21942918002605438 544
1729263874793 0.18621918559074402 545
1729263876638 0.1503067910671234 546
1729263878485 0.18687431514263153 547
1729263880336 0.15789368748664856 548
1729263882183 0.17469385266304016 549
1729263884031 0.13647620379924774 550
1729263885877 0.139062762260437 551
1729263887721 0.134905606508255 552
1729263889566 0.15192343294620514 553
1729263891414 0.20674486458301544 554
1729263893265 0.1871080994606018 555
1729263895119 0.23155027627944946 556
1729263896960 0.1520899534225464 557
1729263898803 0.22618718445301056 558
1729263900655 0.1805676370859146 559
1729263902505 0.16515368223190308 560
1729263903784 0.4178391396999359 561
1729263905593 0.1572788506746292 562
1729263907443 0.20279304683208466 563
1729263909288 0.16191141307353973 564
1729263911137 0.18765506148338318 565
1729263912987 0.2530902624130249 566
1729263914838 0.21286344528198242 567
1729263916682 0.167122483253479 568
1729263918529 0.17761291563510895 569
1729263920384 0.15503597259521484 570
1729263922233 0.20577286183834076 571
1729263924082 0.13634055852890015 572
1729263925930 0.15867236256599426 573
1729263927783 0.17104026675224304 574
1729263929643 0.19341996312141418 575
1729263931494 0.1956416219472885 576
1729263933343 0.1412523090839386 577
1729263935195 0.2032952606678009 578
1729263937046 0.17182976007461548 579
1729263938896 0.17214545607566833 580
1729263940746 0.18998992443084717 581
1729263942596 0.17381015419960022 582
1729263944446 0.165853813290596 583
1729263946291 0.15389809012413025 584
1729263948139 0.168211430311203 585
1729263949986 0.1572025716304779 586
1729263951838 0.17240363359451294 587
1729263953686 0.19420012831687927 588
1729263955543 0.16982345283031464 589
1729263957392 0.16253970563411713 590
1729263959240 0.1633395105600357 591
1729263961086 0.16613899171352386 592
1729263962937 0.215739905834198 593
1729263964788 0.18852615356445312 594
1729263966640 0.1803073287010193 595
1729263968486 0.15502981841564178 596
1729263970341 0.17247247695922852 597
1729263972187 0.17960000038146973 598
1729263974040 0.16697126626968384 599
1729263975314 0.21011890470981598 600
1729263977138 0.17184187471866608 601
1729263978984 0.16297319531440735 602
1729263980837 0.2360607087612152 603
1729263982686 0.18085196614265442 604
1729263984540 0.1844187080860138 605
1729263986389 0.21698898077011108 606
1729263988244 0.15817567706108093 607
1729263990091 0.19253021478652954 608
1729263991938 0.14878064393997192 609
1729263993784 0.1641857773065567 610
1729263995632 0.1363157480955124 611
1729263997481 0.19507840275764465 612
1729263999328 0.18338759243488312 613
1729264001185 0.1601492464542389 614
1729264002461 0.2749313414096832 615
1729264003704 0.22634257376194 616
1729264005524 0.20386940240859985 617
1729264007384 0.1391889899969101 618
1729264009234 0.18162649869918823 619
1729264011084 0.1484331488609314 620
1729264012933 0.20691275596618652 621
1729264014781 0.1760415881872177 622
1729264016628 0.18382778763771057 623
1729264018477 0.1697266697883606 624
1729264020322 0.20961232483386993 625
1729264022171 0.15624262392520905 626
1729264024020 0.14153550565242767 627
1729264025293 0.3344477415084839 628
1729264027108 0.15386663377285004 629
1729264028959 0.16936281323432922 630
1729264030808 0.1526748538017273 631
1729264032658 0.17940309643745422 632
1729264034519 0.16092421114444733 633
1729264036369 0.15229888260364532 634
1729264038219 0.20113080739974976 635
1729264040071 0.15174414217472076 636
1729264041921 0.14074265956878662 637
1729264043767 0.15449371933937073 638
1729264045622 0.18379144370555878 639
1729264047471 0.1720709502696991 640
1729264048748 0.3115661144256592 641
1729264050562 0.17094241082668304 642
1729264051837 0.30258890986442566 643
1729264053653 0.17551866173744202 644
1729264055500 0.18522849678993225 645
1729264056778 0.29674315452575684 646
1729264058590 0.17711801826953888 647
1729264060444 0.1665901392698288 648
1729264062299 0.17283305525779724 649
1729264063578 0.39492642879486084 650
1729264065388 0.2332330346107483 651
1729264067238 0.18291378021240234 652
1729264069086 0.12645703554153442 653
1729264070938 0.16962991654872894 654
1729264072784 0.1539560854434967 655
1729264074630 0.16885706782341003 656
1729264076480 0.19866818189620972 657
1729264078329 0.1587069034576416 658
1729264080181 0.20614461600780487 659
1729264082038 0.1452694833278656 660
1729264083886 0.17689506709575653 661
1729264085727 0.14998984336853027 662
1729264087579 0.16544073820114136 663
1729264089424 0.16062763333320618 664
1729264091271 0.20407846570014954 665
1729264093128 0.15813285112380981 666
1729264094969 0.18103186786174774 667
1729264096820 0.21620523929595947 668
1729264098669 0.17437079548835754 669
1729264100523 0.18732421100139618 670
1729264101795 0.33135873079299927 671
1729264103039 0.38202837109565735 672
1729264104859 0.1800639033317566 673
1729264106702 0.18529510498046875 674
1729264108546 0.20432589948177338 675
1729264110399 0.22078350186347961 676
1729264112248 0.17487770318984985 677
1729264114099 0.12581980228424072 678
1729264115372 0.33708399534225464 679
1729264117185 0.16708078980445862 680
1729264119032 0.17145393788814545 681
1729264120880 0.16431741416454315 682
1729264122728 0.1948021650314331 683
1729264124004 0.2526591122150421 684
1729264125816 0.2058628499507904 685
1729264127665 0.18293383717536926 686
1729264129508 0.17315053939819336 687
1729264131360 0.16786646842956543 688
1729264133208 0.16850179433822632 689
1729264135053 0.1784869134426117 690
1729264136907 0.18787696957588196 691
1729264138757 0.1679406464099884 692
1729264140606 0.15083983540534973 693
1729264142451 0.1835472285747528 694
1729264144307 0.159986674785614 695
1729264146157 0.14197944104671478 696
1729264148007 0.18192097544670105 697
1729264149866 0.18340227007865906 698
1729264151711 0.18579116463661194 699
1729264153558 0.16400150954723358 700
1729264155407 0.17738741636276245 701
1729264157262 0.16743768751621246 702
1729264159108 0.16943159699440002 703
1729264160959 0.18317639827728271 704
1729264162808 0.1476059854030609 705
1729264164659 0.14155679941177368 706
1729264166509 0.18155622482299805 707
1729264168353 0.13824433088302612 708
1729264169629 0.31779879331588745 709
1729264171443 0.18289631605148315 710
1729264173293 0.2486242949962616 711
1729264174570 0.2611548900604248 712
1729264176380 0.22905844449996948 713
1729264178227 0.25512415170669556 714
1729264180078 0.1991460770368576 715
1729264181924 0.16119366884231567 716
1729264183771 0.20454499125480652 717
1729264185661 0.2043405920267105 718
1729264186936 0.25350287556648254 719
1729264188750 0.16972050070762634 720
1729264190591 0.13700133562088013 721
1729264192442 0.15059413015842438 722
1729264194289 0.18609774112701416 723
1729264196135 0.19437120854854584 724
1729264197985 0.1440010368824005 725
1729264199841 0.16048437356948853 726
1729264201689 0.13108137249946594 727
1729264203546 0.16633418202400208 728
1729264205391 0.18090207874774933 729
1729264207240 0.16292977333068848 730
1729264208519 0.2868384122848511 731
1729264210332 0.19844956696033478 732
1729264211607 0.29558175802230835 733
1729264213415 0.12149208784103394 734
1729264215262 0.1664515733718872 735
1729264217109 0.19716128706932068 736
1729264218959 0.16233108937740326 737
1729264220807 0.15080596506595612 738
1729264222662 0.1729552447795868 739
1729264224510 0.1670304536819458 740
1729264226361 0.15237079560756683 741
1729264228208 0.17172232270240784 742
1729264230062 0.2042391300201416 743
1729264231906 0.12997734546661377 744
1729264233757 0.14151884615421295 745
1729264235608 0.24240759015083313 746
1729264237457 0.17778834700584412 747
1729264239308 0.1525515466928482 748
1729264240585 0.2567802667617798 749
1729264242395 0.21506717801094055 750
1729264244246 0.15514369308948517 751
1729264246096 0.18190282583236694 752
1729264247945 0.19208292663097382 753
1729264249226 0.26992174983024597 754
1729264251032 0.16252481937408447 755
1729264252881 0.12096434831619263 756
1729264254728 0.17816409468650818 757
1729264256581 0.1602495312690735 758
1729264257859 0.2977461516857147 759
1729264259670 0.1757289469242096 760
1729264261516 0.17845866084098816 761
1729264262796 0.34231239557266235 762
1729264264603 0.127526193857193 763
1729264266449 0.13109436631202698 764
1729264267726 0.34834301471710205 765
1729264269541 0.16617095470428467 766
1729264270820 0.2672045826911926 767
1729264272650 0.15681490302085876 768
1729264274501 0.20110633969306946 769
1729264276354 0.1480354219675064 770
1729264278203 0.19829362630844116 771
1729264280050 0.18944638967514038 772
1729264281900 0.18799707293510437 773
1729264283748 0.23083315789699554 774
1729264285598 0.16692247986793518 775
1729264287448 0.19998393952846527 776
1729264289297 0.18685823678970337 777
1729264291148 0.20714044570922852 778
1729264293000 0.16824808716773987 779
1729264294852 0.16453783214092255 780
1729264296700 0.18263360857963562 781
1729264298549 0.1832185834646225 782
1729264300403 0.20051860809326172 783
1729264302251 0.1758563220500946 784
1729264304100 0.14620238542556763 785
1729264305950 0.15667089819908142 786
1729264307799 0.15642429888248444 787
1729264309651 0.1958574801683426 788
1729264311497 0.2068832814693451 789
1729264313350 0.1632375419139862 790
1729264315195 0.1815490573644638 791
1729264317046 0.15978315472602844 792
1729264318893 0.19736385345458984 793
1729264320746 0.20252001285552979 794
1729264322598 0.21737027168273926 795
1729264324447 0.1344352811574936 796
1729264326294 0.155312642455101 797
1729264327574 0.2333478033542633 798
1729264329390 0.20447538793087006 799
1729264331235 0.15898723900318146 800
1729264333085 0.11819592118263245 801
1729264334932 0.15808159112930298 802
1729264336777 0.21427685022354126 803
1729264338626 0.13255564868450165 804
1729264340478 0.15641456842422485 805
1729264342331 0.20033705234527588 806
1729264344182 0.16078153252601624 807
1729264345454 0.309443861246109 808
1729264347270 0.19029662013053894 809
1729264349115 0.16521230340003967 810
1729264350965 0.1673087775707245 811
1729264352814 0.21876397728919983 812
1729264354664 0.1476980447769165 813
1729264356514 0.1604212075471878 814
1729264357792 0.2718693017959595 815
1729264359608 0.14889809489250183 816
1729264360882 0.2820339798927307 817
1729264362693 0.1385582983493805 818
1729264364545 0.16397154331207275 819
1729264365820 0.29232627153396606 820
1729264367631 0.16651687026023865 821
1729264369482 0.2177397906780243 822
1729264371332 0.19092215597629547 823
1729264373182 0.19720658659934998 824
1729264375029 0.126093789935112 825
1729264376873 0.18458762764930725 826
1729264378728 0.2770591676235199 827
1729264380570 0.17680805921554565 828
1729264382417 0.15153546631336212 829
1729264384263 0.16973507404327393 830
1729264386111 0.15983957052230835 831
1729264387964 0.17377310991287231 832
1729264389813 0.15779730677604675 833
1729264391664 0.20141446590423584 834
1729264393511 0.13909262418746948 835
1729264395353 0.14391157031059265 836
1729264397205 0.145942822098732 837
1729264399051 0.1498645842075348 838
1729264400896 0.22854629158973694 839
1729264402745 0.18815749883651733 840
1729264404596 0.16442954540252686 841
1729264405876 0.3747151494026184 842
1729264407120 0.2701531648635864 843
1729264408933 0.20797744393348694 844
1729264410787 0.14495128393173218 845
1729264412637 0.13528943061828613 846
1729264414487 0.18711009621620178 847
1729264416343 0.15415602922439575 848
1729264418192 0.1658192276954651 849
1729264420044 0.2102709710597992 850
1729264421894 0.17322996258735657 851
1729264423745 0.14579902589321136 852
1729264425592 0.16526412963867188 853
1729264427436 0.14733827114105225 854
1729264429289 0.15863969922065735 855
1729264431132 0.17569532990455627 856
1729264432986 0.23223352432250977 857
1729264434833 0.173363596200943 858
1729264436683 0.14485451579093933 859
1729264438531 0.19250963628292084 860
1729264440375 0.17399105429649353 861
1729264442224 0.20867130160331726 862
1729264444071 0.13003422319889069 863
1729264445918 0.14403876662254333 864
1729264447771 0.2172306925058365 865
1729264449049 0.309701532125473 866
1729264450858 0.19580364227294922 867
1729264452707 0.16338899731636047 868
1729264454550 0.16710861027240753 869
1729264456397 0.1809214949607849 870
1729264458247 0.21535107493400574 871
1729264460099 0.1903926581144333 872
1729264461947 0.1738671213388443 873
1729264463796 0.17347270250320435 874
1729264465650 0.20425447821617126 875
1729264467502 0.22542592883110046 876
1729264469353 0.203058660030365 877
1729264471203 0.14413419365882874 878
1729264473052 0.22192242741584778 879
1729264474324 0.26648128032684326 880
1729264475569 0.37367933988571167 881
1729264477389 0.16173356771469116 882
1729264479234 0.15813443064689636 883
1729264481086 0.1410755217075348 884
1729264482935 0.22008422017097473 885
1729264484785 0.18565112352371216 886
1729264486631 0.1721433401107788 887
1729264488478 0.23750457167625427 888
1729264490326 0.1538686752319336 889
1729264492174 0.15003828704357147 890
1729264494020 0.15342575311660767 891
1729264495955 0.14474773406982422 892
1729264497807 0.18729515373706818 893
1729264499654 0.16371244192123413 894
1729264501508 0.17058315873146057 895
1729264503356 0.12909582257270813 896
1729264505204 0.1778402328491211 897
1729264507053 0.16046887636184692 898
1729264508897 0.12238729000091553 899
1729264510746 0.15026259422302246 900
1729264512592 0.15683814883232117 901
1729264514438 0.13720664381980896 902
1729264515713 0.24780669808387756 903
1729264517620 0.14211450517177582 904
1729264519470 0.17409485578536987 905
1729264521315 0.1434822380542755 906
1729264523167 0.14329496026039124 907
1729264525016 0.2245520055294037 908
1729264526867 0.1783924102783203 909
1729264528141 0.2204814851284027 910
1729264529957 0.1605926752090454 911
1729264531809 0.13584262132644653 912
1729264533659 0.14571987092494965 913
1729264535505 0.15178874135017395 914
1729264537357 0.18286937475204468 915
1729264539207 0.20482882857322693 916
1729264541055 0.18308821320533752 917
1729264542908 0.19199202954769135 918
1729264544755 0.1505659818649292 919
1729264546601 0.14021462202072144 920
1729264548451 0.14307963848114014 921
1729264550297 0.19995905458927155 922
1729264551575 0.3766118288040161 923
1729264553388 0.1632593423128128 924
1729264554663 0.27976757287979126 925
1729264556478 0.1470097154378891 926
1729264558326 0.17214317619800568 927
1729264560177 0.13571038842201233 928
1729264562029 0.18583667278289795 929
1729264563877 0.1563359797000885 930
1729264565727 0.1920056939125061 931
1729264567576 0.17678463459014893 932
1729264569421 0.1527915894985199 933
1729264571273 0.17924311757087708 934
1729264573125 0.20094811916351318 935
1729264574975 0.1574581265449524 936
1729264576254 0.29962730407714844 937
1729264578066 0.22134196758270264 938
1729264579915 0.20004400610923767 939
1729264581764 0.12632621824741364 940
1729264583613 0.1554255485534668 941
1729264585462 0.16655676066875458 942
1729264587307 0.21497902274131775 943
1729264589156 0.17384836077690125 944
1729264591007 0.2216741144657135 945
1729264592853 0.16673323512077332 946
1729264594703 0.13516274094581604 947
1729264596552 0.1811322718858719 948
1729264598403 0.15504759550094604 949
1729264600251 0.19580352306365967 950
1729264602096 0.14739736914634705 951
1729264603950 0.24623672664165497 952
1729264605222 0.31570327281951904 953
1729264607035 0.1524503529071808 954
1729264608883 0.15695399045944214 955
1729264610731 0.17442815005779266 956
1729264612578 0.1661744862794876 957
1729264614427 0.15911293029785156 958
1729264616282 0.2129126489162445 959
1729264618131 0.20021730661392212 960
1729264619976 0.1375284194946289 961
1729264621832 0.22176945209503174 962
1729264623688 0.20117199420928955 963
1729264625539 0.1624300181865692 964
1729264627386 0.16060853004455566 965
1729264629232 0.20009474456310272 966
1729264631080 0.21490956842899323 967
1729264632931 0.18070851266384125 968
1729264634785 0.1593916416168213 969
1729264636635 0.1886623501777649 970
1729264638490 0.1773708015680313 971
1729264640339 0.14479762315750122 972
1729264642193 0.16244594752788544 973
1729264644039 0.20287472009658813 974
1729264645895 0.1783241629600525 975
1729264647741 0.12119049578905106 976
1729264649591 0.12933002412319183 977
1729264651438 0.19472697377204895 978
1729264653281 0.19986477494239807 979
1729264655132 0.17488068342208862 980
1729264656981 0.1388518512248993 981
1729264658258 0.3235221207141876 982
1729264660075 0.21303492784500122 983
1729264661924 0.15966427326202393 984
1729264663777 0.17922796308994293 985
1729264665628 0.15725834667682648 986
1729264667480 0.1689872145652771 987
1729264669328 0.12835343182086945 988
1729264671178 0.1919911801815033 989
1729264673031 0.1519266813993454 990
1729264674878 0.177652508020401 991
1729264676728 0.18834188580513 992
1729264678576 0.145578071475029 993
1729264680423 0.2331695258617401 994
1729264682276 0.1753271371126175 995
1729264684129 0.1410779356956482 996
1729264685978 0.23038414120674133 997
1729264687827 0.1590266078710556 998
1729264689680 0.17083539068698883 999
1729264691528 0.1886167973279953 1000
1729264765914 0.30219340324401855 1001
1729264767751 0.13893596827983856 1002
1729264769518 0.1474824696779251 1003
1729264771335 0.16595293581485748 1004
1729264773160 0.17137643694877625 1005
1729264774984 0.16132193803787231 1006
1729264776804 0.16485975682735443 1007
1729264778632 0.14242979884147644 1008
1729264780459 0.17388099431991577 1009
1729264782291 0.16540077328681946 1010
1729264784122 0.15495258569717407 1011
1729264785962 0.14441204071044922 1012
1729264787794 0.20252227783203125 1013
1729264789625 0.17047689855098724 1014
1729264791464 0.16150708496570587 1015
1729264793303 0.1433696150779724 1016
1729264795137 0.21623952686786652 1017
1729264796971 0.19558045268058777 1018
1729264798809 0.17217281460762024 1019
1729264800646 0.1717521995306015 1020
1729264802486 0.14830157160758972 1021
1729264804330 0.20405392348766327 1022
1729264806171 0.13733699917793274 1023
1729264808009 0.19277435541152954 1024
1729264809856 0.17303606867790222 1025
1729264811130 0.2678814232349396 1026
1729264812939 0.16682890057563782 1027
1729264814788 0.14907565712928772 1028
1729264816633 0.12118108570575714 1029
1729264818480 0.15594211220741272 1030
1729264820323 0.2031019926071167 1031
1729264821601 0.29149845242500305 1032
1729264822847 0.3546260893344879 1033
1729264824657 0.17472058534622192 1034
1729264825938 0.32604697346687317 1035
1729264827176 0.37317395210266113 1036
1729264828990 0.14823000133037567 1037
1729264830265 0.2837832570075989 1038
1729264832074 0.18207445740699768 1039
1729264833922 0.17886000871658325 1040
1729264835770 0.14899635314941406 1041
1729264837615 0.1414450705051422 1042
1729264839463 0.16238030791282654 1043
1729264840736 0.36912378668785095 1044
1729264841977 0.304365873336792 1045
1729264843798 0.16785770654678345 1046
1729264845646 0.15359869599342346 1047
1729264847491 0.16659177839756012 1048
1729264849333 0.12346240133047104 1049
1729264851190 0.17801721394062042 1050
1729264853038 0.19165503978729248 1051
1729264854892 0.169010192155838 1052
1729264856740 0.17282335460186005 1053
1729264858583 0.1897089183330536 1054
1729264860432 0.13968777656555176 1055
1729264862280 0.1386125087738037 1056
1729264864126 0.23861725628376007 1057
1729264866104 0.18147556483745575 1058
1729264867881 0.130282461643219 1059
1729264869735 0.14639991521835327 1060
1729264871584 0.16726148128509521 1061
1729264873433 0.20629602670669556 1062
1729264875282 0.16591934859752655 1063
1729264877134 0.19524557888507843 1064
1729264878985 0.19806671142578125 1065
1729264880835 0.15638652443885803 1066
1729264882684 0.17192283272743225 1067
1729264884533 0.1773897260427475 1068
1729264886382 0.23905235528945923 1069
1729264888233 0.18762072920799255 1070
1729264889507 0.39167520403862 1071
1729264891327 0.21118097007274628 1072
1729264893179 0.16665731370449066 1073
1729264895026 0.17435601353645325 1074
1729264896879 0.19403010606765747 1075
1729264898726 0.1853221356868744 1076
1729264900576 0.1859074980020523 1077
1729264902425 0.2000059187412262 1078
1729264903703 0.2924869954586029 1079
1729264904949 0.271088182926178 1080
1729264906766 0.15304628014564514 1081
1729264908616 0.2187715321779251 1082
1729264910465 0.15373438596725464 1083
1729264912314 0.20370422303676605 1084
1729264914162 0.1886627972126007 1085
1729264916017 0.18484331667423248 1086
1729264917873 0.17011350393295288 1087
1729264919720 0.16717402637004852 1088
1729264921651 0.1160372868180275 1089
1729264923500 0.17301514744758606 1090
1729264925347 0.1813662052154541 1091
1729264927197 0.18016037344932556 1092
1729264928474 0.30210548639297485 1093
1729264930297 0.15929684042930603 1094
1729264931577 0.24580469727516174 1095
1729264933398 0.18880461156368256 1096
1729264935250 0.1722908914089203 1097
1729264937100 0.16067343950271606 1098
1729264938956 0.15226873755455017 1099
1729264940804 0.16438855230808258 1100
1729264942654 0.18584291636943817 1101
1729264943932 0.2010219693183899 1102
1729264945742 0.1479504257440567 1103
1729264947599 0.16783107817173004 1104
1729264949446 0.1546623408794403 1105
1729264951297 0.14837433397769928 1106
1729264953147 0.15303637087345123 1107
1729264954996 0.15273214876651764 1108
1729264956845 0.18440639972686768 1109
1729264958695 0.1793157160282135 1110
1729264960540 0.14280295372009277 1111
1729264962389 0.1896977722644806 1112
1729264964240 0.14409306645393372 1113
1729264966087 0.15702441334724426 1114
1729264967363 0.3034471869468689 1115
1729264969174 0.15432536602020264 1116
1729264971024 0.16470971703529358 1117
1729264972877 0.15425601601600647 1118
1729264974726 0.18846800923347473 1119
1729264976574 0.15210776031017303 1120
1729264978421 0.20807170867919922 1121
1729264980276 0.20263996720314026 1122
1729264982122 0.19352716207504272 1123
1729264983964 0.1475585699081421 1124
1729264985813 0.19767560064792633 1125
1729264987661 0.1821589171886444 1126
1729264989506 0.18029272556304932 1127
1729264991355 0.15122398734092712 1128
1729264993203 0.1468793898820877 1129
1729264995053 0.17325977981090546 1130
1729264996902 0.2194482982158661 1131
1729264998753 0.18457438051700592 1132
1729265000602 0.19302670657634735 1133
1729265002455 0.17576472461223602 1134
1729265004312 0.13370342552661896 1135
1729265006165 0.1770978569984436 1136
1729265008021 0.19815781712532043 1137
1729265009873 0.14179177582263947 1138
1729265011724 0.17189237475395203 1139
1729265013578 0.15894830226898193 1140
1729265015425 0.19755667448043823 1141
1729265017274 0.12812264263629913 1142
1729265019126 0.16145530343055725 1143
1729265020403 0.24060723185539246 1144
1729265022224 0.172649085521698 1145
1729265024077 0.18929417431354523 1146
1729265025921 0.17115518450737 1147
1729265027766 0.14271220564842224 1148
1729265029616 0.13791510462760925 1149
1729265031479 0.16829335689544678 1150
1729265033324 0.1429932862520218 1151
1729265035178 0.19923585653305054 1152
1729265037026 0.20061692595481873 1153
1729265038872 0.1286282241344452 1154
1729265040721 0.17371508479118347 1155
1729265042564 0.1553744375705719 1156
1729265044409 0.15398842096328735 1157
1729265046258 0.2059132605791092 1158
1729265048118 0.19078299403190613 1159
1729265049968 0.2369382083415985 1160
1729265051819 0.14728990197181702 1161
1729265053666 0.17732003331184387 1162
1729265055515 0.13443943858146667 1163
1729265057365 0.21496644616127014 1164
1729265059216 0.18628790974617004 1165
1729265061062 0.17110610008239746 1166
1729265062910 0.1760750114917755 1167
1729265064763 0.18071937561035156 1168
1729265066048 0.25512731075286865 1169
1729265067861 0.15079352259635925 1170
1729265069714 0.18423838913440704 1171
1729265071564 0.1674966961145401 1172
1729265073412 0.1865040361881256 1173
1729265075261 0.17841090261936188 1174
1729265077105 0.1397181898355484 1175
1729265078960 0.204126238822937 1176
1729265080805 0.1547357738018036 1177
1729265082655 0.13257154822349548 1178
1729265084507 0.16385260224342346 1179
1729265085783 0.3163282871246338 1180
1729265087596 0.14125210046768188 1181
1729265089446 0.1473235785961151 1182
1729265091296 0.17014239728450775 1183
1729265093144 0.16204988956451416 1184
1729265094998 0.17356730997562408 1185
1729265096845 0.16138356924057007 1186
1729265098696 0.1751616895198822 1187
1729265100542 0.16891425848007202 1188
1729265102388 0.1499563753604889 1189
1729265103668 0.2517721354961395 1190
1729265105480 0.16186657547950745 1191
1729265107327 0.16702818870544434 1192
1729265109176 0.15343661606311798 1193
1729265111024 0.16341611742973328 1194
1729265112877 0.16017132997512817 1195
1729265114724 0.1696278154850006 1196
1729265116010 0.40533432364463806 1197
1729265117823 0.20900362730026245 1198
1729265119674 0.1952289640903473 1199
1729265121525 0.22523817420005798 1200
1729265123373 0.16220885515213013 1201
1729265125221 0.18675625324249268 1202
1729265126505 0.28972649574279785 1203
1729265128315 0.15467800199985504 1204
1729265129589 0.26232820749282837 1205
1729265131399 0.18590985238552094 1206
1729265133245 0.14995385706424713 1207
1729265135097 0.1897536814212799 1208
1729265136946 0.19360536336898804 1209
1729265138792 0.1720525473356247 1210
1729265140646 0.17411857843399048 1211
1729265141925 0.43059319257736206 1212
1729265143739 0.16747362911701202 1213
1729265145586 0.15347810089588165 1214
1729265147435 0.16498559713363647 1215
1729265149281 0.1495620757341385 1216
1729265151127 0.15924173593521118 1217
1729265152977 0.1520726978778839 1218
1729265154826 0.17497135698795319 1219
1729265156678 0.21652165055274963 1220
1729265158529 0.21362906694412231 1221
1729265160380 0.16160312294960022 1222
1729265162229 0.23701220750808716 1223
1729265164079 0.1514626145362854 1224
1729265165925 0.17255546152591705 1225
1729265167777 0.22173866629600525 1226
1729265169626 0.15094202756881714 1227
1729265171479 0.17051228880882263 1228
1729265173328 0.2040557861328125 1229
1729265175177 0.14890488982200623 1230
1729265177038 0.1576409637928009 1231
1729265178885 0.1847139298915863 1232
1729265180733 0.15098735690116882 1233
1729265182583 0.206778883934021 1234
1729265184436 0.15474753081798553 1235
1729265186285 0.163649320602417 1236
1729265187567 0.2767542600631714 1237
