1729127060185 0.14332690834999084 1
1729127064503 0.05506947636604309 2
1729127068830 0.11968892812728882 3
1729127073156 0.10189250856637955 4
1729127077495 0.10668646544218063 5
1729127081847 0.07043758034706116 6
1729127086219 0.14261838793754578 7
1729127090602 0.1360364705324173 8
1729127094981 0.12470066547393799 9
1729127099369 0.07846987247467041 10
1729127103761 0.09899747371673584 11
1729127108163 0.13665670156478882 12
1729127112578 0.11041475087404251 13
1729127117003 0.10603845119476318 14
1729127121431 0.09357145428657532 15
1729127125856 0.06892652064561844 16
1729127130264 0.18951761722564697 17
1729127134658 0.09531770646572113 18
1729127139069 0.1020471453666687 19
1729127143483 0.09685967117547989 20
1729127147893 0.1494743525981903 21
1729127152313 0.08149462938308716 22
1729127156734 0.09190729260444641 23
1729127161163 0.07553383708000183 24
1729127165582 0.10404068976640701 25
1729127170000 0.09762267023324966 26
1729127174412 0.17755721509456635 27
1729127178848 0.1070319339632988 28
1729127183269 0.15943366289138794 29
1729127187690 0.10155092179775238 30
1729127192120 0.08940169215202332 31
1729127196549 0.14140501618385315 32
1729127200978 0.08154187351465225 33
1729127205405 0.09819584339857101 34
1729127209838 0.09560193121433258 35
1729127214269 0.10542170703411102 36
1729127218704 0.1613270491361618 37
1729127223131 0.0460795983672142 38
1729127227553 0.052006397396326065 39
1729127231987 0.11812774091959 40
1729127236409 0.16155388951301575 41
1729127240839 0.09758054465055466 42
1729127245270 0.10072760283946991 43
1729127249698 0.09923042356967926 44
1729127254127 0.09361399710178375 45
1729127258553 0.12874771654605865 46
1729127262981 0.10282918810844421 47
1729127267408 0.09372033923864365 48
1729127271839 0.135840505361557 49
1729127276267 0.09680072963237762 50
1729127280684 0.10221648961305618 51
1729127285104 0.09707297384738922 52
1729127289524 0.2837837040424347 53
1729127293927 0.09002581983804703 54
1729127298354 0.17740586400032043 55
1729127302787 0.1381244957447052 56
1729127307233 0.05841891095042229 57
1729127311652 0.06064571812748909 58
1729127316072 0.0964907556772232 59
1729127320485 0.0936574786901474 60
1729127324898 0.1671198010444641 61
1729127329324 0.15602141618728638 62
1729127333753 0.12184253334999084 63
1729127338188 0.13538652658462524 64
1729127342607 0.08525565266609192 65
1729127347046 0.09388422966003418 66
1729127351483 0.1166190430521965 67
1729127355912 0.11879777163267136 68
1729127360342 0.09239036589860916 69
1729127364766 0.23328325152397156 70
1729127369188 0.09844351559877396 71
1729127373641 0.15224617719650269 72
1729127378087 0.10885272920131683 73
1729127382524 0.12213632464408875 74
1729127386964 0.17768803238868713 75
1729127391387 0.1246725544333458 76
1729127395807 0.11213266849517822 77
1729127400248 0.18387174606323242 78
1729127404669 0.09353059530258179 79
1729127409094 0.18067002296447754 80
1729127413523 0.10200169682502747 81
1729127417944 0.10977479070425034 82
1729127422367 0.2005920112133026 83
1729127426786 0.12818601727485657 84
1729127431202 0.10793974995613098 85
1729127435608 0.16518360376358032 86
1729127440023 0.05087586119771004 87
1729127444431 0.14872504770755768 88
1729127448840 0.07036583125591278 89
1729127453248 0.07232286036014557 90
1729127457669 0.11111284792423248 91
1729127462098 0.08054430037736893 92
1729127466525 0.14266900718212128 93
1729127470957 0.06462617218494415 94
1729127475388 0.27099305391311646 95
1729127479812 0.20299601554870605 96
1729127484232 0.1148054301738739 97
1729127488640 0.09656821936368942 98
1729127493072 0.18999072909355164 99
1729127497493 0.17696598172187805 100
1729127501926 0.09675350785255432 101
1729127506343 0.12334758788347244 102
1729127510763 0.1323406994342804 103
1729127515185 0.1420060396194458 104
1729127519611 0.16880357265472412 105
1729127524034 0.10766049474477768 106
1729127528458 0.1020672619342804 107
1729127532908 0.09080721437931061 108
1729127537338 0.13624557852745056 109
1729127541770 0.12861746549606323 110
1729127546194 0.10871879011392593 111
1729127550600 0.09224638342857361 112
1729127555022 0.07758210599422455 113
1729127559443 0.08083689212799072 114
1729127563854 0.07191095501184464 115
1729127568285 0.14907746016979218 116
1729127572707 0.13911172747612 117
1729127577124 0.08273755759000778 118
1729127581543 0.11453403532505035 119
1729127585973 0.11293342709541321 120
1729127590382 0.0994528979063034 121
1729127594811 0.12439197301864624 122
1729127599259 0.15190519392490387 123
1729127603662 0.05512998253107071 124
1729127608089 0.1003965437412262 125
1729127612514 0.1120491698384285 126
1729127616954 0.12024728953838348 127
1729127621376 0.10591292381286621 128
1729127625784 0.1168840229511261 129
1729127630210 0.11601357161998749 130
1729127634649 0.17817959189414978 131
1729127639066 0.09275837242603302 132
1729127643474 0.030279651284217834 133
1729127647880 0.16685113310813904 134
1729127652307 0.10800029337406158 135
1729127656734 0.13849160075187683 136
1729127661151 0.12402012944221497 137
1729127665571 0.10871522128582001 138
1729127669974 0.10680580884218216 139
1729127674422 0.05506765842437744 140
1729127678847 0.10736001282930374 141
1729127683289 0.06453706324100494 142
1729127687712 0.08776158094406128 143
1729127692133 0.1336442232131958 144
1729127696585 0.08722900599241257 145
1729127701015 0.16673974692821503 146
1729127705447 0.10931934416294098 147
1729127709890 0.13913783431053162 148
1729127714314 0.15593092143535614 149
1729127718738 0.14768439531326294 150
1729127723171 0.1518971472978592 151
1729127727603 0.08437176048755646 152
1729127732037 0.0819791853427887 153
1729127736472 0.2474442720413208 154
1729127740913 0.12046882510185242 155
1729127745332 0.10877449065446854 156
1729127749761 0.1804470717906952 157
1729127754188 0.12295837700366974 158
1729127758617 0.16935837268829346 159
1729127763053 0.09981831908226013 160
1729127767464 0.07718564569950104 161
1729127771888 0.09719312191009521 162
1729127776316 0.11656168848276138 163
1729127780737 0.1656523197889328 164
1729127785156 0.09971984475851059 165
1729127789568 0.2156095802783966 166
1729127793986 0.0643153190612793 167
1729127798402 0.10355998575687408 168
1729127802838 0.19976069033145905 169
1729127807253 0.16406303644180298 170
1729127811661 0.054018616676330566 171
1729127816085 0.08112052083015442 172
1729127820494 0.10955947637557983 173
1729127824914 0.13578812777996063 174
1729127829317 0.15570855140686035 175
1729127833752 0.1608348786830902 176
1729127838166 0.16619092226028442 177
1729127842610 0.11549386382102966 178
1729127847022 0.1214849054813385 179
1729127851448 0.12218787521123886 180
1729127855875 0.09121719002723694 181
1729127860297 0.10115642845630646 182
1729127864695 0.09385156631469727 183
1729127869130 0.14633895456790924 184
1729127873554 0.19452530145645142 185
1729127877979 0.12572303414344788 186
1729127882397 0.08659625798463821 187
1729127886813 0.11325637996196747 188
1729127891231 0.08608800172805786 189
1729127895651 0.08759190142154694 190
1729127900080 0.09728802740573883 191
1729127904501 0.1845819354057312 192
1729127908943 0.08661212027072906 193
1729127913347 0.1401345133781433 194
1729127917769 0.14528076350688934 195
1729127922193 0.12657585740089417 196
1729127926638 0.10483014583587646 197
1729127931048 0.11146289110183716 198
1729127935471 0.09191643446683884 199
1729127939894 0.10960377007722855 200
1729127944312 0.09981101751327515 201
1729127948728 0.08261415362358093 202
1729127953150 0.09703344106674194 203
1729127957580 0.11910095810890198 204
1729127961994 0.15887576341629028 205
1729127966434 0.1162583976984024 206
1729127970860 0.16124194860458374 207
1729127975284 0.06415622681379318 208
1729127979697 0.09144045412540436 209
1729127984118 0.154343843460083 210
1729127988541 0.16967160999774933 211
1729127992961 0.14205044507980347 212
1729127997383 0.18356749415397644 213
1729128001793 0.12405271083116531 214
1729128006235 0.08321733772754669 215
1729128010672 0.06191236525774002 216
1729128015089 0.08909419924020767 217
1729128019502 0.2227242887020111 218
1729128023907 0.11044271290302277 219
1729128028330 0.13313396275043488 220
1729128032756 0.11634300649166107 221
1729128037159 0.12068025022745132 222
1729128041581 0.11751504242420197 223
1729128046002 0.20611993968486786 224
1729128050432 0.20553214848041534 225
1729128054851 0.10034006834030151 226
1729128059268 0.09341877698898315 227
1729128063688 0.09727665781974792 228
1729128068095 0.09565837681293488 229
1729128072510 0.11160154640674591 230
1729128076959 0.2104623019695282 231
1729128081362 0.17090365290641785 232
1729128085795 0.21476595103740692 233
1729128090208 0.11533669382333755 234
1729128094629 0.08742941170930862 235
1729128099050 0.0857725441455841 236
1729128103462 0.12626485526561737 237
1729128107882 0.15862229466438293 238
1729128112309 0.11597775667905807 239
1729128116732 0.12131677567958832 240
1729128121156 0.11720538884401321 241
1729128125576 0.08848734200000763 242
1729128129994 0.0755060687661171 243
1729128134415 0.08353810012340546 244
1729128138830 0.1052388995885849 245
1729128143246 0.05618932843208313 246
1729128147661 0.12363526225090027 247
1729128152069 0.11665624380111694 248
1729128156480 0.11177974939346313 249
1729128160892 0.08756858855485916 250
1729128165308 0.053499750792980194 251
1729128169719 0.2178792506456375 252
1729128174128 0.0707605704665184 253
1729128178547 0.07473305612802505 254
1729128182965 0.13739728927612305 255
1729128187377 0.13184215128421783 256
1729128191792 0.1013544499874115 257
1729128196194 0.08383598923683167 258
1729128200612 0.09285107254981995 259
1729128205021 0.15151594579219818 260
1729128209447 0.11202594637870789 261
1729128213897 0.1566024273633957 262
1729128218325 0.23579750955104828 263
1729128222763 0.14658090472221375 264
1729128227185 0.11683842539787292 265
1729128231607 0.09241233766078949 266
1729128236034 0.09880244731903076 267
1729128240460 0.11244997382164001 268
1729128244887 0.03642091900110245 269
1729128249299 0.10345833003520966 270
1729128253722 0.09128379821777344 271
1729128258135 0.11717119812965393 272
1729128262553 0.0936751514673233 273
1729128266974 0.0837324783205986 274
1729128271401 0.09803792089223862 275
1729128275817 0.12728193402290344 276
1729128280245 0.11705268174409866 277
1729128284663 0.09095397591590881 278
1729128289097 0.15446507930755615 279
1729128293518 0.10579013079404831 280
1729128297932 0.09016351401805878 281
1729128302380 0.07972728461027145 282
1729128306782 0.054806098341941833 283
1729128311193 0.13529688119888306 284
1729128315600 0.19158005714416504 285
1729128320006 0.12621358036994934 286
1729128324524 0.14279697835445404 287
1729128328945 0.1821187436580658 288
1729128333366 0.12355192750692368 289
1729128337772 0.10655228793621063 290
1729128342194 0.1805099993944168 291
1729128346612 0.08938319981098175 292
1729128351023 0.08934575319290161 293
1729128355445 0.08697883784770966 294
1729128359881 0.152055561542511 295
1729128364294 0.09218072891235352 296
1729128368713 0.0940590351819992 297
1729128373112 0.16882705688476562 298
1729128377555 0.14456629753112793 299
1729128381967 0.07387297600507736 300
1729128386398 0.1127878725528717 301
1729128390818 0.09532971680164337 302
1729128395222 0.06263988465070724 303
1729128399657 0.1454983502626419 304
1729128404068 0.09303726255893707 305
1729128408490 0.1505415439605713 306
1729128412907 0.11870370805263519 307
1729128417322 0.08638834208250046 308
1729128421747 0.1320251226425171 309
1729128426162 0.10785237699747086 310
1729128430570 0.04233156144618988 311
1729128434973 0.11540140956640244 312
1729128439395 0.0805695652961731 313
1729128443804 0.03298079967498779 314
1729128448210 0.111647829413414 315
1729128452659 0.11292748153209686 316
1729128457064 0.09809975326061249 317
1729128461476 0.1398218274116516 318
1729128465896 0.10612093657255173 319
1729128470307 0.08782054483890533 320
1729128474720 0.2745402157306671 321
1729128479140 0.12931115925312042 322
1729128483560 0.08022995293140411 323
1729128487983 0.14790570735931396 324
1729128492412 0.18065109848976135 325
1729128496817 0.11143015325069427 326
1729128501236 0.09922519326210022 327
1729128505657 0.057974398136138916 328
1729128510093 0.15182693302631378 329
1729128514516 0.2618582844734192 330
1729128518920 0.08265290409326553 331
1729128523348 0.15353284776210785 332
1729128527763 0.36509907245635986 333
1729128532173 0.07357679307460785 334
1729128536603 0.18263886868953705 335
1729128541022 0.1961563378572464 336
1729128545442 0.20827600359916687 337
1729128549859 0.10224182158708572 338
1729128554283 0.11007964611053467 339
1729128558706 0.12200254201889038 340
1729128563126 0.11089321225881577 341
1729128567538 0.14020022749900818 342
1729128571954 0.11326621472835541 343
1729128576383 0.11088357120752335 344
1729128580796 0.09427505731582642 345
1729128585217 0.1605503261089325 346
1729128589646 0.0546083077788353 347
1729128594053 0.13339084386825562 348
1729128598475 0.12096884846687317 349
1729128602903 0.14406634867191315 350
1729128607322 0.12219087779521942 351
1729128611747 0.1295255720615387 352
1729128616182 0.11276281625032425 353
1729128620595 0.06716276705265045 354
1729128625014 0.10622715950012207 355
1729128629424 0.11104251444339752 356
1729128633837 0.07511106133460999 357
1729128638250 0.08336366713047028 358
1729128642674 0.1553841233253479 359
1729128647097 0.10760533064603806 360
1729128651551 0.1298317164182663 361
1729128655964 0.08152683079242706 362
1729128660376 0.1558571457862854 363
1729128664794 0.10376675426959991 364
1729128669223 0.10633863508701324 365
1729128673650 0.2241727113723755 366
1729128678066 0.05276251584291458 367
1729128682496 0.20624029636383057 368
1729128686905 0.1753084659576416 369
1729128691327 0.1737087070941925 370
1729128695755 0.08554549515247345 371
1729128700182 0.09308865666389465 372
1729128704591 0.14233985543251038 373
1729128709034 0.07927162945270538 374
1729128713445 0.08407649397850037 375
1729128717871 0.1623605638742447 376
1729128722286 0.09689092636108398 377
1729128726684 0.10730137676000595 378
1729128731094 0.06903363764286041 379
1729128735521 0.09809543192386627 380
1729128739944 0.04784208536148071 381
1729128744370 0.13281311094760895 382
1729128748772 0.07538563013076782 383
1729128753186 0.06911636888980865 384
1729128757621 0.16477219760417938 385
1729128762041 0.11667448282241821 386
1729128766466 0.18918851017951965 387
1729128770866 0.0615699365735054 388
1729128775284 0.08636288344860077 389
1729128779709 0.09718694537878036 390
1729128784136 0.14649918675422668 391
1729128788545 0.13027667999267578 392
1729128792960 0.1120428815484047 393
1729128797380 0.11249949038028717 394
1729128801797 0.07471315562725067 395
1729128806218 0.11013080924749374 396
1729128810629 0.1587378978729248 397
1729128815041 0.214269757270813 398
1729128819492 0.11444196850061417 399
1729128823899 0.07431425899267197 400
1729128828326 0.07993605732917786 401
1729128832763 0.23643271625041962 402
1729128837162 0.12013466656208038 403
1729128841575 0.12166859954595566 404
1729128845972 0.08239305764436722 405
1729128850386 0.09727554023265839 406
1729128854813 0.10287433862686157 407
1729128859220 0.10129934549331665 408
1729128863630 0.09810581803321838 409
1729128868036 0.09114377945661545 410
1729128872453 0.12421689927577972 411
1729128876879 0.11133120954036713 412
1729128881292 0.12551438808441162 413
1729128885695 0.06486652046442032 414
1729128890107 0.11790212988853455 415
1729128894521 0.13449431955814362 416
1729128898969 0.16677993535995483 417
1729128903385 0.1525888741016388 418
1729128907801 0.07186593115329742 419
1729128912207 0.06974709779024124 420
1729128916640 0.08015871793031693 421
1729128921075 0.1807742863893509 422
1729128925481 0.09568175673484802 423
1729128929907 0.206109881401062 424
1729128934314 0.09161631762981415 425
1729128938741 0.1017712652683258 426
1729128943170 0.1844579428434372 427
1729128947583 0.1085352748632431 428
1729128952006 0.1371171772480011 429
1729128956415 0.11817722022533417 430
1729128960847 0.1846296638250351 431
1729128965291 0.06756319850683212 432
1729128969728 0.15287452936172485 433
1729128974155 0.09504757821559906 434
1729128978575 0.09556832164525986 435
1729128982999 0.13920646905899048 436
1729128987433 0.1124204620718956 437
1729128991866 0.12135164439678192 438
1729128996294 0.14369851350784302 439
1729129000712 0.15136203169822693 440
1729129005146 0.09754197299480438 441
1729129009570 0.13572315871715546 442
1729129013992 0.09022089838981628 443
1729129018409 0.1093590185046196 444
1729129022832 0.12757012248039246 445
1729129027254 0.12563768029212952 446
1729129031684 0.09449657797813416 447
1729129036078 0.060567520558834076 448
1729129040491 0.12686441838741302 449
1729129044911 0.15539239346981049 450
1729129049328 0.22385373711585999 451
1729129053762 0.11691200733184814 452
1729129058164 0.09541482478380203 453
1729129062566 0.15795008838176727 454
1729129066983 0.11098939925432205 455
1729129071395 0.12915918231010437 456
1729129075808 0.07476701587438583 457
1729129080215 0.09610289335250854 458
1729129084656 0.17416492104530334 459
1729129089076 0.11781947314739227 460
1729129093495 0.11309662461280823 461
1729129097926 0.16168296337127686 462
1729129102337 0.12849123775959015 463
1729129106759 0.1257387101650238 464
1729129111184 0.09776671230792999 465
1729129115602 0.10159751772880554 466
1729129120017 0.10318712145090103 467
1729129124424 0.07182709872722626 468
1729129128850 0.10785041004419327 469
1729129133266 0.08496414124965668 470
1729129137691 0.11930713057518005 471
1729129142109 0.016614079475402832 472
1729129146528 0.11957377195358276 473
1729129150955 0.14521494507789612 474
1729129155407 0.09059719741344452 475
1729129159812 0.06089820712804794 476
1729129164234 0.17271681129932404 477
1729129168646 0.13150762021541595 478
1729129173066 0.1250225007534027 479
1729129177483 0.16124595701694489 480
1729129181898 0.14353802800178528 481
1729129186333 0.14016178250312805 482
1729129190717 0.09713032841682434 483
1729129195134 0.1281692534685135 484
1729129199545 0.12967507541179657 485
1729129203958 0.21626469492912292 486
1729129208378 0.07925617694854736 487
1729129212796 0.10882503539323807 488
1729129217226 0.11357302963733673 489
1729129221639 0.08745258301496506 490
1729129226045 0.09023779630661011 491
1729129230459 0.09344856441020966 492
1729129234856 0.10136932134628296 493
1729129239283 0.07740000635385513 494
1729129243713 0.18798881769180298 495
1729129248113 0.1091785728931427 496
1729129252533 0.18907193839550018 497
1729129256947 0.18661651015281677 498
1729129261365 0.040261607617139816 499
1729129265788 0.10266226530075073 500
1729129270203 0.11054147779941559 501
1729129274626 0.08992337435483932 502
1729129279049 0.13982392847537994 503
1729129283470 0.14527443051338196 504
1729129287882 0.11863905191421509 505
1729129292296 0.10825757682323456 506
1729129296712 0.09435252845287323 507
1729129301126 0.18984189629554749 508
1729129305542 0.07860399037599564 509
1729129309954 0.11859850585460663 510
1729129314383 0.10865489393472672 511
1729129318796 0.122931107878685 512
1729129323219 0.09226162731647491 513
1729129327629 0.09179335832595825 514
1729129332050 0.12690487504005432 515
1729129336469 0.16620370745658875 516
1729129340876 0.05726200342178345 517
1729129345287 0.16260629892349243 518
1729129349710 0.17840731143951416 519
1729129354124 0.10657911747694016 520
1729129358553 0.11734920740127563 521
1729129362957 0.14109134674072266 522
1729129367369 0.22022579610347748 523
1729129371786 0.09008139371871948 524
1729129376198 0.07813455164432526 525
1729129380636 0.25411146879196167 526
1729129385047 0.16745054721832275 527
1729129389460 0.15770764648914337 528
1729129393878 0.12498003989458084 529
1729129398313 0.18751497566699982 530
1729129402753 0.07668104767799377 531
1729129407167 0.12088717520236969 532
1729129411575 0.1641870141029358 533
1729129415996 0.09101486206054688 534
1729129420411 0.0577995665371418 535
1729129424838 0.12936684489250183 536
1729129429268 0.08610024303197861 537
1729129433670 0.07605277001857758 538
1729129438087 0.10597972571849823 539
1729129442493 0.06269194185733795 540
1729129446915 0.10742759704589844 541
1729129451325 0.07134134322404861 542
1729129455738 0.14005789160728455 543
1729129460159 0.11408746242523193 544
1729129464582 0.11665460467338562 545
1729129469020 0.180349662899971 546
1729129473449 0.10858315229415894 547
1729129477854 0.08300386369228363 548
1729129482254 0.09436842054128647 549
1729129486671 0.14293202757835388 550
1729129491083 0.08383103460073471 551
1729129495502 0.15295428037643433 552
1729129499907 0.0494978204369545 553
1729129504318 0.15221841633319855 554
1729129508738 0.09773924201726913 555
1729129513151 0.09521282464265823 556
1729129517567 0.07165420055389404 557
1729129521995 0.20000435411930084 558
1729129526400 0.06412608176469803 559
1729129530812 0.13495047390460968 560
1729129535228 0.10795651376247406 561
1729129539661 0.13028278946876526 562
1729129544082 0.11245129257440567 563
1729129548511 0.1186659038066864 564
1729129552939 0.11311183124780655 565
1729129557371 0.09131254255771637 566
1729129561786 0.13331900537014008 567
1729129566200 0.095238596200943 568
1729129570618 0.11164547502994537 569
1729129575041 0.11171334236860275 570
1729129579463 0.0640159398317337 571
1729129583879 0.1291423738002777 572
1729129588303 0.08445952087640762 573
1729129592730 0.11128932237625122 574
1729129597152 0.20873941481113434 575
1729129601581 0.08175605535507202 576
1729129606002 0.10410407185554504 577
1729129610419 0.09085436910390854 578
1729129614838 0.09480723738670349 579
1729129619252 0.1399616301059723 580
1729129623679 0.15968134999275208 581
1729129628117 0.07676421105861664 582
1729129632538 0.08275441080331802 583
1729129636956 0.1226467415690422 584
1729129641383 0.0905514732003212 585
1729129645813 0.08882181346416473 586
1729129650232 0.09164084494113922 587
1729129654642 0.09585031867027283 588
1729129659078 0.1557362675666809 589
1729129663493 0.08346401900053024 590
1729129667914 0.12398261576890945 591
1729129672322 0.1063016727566719 592
1729129676756 0.11895979940891266 593
1729129681187 0.1662418693304062 594
1729129685616 0.10787160694599152 595
1729129690039 0.12022021412849426 596
1729129694442 0.15683308243751526 597
1729129698864 0.3203677833080292 598
1729129703274 0.15661385655403137 599
1729129707691 0.10051058232784271 600
1729129712119 0.1479032039642334 601
1729129716536 0.1445392370223999 602
1729129720949 0.1235198900103569 603
1729129725360 0.10238175094127655 604
1729129729780 0.1059616357088089 605
1729129734196 0.08851282298564911 606
1729129738620 0.1492491066455841 607
1729129743038 0.08325576782226562 608
1729129747449 0.09495050460100174 609
1729129751853 0.13086801767349243 610
1729129756274 0.10088680684566498 611
1729129760699 0.13581106066703796 612
1729129765119 0.17064273357391357 613
1729129769535 0.11218244582414627 614
1729129773952 0.06927868723869324 615
1729129778370 0.09037615358829498 616
1729129782783 0.1497020125389099 617
1729129787191 0.12448764592409134 618
1729129791603 0.12129561603069305 619
1729129796012 0.12391746044158936 620
1729129800413 0.08697737753391266 621
1729129804845 0.18198761343955994 622
1729129809273 0.11100408434867859 623
1729129813696 0.12541525065898895 624
1729129818119 0.18562638759613037 625
1729129822545 0.11937110126018524 626
1729129826966 0.10243632644414902 627
1729129831372 0.13348883390426636 628
1729129835780 0.04988519102334976 629
1729129840195 0.07899148017168045 630
1729129844603 0.13846108317375183 631
1729129849027 0.09126592427492142 632
1729129853435 0.07829678058624268 633
1729129857860 0.11496167629957199 634
1729129862289 0.1462756097316742 635
1729129866717 0.07654405385255814 636
1729129871138 0.11039789021015167 637
1729129875563 0.13465538620948792 638
1729129880007 0.11054180562496185 639
1729129884421 0.06718840450048447 640
1729129888838 0.17025476694107056 641
1729129893257 0.11820604652166367 642
1729129897679 0.1515636444091797 643
1729129902107 0.1435990035533905 644
1729129906528 0.15785659849643707 645
1729129910931 0.1573799103498459 646
1729129915363 0.11402194201946259 647
1729129919779 0.10184148699045181 648
1729129924188 0.10542480647563934 649
1729129928610 0.1781383454799652 650
1729129933019 0.07735585421323776 651
1729129937437 0.12448616325855255 652
1729129941859 0.19716104865074158 653
1729129946266 0.14305143058300018 654
1729129950679 0.15939828753471375 655
1729129955102 0.16850653290748596 656
1729129959521 0.12675857543945312 657
1729129963936 0.18446281552314758 658
1729129968345 0.08678293973207474 659
1729129972783 0.15560486912727356 660
1729129977196 0.08279246091842651 661
1729129981617 0.1347006857395172 662
1729129986029 0.10929476469755173 663
1729129990442 0.12439461797475815 664
1729129994859 0.1793041229248047 665
1729129999288 0.13268911838531494 666
1729130003702 0.09819091856479645 667
1729130008127 0.11244732141494751 668
1729130012562 0.09912022948265076 669
1729130016982 0.11865241825580597 670
1729130021414 0.11827844381332397 671
1729130025829 0.13348428905010223 672
1729130030245 0.06528820842504501 673
1729130034651 0.05937390774488449 674
1729130039071 0.1973644196987152 675
1729130043468 0.026130180805921555 676
1729130047890 0.07717964053153992 677
1729130052307 0.12471550703048706 678
1729130056738 0.09312015771865845 679
1729130061165 0.2432406097650528 680
1729130065584 0.13023824989795685 681
1729130070022 0.1379813402891159 682
1729130074446 0.12128210067749023 683
1729130078879 0.11884260922670364 684
1729130083295 0.12883257865905762 685
1729130087715 0.11759212613105774 686
1729130092150 0.07540418207645416 687
1729130096578 0.10668061673641205 688
1729130101009 0.07811535894870758 689
1729130105427 0.1102413535118103 690
1729130109866 0.10905694961547852 691
1729130114284 0.07672527432441711 692
1729130118709 0.22544458508491516 693
1729130123241 0.10312812030315399 694
1729130127654 0.11179962754249573 695
1729130132083 0.12069015949964523 696
1729130136524 0.09014631062746048 697
1729130140946 0.2254636585712433 698
1729130145367 0.08018021285533905 699
1729130149778 0.10413112491369247 700
1729130154192 0.10061867535114288 701
1729130158600 0.09408453851938248 702
1729130163027 0.15647457540035248 703
1729130167446 0.10531842708587646 704
1729130171863 0.17627671360969543 705
1729130176268 0.14321956038475037 706
1729130180664 0.09079039841890335 707
1729130185068 0.05566509813070297 708
1729130189472 0.06357330083847046 709
1729130193874 0.07273946702480316 710
1729130198289 0.12689027190208435 711
1729130202697 0.08974432945251465 712
1729130207103 0.10562790185213089 713
1729130211525 0.12403279542922974 714
1729130215944 0.1253061294555664 715
1729130220380 0.21660105884075165 716
1729130224794 0.09761315584182739 717
1729130229205 0.09084188938140869 718
1729130233628 0.17602118849754333 719
1729130238055 0.12875497341156006 720
1729130242458 0.12388148903846741 721
1729130246862 0.0736936405301094 722
1729130251265 0.1178518757224083 723
1729130255676 0.09364582598209381 724
1729130260101 0.09439748525619507 725
1729130264525 0.09212839603424072 726
1729130268923 0.11735548824071884 727
1729130273336 0.11081888526678085 728
1729130277747 0.12967628240585327 729
1729130282175 0.0908379852771759 730
1729130286605 0.18041621148586273 731
1729130291020 0.10396215319633484 732
1729130295437 0.08021652698516846 733
1729130299847 0.07659584283828735 734
1729130304253 0.12661591172218323 735
1729130308661 0.13934507966041565 736
1729130313081 0.10014928132295609 737
1729130317509 0.1937016248703003 738
1729130321937 0.08292000740766525 739
1729130326350 0.14010386168956757 740
1729130330756 0.08471918106079102 741
1729130335160 0.10317151993513107 742
1729130339567 0.10100607573986053 743
1729130344002 0.15945154428482056 744
1729130348423 0.1301094889640808 745
1729130352827 0.12227559834718704 746
1729130357238 0.08444063365459442 747
1729130361667 0.0696311816573143 748
1729130366082 0.1408553123474121 749
1729130370510 0.10455350577831268 750
1729130374933 0.07483755052089691 751
1729130379338 0.08985795080661774 752
1729130383740 0.10253993421792984 753
1729130388155 0.11388832330703735 754
1729130392602 0.11623352766036987 755
1729130397027 0.17096415162086487 756
1729130401418 0.08014216274023056 757
1729130405839 0.1665312945842743 758
1729130410260 0.14340505003929138 759
1729130414686 0.09088055789470673 760
1729130419100 0.08444996923208237 761
1729130423514 0.11792464554309845 762
1729130427928 0.19356486201286316 763
1729130432352 0.048397429287433624 764
1729130436772 0.096335269510746 765
1729130441188 0.08456479012966156 766
1729130445608 0.09061083197593689 767
1729130450011 0.1272905170917511 768
1729130454428 0.06921939551830292 769
1729130458834 0.0669751763343811 770
1729130463237 0.0723976343870163 771
1729130467645 0.4963652491569519 772
1729130472048 0.09490227699279785 773
1729130476486 0.09143377840518951 774
1729130480917 0.13005971908569336 775
1729130485330 0.12966401875019073 776
1729130489719 0.08718379586935043 777
1729130494132 0.14353270828723907 778
1729130498552 0.13998275995254517 779
1729130502973 0.13331489264965057 780
1729130507393 0.09141086786985397 781
1729130511808 0.10289771854877472 782
1729130516207 0.11579690873622894 783
1729130520620 0.1163596361875534 784
1729130525048 0.0992274284362793 785
1729130529467 0.13332560658454895 786
1729130533899 0.07773962616920471 787
1729130538324 0.08494815230369568 788
1729130542723 0.11779960989952087 789
1729130547141 0.10812287777662277 790
1729130551571 0.12405392527580261 791
1729130556004 0.10654174536466599 792
1729130560411 0.1440400928258896 793
1729130564821 0.13746961951255798 794
1729130569237 0.06056322157382965 795
1729130573661 0.1172051727771759 796
1729130578086 0.11944155395030975 797
1729130582499 0.06297452747821808 798
1729130586907 0.2638057768344879 799
1729130591331 0.11033353209495544 800
1729130595738 0.07390458136796951 801
1729130600167 0.13798129558563232 802
1729130604578 0.0980587750673294 803
1729130608983 0.07602843642234802 804
1729130613386 0.167557030916214 805
1729130617810 0.12026870250701904 806
1729130622236 0.0549326129257679 807
1729130626666 0.1603889763355255 808
1729130631077 0.12564507126808167 809
1729130635488 0.14458906650543213 810
1729130639922 0.09336324036121368 811
1729130644353 0.14750418066978455 812
1729130648771 0.14375048875808716 813
1729130653187 0.10481545329093933 814
1729130657597 0.1291884183883667 815
1729130662022 0.11755100637674332 816
1729130666439 0.0747440904378891 817
1729130670846 0.09669458866119385 818
1729130675247 0.08754546195268631 819
1729130679662 0.12657469511032104 820
1729130684072 0.13461259007453918 821
1729130688495 0.0937962681055069 822
1729130692925 0.10482189804315567 823
1729130697333 0.3507830500602722 824
1729130701752 0.10236804187297821 825
1729130706163 0.10011409223079681 826
1729130710610 0.10674679279327393 827
1729130715028 0.16039130091667175 828
1729130719431 0.0238175168633461 829
1729130723847 0.10222409665584564 830
1729130728252 0.07915619760751724 831
1729130732674 0.07737144827842712 832
1729130737090 0.19862866401672363 833
1729130741504 0.10763025283813477 834
1729130745922 0.11012923717498779 835
1729130750328 0.048554301261901855 836
1729130754754 0.15754400193691254 837
1729130759164 0.1237398013472557 838
1729130763581 0.05479203537106514 839
1729130768003 0.08167006820440292 840
1729130772409 0.10245829075574875 841
1729130776812 0.09437569230794907 842
1729130781232 0.17164313793182373 843
1729130785644 0.09372392296791077 844
1729130790058 0.05083750933408737 845
1729130794474 0.1652056723833084 846
1729130798911 0.11296304315328598 847
1729130803331 0.09158294647932053 848
1729130807757 0.2116350680589676 849
1729130812175 0.09173078089952469 850
1729130816595 0.1255485862493515 851
1729130821028 0.061448514461517334 852
1729130825444 0.12098495662212372 853
1729130829887 0.20415791869163513 854
1729130834312 0.143449604511261 855
1729130838713 0.11257250607013702 856
1729130843154 0.09369546175003052 857
1729130847569 0.1168907955288887 858
1729130851992 0.1074051707983017 859
1729130856419 0.14780288934707642 860
1729130860834 0.14136697351932526 861
1729130865252 0.08767341077327728 862
1729130869682 0.1666567325592041 863
1729130874114 0.08331795036792755 864
1729130878545 0.0540035218000412 865
1729130882960 0.14116330444812775 866
1729130887373 0.1616365909576416 867
1729130891787 0.12263070046901703 868
1729130896217 0.10339684784412384 869
1729130900636 0.1256510615348816 870
1729130905040 0.08398719131946564 871
1729130909453 0.14553256332874298 872
1729130913866 0.11051629483699799 873
1729130918303 0.1279141902923584 874
1729130922706 0.09055440872907639 875
1729130927132 0.18650665879249573 876
1729130931566 0.1112627387046814 877
1729130935975 0.10748688131570816 878
1729130940380 0.04556363448500633 879
1729130944779 0.06828165054321289 880
1729130949199 0.12773007154464722 881
1729130953617 0.07890136539936066 882
1729130958041 0.08055952936410904 883
1729130962454 0.1349295675754547 884
1729130966872 0.16349409520626068 885
1729130971287 0.07281167805194855 886
1729130975690 0.17771682143211365 887
1729130980114 0.10145367681980133 888
1729130984535 0.11014488339424133 889
1729130988971 0.13359922170639038 890
1729130993389 0.10346688330173492 891
1729130997787 0.10356944799423218 892
1729131002195 0.1021970584988594 893
1729131006595 0.05873488634824753 894
1729131011030 0.11881037801504135 895
1729131015446 0.12060122191905975 896
1729131019848 0.10884727537631989 897
1729131024267 0.1416957825422287 898
1729131028684 0.0833326131105423 899
1729131033149 0.11527975648641586 900
1729131037577 0.15067943930625916 901
1729131041995 0.08510258793830872 902
1729131046406 0.09216830134391785 903
1729131050817 0.07771450281143188 904
1729131055246 0.09417994320392609 905
1729131059679 0.10816559940576553 906
1729131064081 0.1515185534954071 907
1729131068503 0.11078031361103058 908
1729131072933 0.16295494139194489 909
1729131077361 0.12597160041332245 910
1729131081784 0.12659025192260742 911
1729131086199 0.09738291800022125 912
1729131090605 0.21673209965229034 913
1729131095003 0.059566155076026917 914
1729131099427 0.07372529804706573 915
1729131103847 0.06577306240797043 916
1729131108278 0.09028618037700653 917
1729131112700 0.10699416697025299 918
1729131117112 0.1002902090549469 919
1729131121533 0.07067955285310745 920
1729131125941 0.28518688678741455 921
1729131130370 0.11188465356826782 922
1729131134792 0.03725505620241165 923
1729131139198 0.12920518219470978 924
1729131143622 0.21329961717128754 925
1729131148044 0.06369420886039734 926
1729131152470 0.14612647891044617 927
1729131156894 0.10382013022899628 928
1729131161319 0.1271524429321289 929
1729131165742 0.10933138430118561 930
1729131170158 0.07621622830629349 931
1729131174583 0.104074627161026 932
1729131179036 0.1288369745016098 933
1729131183470 0.10103373229503632 934
1729131187894 0.06181409955024719 935
1729131192316 0.11162861436605453 936
1729131196742 0.15087245404720306 937
1729131201174 0.13508716225624084 938
1729131205591 0.13521890342235565 939
1729131210017 0.1196567565202713 940
1729131214444 0.08820316940546036 941
1729131218886 0.11471115052700043 942
1729131223323 0.1318177878856659 943
1729131227742 0.16371947526931763 944
1729131232154 0.07986089587211609 945
1729131236576 0.10574646294116974 946
1729131241006 0.438836932182312 947
1729131245418 0.1674143522977829 948
1729131249844 0.21274907886981964 949
1729131254277 0.1461932510137558 950
1729131258702 0.20600205659866333 951
1729131263121 0.06702062487602234 952
1729131267537 0.09523233026266098 953
1729131271976 0.13454732298851013 954
1729131276401 0.11013440787792206 955
1729131280830 0.06967978179454803 956
1729131285255 0.12282785773277283 957
1729131289675 0.12432987987995148 958
1729131294080 0.06404067575931549 959
1729131298514 0.1819910705089569 960
1729131302937 0.06675589084625244 961
1729131307363 0.10810546576976776 962
1729131311783 0.11111809313297272 963
1729131316214 0.11173363029956818 964
1729131320633 0.10939406603574753 965
1729131325051 0.08000978827476501 966
1729131329471 0.10195280611515045 967
1729131333910 0.1252496987581253 968
1729131338339 0.18972012400627136 969
1729131342753 0.0955115258693695 970
1729131347159 0.10792060196399689 971
1729131351588 0.07089025527238846 972
1729131356016 0.13996253907680511 973
1729131360437 0.10851181298494339 974
1729131364830 0.07193569839000702 975
1729131369246 0.07199710607528687 976
1729131373644 0.09367649257183075 977
1729131378072 0.1270681619644165 978
1729131382481 0.13483700156211853 979
1729131386893 0.1102953776717186 980
1729131391304 0.2354649305343628 981
1729131395731 0.09924304485321045 982
1729131400143 0.1306193619966507 983
1729131404555 0.13521097600460052 984
1729131408966 0.0844152644276619 985
1729131413376 0.10033546388149261 986
1729131417778 0.07876130938529968 987
1729131422203 0.14395830035209656 988
1729131426616 0.131303071975708 989
1729131431035 0.1374727338552475 990
1729131435464 0.14281342923641205 991
1729131439918 0.2472572773694992 992
1729131444327 0.09775261580944061 993
1729131448745 0.09565329551696777 994
1729131453172 0.1417769342660904 995
1729131457600 0.14651265740394592 996
1729131462031 0.040621425956487656 997
1729131466445 0.1565437614917755 998
1729131470852 0.09428482502698898 999
1729131475280 0.06654444336891174 1000
1729131662820 0.07489018142223358 1001
1729131667220 0.0981997400522232 1002
1729131671603 0.06407178938388824 1003
1729131676003 0.11788564175367355 1004
1729131680429 0.16528165340423584 1005
1729131684823 0.07335884869098663 1006
1729131689223 0.09462069720029831 1007
1729131693619 0.11434374749660492 1008
1729131698028 0.08658072352409363 1009
1729131702430 0.13471201062202454 1010
1729131706821 0.1143718808889389 1011
1729131711210 0.07524736225605011 1012
1729131715616 0.12460099160671234 1013
1729131720019 0.1423417180776596 1014
1729131724425 0.10947613418102264 1015
1729131728816 0.19657929241657257 1016
1729131733206 0.12014152854681015 1017
1729131737623 0.0860033854842186 1018
1729131742051 0.09267672896385193 1019
1729131746487 0.16887111961841583 1020
1729131750878 0.13980619609355927 1021
1729131755282 0.12427203357219696 1022
1729131759685 0.12073853611946106 1023
1729131764094 0.14747214317321777 1024
1729131768493 0.0806727334856987 1025
1729131772906 0.10371437668800354 1026
1729131777306 0.08080969750881195 1027
1729131781715 0.14635105431079865 1028
1729131786116 0.11594024300575256 1029
1729131790530 0.10448844730854034 1030
1729131794938 0.17188408970832825 1031
1729131799346 0.07856432348489761 1032
1729131803765 0.10330421477556229 1033
1729131808161 0.10267274081707001 1034
1729131812581 0.13513660430908203 1035
1729131816987 0.08693063259124756 1036
1729131821399 0.10898223519325256 1037
1729131825814 0.0793328732252121 1038
1729131830220 0.06980213522911072 1039
1729131834648 0.2051754891872406 1040
1729131839064 0.0924655944108963 1041
1729131843483 0.1530773937702179 1042
1729131847896 0.08756262063980103 1043
1729131852287 0.07804442197084427 1044
1729131856708 0.13157658278942108 1045
1729131861124 0.14240896701812744 1046
1729131865555 0.0708928033709526 1047
1729131869976 0.08388569205999374 1048
1729131874390 0.08503174781799316 1049
1729131878811 0.15159578621387482 1050
1729131883210 0.07504642754793167 1051
1729131887622 0.1226571723818779 1052
1729131892042 0.12968502938747406 1053
1729131896469 0.0799180418252945 1054
1729131900891 0.08487245440483093 1055
1729131905296 0.09060703217983246 1056
1729131909700 0.10126025229692459 1057
1729131914109 0.09314754605293274 1058
1729131918530 0.12505777180194855 1059
1729131922958 0.12629342079162598 1060
1729131927376 0.1103329211473465 1061
1729131931788 0.12157448381185532 1062
1729131936198 0.18086501955986023 1063
1729131940626 0.0758051723241806 1064
1729131945049 0.14460238814353943 1065
1729131949459 0.10863645374774933 1066
1729131953865 0.10937467962503433 1067
1729131958288 0.10906826704740524 1068
1729131962688 0.1407475620508194 1069
1729131967109 0.12403914332389832 1070
1729131971510 0.10836109519004822 1071
1729131975903 0.06292663514614105 1072
1729131980321 0.09422015398740768 1073
1729131984721 0.07359841465950012 1074
1729131989140 0.08479656279087067 1075
1729131993546 0.12184081226587296 1076
1729131997954 0.1293405145406723 1077
1729132002363 0.1240818202495575 1078
1729132006763 0.11760212481021881 1079
1729132011167 0.13244566321372986 1080
1729132015573 0.04852395877242088 1081
1729132019986 0.14929522573947906 1082
1729132024406 0.08342790603637695 1083
1729132028827 0.13936614990234375 1084
1729132033250 0.10479691624641418 1085
1729132037664 0.21196332573890686 1086
1729132042067 0.13291281461715698 1087
1729132046504 0.11768708378076553 1088
1729132050914 0.10027334094047546 1089
1729132055331 0.11721702665090561 1090
1729132059745 0.03798089176416397 1091
1729132064172 0.15448974072933197 1092
1729132068617 0.08701790124177933 1093
1729132073018 0.07419850677251816 1094
1729132077453 0.09986820816993713 1095
1729132081862 0.10214032232761383 1096
1729132086254 0.07334603369235992 1097
1729132090679 0.10972899198532104 1098
1729132095087 0.13189221918582916 1099
1729132099481 0.11070694029331207 1100
1729132103890 0.2843533158302307 1101
1729132108307 0.10325396806001663 1102
1729132112727 0.2499120831489563 1103
1729132117136 0.12301312386989594 1104
1729132121561 0.11134184896945953 1105
1729132125960 0.10368045419454575 1106
1729132130365 0.10933564603328705 1107
1729132134771 0.12595942616462708 1108
1729132139169 0.10737728327512741 1109
1729132143585 0.1363796442747116 1110
1729132147984 0.0944189727306366 1111
1729132152388 0.10354121029376984 1112
1729132156802 0.13398480415344238 1113
1729132161220 0.11406554281711578 1114
1729132165595 0.03801707923412323 1115
1729132170022 0.11098217964172363 1116
1729132174417 0.05824633687734604 1117
1729132178823 0.09794092178344727 1118
1729132183229 0.12127931416034698 1119
1729132187635 0.07674719393253326 1120
1729132192040 0.09805947542190552 1121
1729132196446 0.07305379211902618 1122
1729132200852 0.13079670071601868 1123
1729132205262 0.10950497537851334 1124
1729132209673 0.1364644318819046 1125
1729132214089 0.12465398013591766 1126
1729132218479 0.1413361132144928 1127
1729132222881 0.10760685801506042 1128
1729132227290 0.1421067714691162 1129
1729132231692 0.09445641934871674 1130
1729132236087 0.10713018476963043 1131
1729132240494 0.1224854439496994 1132
1729132244898 0.13864333927631378 1133
1729132249325 0.1327611207962036 1134
1729132253722 0.06597167998552322 1135
1729132258119 0.05098197981715202 1136
1729132262515 0.1905047595500946 1137
1729132266915 0.1344212144613266 1138
1729132271328 0.09617873281240463 1139
1729132275723 0.09239207208156586 1140
1729132280141 0.07598677277565002 1141
1729132284564 0.07677965611219406 1142
1729132289063 0.06651844084262848 1143
1729132293463 0.09731186926364899 1144
1729132297869 0.09505988657474518 1145
1729132302290 0.08464530110359192 1146
1729132306698 0.06477721035480499 1147
1729132311102 0.11959901452064514 1148
1729132315515 0.11691632866859436 1149
1729132319929 0.1331573724746704 1150
1729132324326 0.1351623833179474 1151
1729132328728 0.06376440823078156 1152
1729132333135 0.09407678246498108 1153
1729132337533 0.053218480199575424 1154
1729132341946 0.12010672688484192 1155
1729132346355 0.09366653114557266 1156
1729132350761 0.056274063885211945 1157
1729132355163 0.1599956601858139 1158
1729132359590 0.13806574046611786 1159
1729132364005 0.06663236021995544 1160
1729132368430 0.12711960077285767 1161
1729132372835 0.11085350811481476 1162
1729132377256 0.1455214023590088 1163
1729132381672 0.12137334048748016 1164
1729132386083 0.09321068227291107 1165
1729132390493 0.10756754875183105 1166
1729132394905 0.06801693141460419 1167
1729132399315 0.13343295454978943 1168
1729132403726 0.06869199872016907 1169
1729132408133 0.11934272944927216 1170
1729132412532 0.06364528089761734 1171
1729132416946 0.08116735517978668 1172
1729132421350 0.09999663382768631 1173
1729132425770 0.20026978850364685 1174
1729132430173 0.12417788058519363 1175
1729132434595 0.1042562946677208 1176
1729132438995 0.0678042471408844 1177
1729132443391 0.09912826120853424 1178
1729132447797 0.13911336660385132 1179
1729132452208 0.08900046348571777 1180
1729132456613 0.08503110706806183 1181
1729132461004 0.12305048108100891 1182
1729132465409 0.1343172788619995 1183
1729132469823 0.1091228723526001 1184
1729132474230 0.13553839921951294 1185
1729132478635 0.07952036708593369 1186
1729132483047 0.09704552590847015 1187
1729132487469 0.15233175456523895 1188
1729132491872 0.08707733452320099 1189
1729132496287 0.10443327575922012 1190
1729132500696 0.33313044905662537 1191
1729132505101 0.17698687314987183 1192
1729132509502 0.08475831151008606 1193
1729132513922 0.09702283889055252 1194
1729132518331 0.15910807251930237 1195
1729132522734 0.2246510237455368 1196
1729132527133 0.1386604607105255 1197
1729132531551 0.052529044449329376 1198
1729132535946 0.05238203704357147 1199
1729132540372 0.16793014109134674 1200
1729132544789 0.11027374863624573 1201
1729132549206 0.09722451865673065 1202
1729132553622 0.10529425740242004 1203
1729132558032 0.14946165680885315 1204
1729132562454 0.16868475079536438 1205
1729132566851 0.06916992366313934 1206
1729132571252 0.07997776567935944 1207
1729132575655 0.1070811003446579 1208
1729132580057 0.10019181668758392 1209
1729132584473 0.1624700427055359 1210
1729132588919 0.34246525168418884 1211
1729132593347 0.16057470440864563 1212
1729132597754 0.11930862069129944 1213
1729132602149 0.11340267956256866 1214
1729132606550 0.13184386491775513 1215
1729132610952 0.11010932922363281 1216
1729132615351 0.11582247912883759 1217
1729132619754 0.12855681777000427 1218
1729132624153 0.09921300411224365 1219
1729132628570 0.16758912801742554 1220
1729132632974 0.13728299736976624 1221
1729132637371 0.050791770219802856 1222
1729132641768 0.1260313242673874 1223
1729132646189 0.10410432517528534 1224
1729132650598 0.10731001198291779 1225
1729132655013 0.1635269820690155 1226
1729132659408 0.10259553045034409 1227
1729132663808 0.1083228588104248 1228
1729132668214 0.15297672152519226 1229
1729132672614 0.08292623609304428 1230
1729132677015 0.08028831332921982 1231
1729132681423 0.10724395513534546 1232
1729132685825 0.1147993877530098 1233
1729132690232 0.15789449214935303 1234
1729132694646 0.08339256048202515 1235
1729132699050 0.13987687230110168 1236
1729132703451 0.11287564039230347 1237
1729132707849 0.10740213841199875 1238
1729132712245 0.07603812217712402 1239
1729132716667 0.09796389937400818 1240
1729132721079 0.12144827097654343 1241
1729132725477 0.18016523122787476 1242
1729132729887 0.11210580170154572 1243
1729132734288 0.09553021937608719 1244
1729132738689 0.09893514961004257 1245
1729132743088 0.10433885455131531 1246
1729132747501 0.11687293648719788 1247
1729132751915 0.14099940657615662 1248
1729132756321 0.11123692244291306 1249
1729132760728 0.15767931938171387 1250
1729132765135 0.14485877752304077 1251
1729132769548 0.1306174248456955 1252
1729132773974 0.20197239518165588 1253
1729132778375 0.06837135553359985 1254
1729132782778 0.13701188564300537 1255
1729132787200 0.11229970306158066 1256
1729132791599 0.11539599299430847 1257
1729132796016 0.10029278695583344 1258
1729132800423 0.18616211414337158 1259
1729132804839 0.21207165718078613 1260
1729132809256 0.10535834729671478 1261
1729132813657 0.15173810720443726 1262
1729132818070 0.0979270488023758 1263
1729132822470 0.09939141571521759 1264
1729132826856 0.0273674838244915 1265
1729132831255 0.0714941918849945 1266
1729132835659 0.11509102582931519 1267
1729132840056 0.06211415305733681 1268
1729132844469 0.2293325960636139 1269
1729132848870 0.1322963833808899 1270
1729132853280 0.15036439895629883 1271
1729132857689 0.09358873963356018 1272
1729132862101 0.12461057305335999 1273
1729132866512 0.1479261964559555 1274
1729132870917 0.15031810104846954 1275
1729132875318 0.12912389636039734 1276
1729132879728 0.10665151476860046 1277
1729132884135 0.08606468141078949 1278
1729132888554 0.19326584041118622 1279
1729132892972 0.16474342346191406 1280
1729132897370 0.07391566038131714 1281
1729132901758 0.11190810799598694 1282
1729132906156 0.08174708485603333 1283
1729132910568 0.11439135670661926 1284
1729132914981 0.22254742681980133 1285
1729132919382 0.10243788361549377 1286
1729132923793 0.06684049963951111 1287
1729132928192 0.09811271727085114 1288
1729132932591 0.0936732068657875 1289
1729132936996 0.0877760648727417 1290
1729132941399 0.12258778512477875 1291
1729132945801 0.11400559544563293 1292
1729132950196 0.053551964461803436 1293
1729132954609 0.11476390063762665 1294
1729132959017 0.09584466367959976 1295
1729132963421 0.08970692753791809 1296
1729132967826 0.2558823525905609 1297
1729132972233 0.15661247074604034 1298
1729132976636 0.11246441304683685 1299
1729132981047 0.08462212979793549 1300
1729132985448 0.14989742636680603 1301
1729132989864 0.17573603987693787 1302
1729132994281 0.11853036284446716 1303
1729132998694 0.10813654959201813 1304
1729133003091 0.05349583923816681 1305
1729133007495 0.09445129334926605 1306
1729133011901 0.09958192706108093 1307
1729133016312 0.09935623407363892 1308
1729133020718 0.08418826758861542 1309
1729133025124 0.06955482065677643 1310
1729133029545 0.11569938063621521 1311
1729133033957 0.11314152926206589 1312
1729133038370 0.07512665539979935 1313
1729133042757 0.10536911338567734 1314
1729133047153 0.07412546873092651 1315
1729133051554 0.24546021223068237 1316
1729133055968 0.11225895583629608 1317
1729133060371 0.08272765576839447 1318
1729133064783 0.08758348971605301 1319
1729133069198 0.1136070191860199 1320
1729133073604 0.1394234299659729 1321
1729133078002 0.06034728139638901 1322
1729133082429 0.1910305917263031 1323
1729133086831 0.19146084785461426 1324
1729133091239 0.18033277988433838 1325
1729133095652 0.12018997967243195 1326
1729133100058 0.09895744919776917 1327
1729133104472 0.09806185960769653 1328
1729133108878 0.09220527112483978 1329
1729133113282 0.08195263892412186 1330
1729133117687 0.08652295172214508 1331
1729133122085 0.14945855736732483 1332
1729133126501 0.10722526907920837 1333
1729133130918 0.1023424044251442 1334
1729133135337 0.10457232594490051 1335
1729133139745 0.10287441313266754 1336
1729133144157 0.13228394091129303 1337
1729133148566 0.151555597782135 1338
1729133152974 0.08804592490196228 1339
1729133157395 0.12120172381401062 1340
1729133161796 0.09813214838504791 1341
1729133166192 0.08705516159534454 1342
1729133170603 0.17521923780441284 1343
1729133175019 0.19474685192108154 1344
1729133179413 0.06583546102046967 1345
1729133183822 0.14786814153194427 1346
1729133188226 0.08835312724113464 1347
1729133192637 0.09462392330169678 1348
1729133197046 0.13266904652118683 1349
1729133201447 0.11087781935930252 1350
1729133205843 0.13362270593643188 1351
1729133210257 0.08493521064519882 1352
1729133214673 0.12417470663785934 1353
1729133219094 0.11623453348875046 1354
1729133223495 0.09872576594352722 1355
1729133227902 0.06943538784980774 1356
1729133232296 0.11162839829921722 1357
1729133236697 0.19133788347244263 1358
1729133241103 0.12306466698646545 1359
1729133245490 0.14070606231689453 1360
1729133249880 0.09348227083683014 1361
1729133254284 0.13977378606796265 1362
1729133258722 0.10474227368831635 1363
1729133263129 0.10461857914924622 1364
1729133267540 0.1038658618927002 1365
1729133271956 0.094149649143219 1366
1729133276354 0.0675583928823471 1367
1729133280749 0.056763917207717896 1368
1729133285169 0.040715232491493225 1369
1729133289582 0.09168160706758499 1370
1729133294000 0.1452900469303131 1371
1729133298397 0.09064476191997528 1372
1729133302816 0.0881158635020256 1373
1729133307202 0.04983054846525192 1374
1729133311604 0.12647560238838196 1375
1729133316007 0.1012934148311615 1376
1729133320424 0.20177023112773895 1377
1729133324836 0.09040132164955139 1378
1729133329244 0.21798747777938843 1379
1729133333641 0.03024483472108841 1380
1729133338051 0.06857569515705109 1381
1729133342459 0.30048540234565735 1382
1729133346853 0.08785633742809296 1383
1729133351262 0.14333918690681458 1384
1729133355664 0.11333306133747101 1385
1729133360131 0.17145371437072754 1386
1729133364548 0.10267665237188339 1387
1729133368950 0.212510883808136 1388
1729133373365 0.12727390229701996 1389
1729133377770 0.0984024628996849 1390
1729133382186 0.14749054610729218 1391
1729133386593 0.056894220411777496 1392
1729133390997 0.1564696580171585 1393
1729133395411 0.1916085183620453 1394
1729133399802 0.12213476747274399 1395
1729133404214 0.13164068758487701 1396
1729133408617 0.14724001288414001 1397
1729133413021 0.09415317326784134 1398
1729133417425 0.12003754079341888 1399
1729133421832 0.1429126262664795 1400
1729133426243 0.19422531127929688 1401
1729133430663 0.2062651365995407 1402
1729133435061 0.11944743245840073 1403
1729133439477 0.11963336169719696 1404
1729133443890 0.130833238363266 1405
1729133448285 0.08707588165998459 1406
1729133452705 0.07559893280267715 1407
1729133457110 0.07799703627824783 1408
1729133461530 0.1026446521282196 1409
1729133465965 0.09364159405231476 1410
1729133470381 0.08251789212226868 1411
1729133474790 0.1273324191570282 1412
1729133479211 0.13788114488124847 1413
1729133483610 0.13422542810440063 1414
1729133488020 0.17448276281356812 1415
1729133492426 0.06301657855510712 1416
1729133496840 0.11542149633169174 1417
1729133501252 0.10143395513296127 1418
1729133505662 0.14860889315605164 1419
1729133510061 0.07593296468257904 1420
1729133514466 0.11607998609542847 1421
1729133518885 0.06558766961097717 1422
1729133523291 0.2601025104522705 1423
1729133527702 0.16141590476036072 1424
1729133532105 0.08053946495056152 1425
1729133536516 0.115621417760849 1426
1729133540933 0.14476260542869568 1427
1729133545328 0.11266161501407623 1428
1729133549739 0.09554126113653183 1429
1729133554142 0.10947766155004501 1430
1729133558545 0.0807267352938652 1431
1729133562951 0.14368508756160736 1432
1729133567352 0.1683366894721985 1433
1729133571759 0.1103961318731308 1434
1729133576162 0.10471060872077942 1435
1729133580584 0.1482134759426117 1436
1729133584975 0.04634702950716019 1437
1729133589367 0.07862071692943573 1438
1729133593773 0.19234418869018555 1439
1729133598179 0.13460701704025269 1440
1729133602579 0.1139286458492279 1441
1729133606982 0.15384618937969208 1442
1729133611387 0.08811730146408081 1443
1729133615801 0.12500280141830444 1444
1729133620207 0.053262945264577866 1445
1729133624608 0.12155643105506897 1446
1729133629011 0.0996512919664383 1447
1729133633419 0.09707550704479218 1448
1729133637819 0.09296618402004242 1449
1729133642231 0.1049598753452301 1450
1729133646633 0.1064700111746788 1451
1729133651038 0.09845831990242004 1452
1729133655447 0.10645144432783127 1453
1729133659847 0.1002805083990097 1454
1729133664250 0.1027672067284584 1455
1729133668666 0.09985941648483276 1456
1729133673059 0.08010806143283844 1457
1729133677453 0.12516045570373535 1458
1729133681859 0.09840557724237442 1459
1729133686275 0.07307606935501099 1460
1729133690679 0.11146390438079834 1461
1729133695075 0.10680361092090607 1462
1729133699485 0.20463354885578156 1463
1729133703869 0.09583398699760437 1464
1729133708268 0.1226394921541214 1465
1729133712681 0.10824620723724365 1466
1729133717085 0.1477547287940979 1467
1729133721498 0.09113505482673645 1468
1729133725903 0.11235345155000687 1469
1729133730297 0.05258416756987572 1470
1729133734703 0.1241258904337883 1471
1729133739120 0.12139725685119629 1472
1729133743521 0.1375321000814438 1473
1729133747946 0.16255570948123932 1474
1729133752354 0.1488601267337799 1475
1729133756766 0.11806810647249222 1476
1729133761179 0.09329386055469513 1477
1729133765605 0.17028392851352692 1478
1729133770008 0.17841361463069916 1479
1729133774422 0.09113490581512451 1480
1729133778820 0.05211742967367172 1481
1729133783224 0.07185616344213486 1482
1729133787633 0.10692661255598068 1483
1729133792055 0.10778147727251053 1484
1729133796450 0.061930324882268906 1485
1729133800849 0.07550307363271713 1486
1729133805270 0.11577274650335312 1487
1729133809671 0.2049049437046051 1488
1729133814079 0.16447779536247253 1489
1729133818483 0.1575797200202942 1490
1729133822890 0.12280646711587906 1491
1729133827308 0.17569512128829956 1492
1729133831714 0.12545146048069 1493
1729133836128 0.11805057525634766 1494
1729133840534 0.10809972137212753 1495
1729133844951 0.062373921275138855 1496
1729133849364 0.1236228495836258 1497
1729133853782 0.17861148715019226 1498
1729133858186 0.20278067886829376 1499
1729133862575 0.19954097270965576 1500
1729133866983 0.10760539025068283 1501
1729133871393 0.21883317828178406 1502
1729133875808 0.20147868990898132 1503
1729133880192 0.06333326548337936 1504
1729133884604 0.1051316037774086 1505
1729133889028 0.10314998030662537 1506
1729133893427 0.11825709789991379 1507
1729133897843 0.15051484107971191 1508
1729133902246 0.10920464992523193 1509
1729133906652 0.07448769360780716 1510
1729133911064 0.05984000489115715 1511
1729133915483 0.1701786071062088 1512
1729133919902 0.09849607944488525 1513
1729133924332 0.08818793296813965 1514
1729133928757 0.13478317856788635 1515
1729133933156 0.06602103263139725 1516
1729133937571 0.11870431900024414 1517
1729133941987 0.12643295526504517 1518
1729133946385 0.11291970312595367 1519
1729133950781 0.11236245185136795 1520
1729133955184 0.10482541471719742 1521
1729133959578 0.09379231184720993 1522
1729133963986 0.14086055755615234 1523
1729133968395 0.09993715584278107 1524
1729133972808 0.22591045498847961 1525
1729133977228 0.11621396243572235 1526
1729133981638 0.1935243010520935 1527
1729133986016 0.06382253766059875 1528
1729133990410 0.09221933782100677 1529
1729133994831 0.1814209371805191 1530
1729133999225 0.09416861832141876 1531
1729134003619 0.06866656243801117 1532
1729134008020 0.14872288703918457 1533
1729134012425 0.10116038471460342 1534
1729134016831 0.12173490971326828 1535
1729134021221 0.08202043175697327 1536
1729134025626 0.08405473083257675 1537
1729134030026 0.11555400490760803 1538
1729134034424 0.06041343882679939 1539
1729134038835 0.13736176490783691 1540
1729134043233 0.08896147459745407 1541
1729134047638 0.24512749910354614 1542
1729134052045 0.07809879630804062 1543
1729134056452 0.11459755897521973 1544
1729134060856 0.10706684738397598 1545
1729134065271 0.10491065680980682 1546
1729134069676 0.10247078537940979 1547
1729134074078 0.1581459790468216 1548
1729134078497 0.10348774492740631 1549
1729134082911 0.08242833614349365 1550
1729134087317 0.13954854011535645 1551
1729134091738 0.1197456419467926 1552
1729134096159 0.19611439108848572 1553
1729134100576 0.11174090206623077 1554
1729134104982 0.11254280805587769 1555
1729134109391 0.21894028782844543 1556
1729134113792 0.06253373622894287 1557
1729134118206 0.11118840426206589 1558
1729134122610 0.1504296362400055 1559
1729134127035 0.15851664543151855 1560
1729134131434 0.08051769435405731 1561
1729134135838 0.10431228578090668 1562
1729134140246 0.10879924148321152 1563
1729134144654 0.154401957988739 1564
1729134149060 0.12519553303718567 1565
1729134153474 0.08434934169054031 1566
1729134157871 0.08104440569877625 1567
1729134162278 0.11198229342699051 1568
1729134166679 0.09826691448688507 1569
1729134171087 0.09922079741954803 1570
1729134175484 0.06884150207042694 1571
1729134179888 0.1448102593421936 1572
1729134184286 0.1358080804347992 1573
1729134188688 0.15356427431106567 1574
1729134193097 0.09534749388694763 1575
1729134197502 0.09054237604141235 1576
1729134201900 0.1261853575706482 1577
1729134206302 0.07072882354259491 1578
1729134210698 0.21085038781166077 1579
1729134215114 0.11983562260866165 1580
1729134219519 0.11479467898607254 1581
1729134223928 0.07486672699451447 1582
1729134228351 0.12657688558101654 1583
1729134232756 0.09914951026439667 1584
1729134237160 0.10280679166316986 1585
1729134241556 0.1411210000514984 1586
1729134245960 0.1101347804069519 1587
1729134250369 0.10418439656496048 1588
1729134254775 0.1125599667429924 1589
1729134259175 0.12578842043876648 1590
1729134263595 0.1392023265361786 1591
1729134268009 0.06560841202735901 1592
1729134272412 0.11161711066961288 1593
1729134276891 0.07957764714956284 1594
1729134281291 0.18392959237098694 1595
1729134285704 0.1050216555595398 1596
1729134290107 0.06942315399646759 1597
1729134294508 0.09384549409151077 1598
1729134298907 0.10414381325244904 1599
1729134303315 0.07129507511854172 1600
1729134307728 0.15390034019947052 1601
1729134312156 0.14433544874191284 1602
1729134316559 0.12393473088741302 1603
1729134320975 0.15437264740467072 1604
1729134325381 0.10841569304466248 1605
1729134329787 0.12008945643901825 1606
1729134334194 0.05062614753842354 1607
1729134338591 0.10807310044765472 1608
1729134342984 0.06791644543409348 1609
1729134347378 0.13464650511741638 1610
1729134351773 0.07011426985263824 1611
1729134356169 0.08783109486103058 1612
1729134360569 0.08812430500984192 1613
1729134364958 0.10150638222694397 1614
1729134369361 0.1361415982246399 1615
1729134373759 0.10255908966064453 1616
1729134378157 0.09480293840169907 1617
1729134382552 0.13691696524620056 1618
1729134386958 0.1878337264060974 1619
1729134391361 0.30532246828079224 1620
1729134395762 0.1220904290676117 1621
1729134400172 0.17011624574661255 1622
1729134404579 0.10547113418579102 1623
1729134408980 0.11029576510190964 1624
1729134413394 0.09812173247337341 1625
1729134417813 0.191714808344841 1626
1729134422207 0.07257705926895142 1627
1729134426613 0.12010021507740021 1628
1729134431043 0.1084112673997879 1629
1729134435444 0.11482865363359451 1630
1729134439863 0.15207290649414062 1631
1729134444278 0.10339667648077011 1632
1729134448690 0.07844991236925125 1633
1729134453111 0.09821727871894836 1634
1729134457516 0.08875355124473572 1635
1729134461933 0.11951178312301636 1636
1729134466342 0.09771208465099335 1637
1729134470735 0.06400169432163239 1638
1729134475142 0.12783506512641907 1639
1729134479559 0.14545387029647827 1640
1729134483960 0.13598117232322693 1641
1729134488363 0.08411851525306702 1642
1729134492800 0.1722332388162613 1643
1729134497204 0.12811487913131714 1644
1729134501609 0.06660682708024979 1645
1729134506012 0.10569430887699127 1646
1729134510435 0.11017964780330658 1647
1729134514841 0.09309902787208557 1648
1729134519242 0.10183033347129822 1649
1729134523644 0.14236284792423248 1650
1729134528043 0.10975152254104614 1651
1729134532438 0.07374633848667145 1652
1729134536845 0.16280290484428406 1653
1729134541279 0.13677705824375153 1654
1729134545687 0.05860525369644165 1655
1729134550100 0.14036720991134644 1656
1729134554501 0.1786688268184662 1657
1729134558902 0.09831217676401138 1658
1729134563301 0.19735154509544373 1659
1729134567697 0.09299702942371368 1660
1729134572109 0.09605463594198227 1661
1729134576514 0.07182321697473526 1662
1729134580911 0.12066569924354553 1663
1729134585311 0.18463104963302612 1664
1729134589711 0.10099264979362488 1665
1729134594113 0.09882114827632904 1666
1729134598514 0.11262159049510956 1667
1729134602938 0.17241674661636353 1668
1729134607343 0.10726253688335419 1669
1729134611744 0.09619895368814468 1670
1729134616154 0.11215515434741974 1671
1729134620564 0.09094379842281342 1672
1729134624976 0.11264682561159134 1673
1729134629380 0.07962007075548172 1674
1729134633770 0.07458485662937164 1675
1729134638154 0.08538930863142014 1676
1729134642545 0.08505795896053314 1677
1729134646945 0.08415784686803818 1678
1729134651346 0.23193201422691345 1679
1729134655735 0.23085898160934448 1680
1729134660135 0.08873298764228821 1681
1729134664537 0.08168698102235794 1682
1729134668940 0.1500125527381897 1683
1729134673336 0.17462307214736938 1684
1729134677736 0.15034878253936768 1685
1729134682139 0.12256315350532532 1686
1729134686527 0.07506249099969864 1687
1729134690923 0.14898240566253662 1688
1729134695318 0.11174403876066208 1689
1729134699712 0.07136755436658859 1690
1729134704115 0.11508330702781677 1691
1729134708506 0.13886204361915588 1692
1729134712910 0.1058865413069725 1693
1729134717299 0.07973043620586395 1694
1729134721704 0.12897749245166779 1695
1729134726102 0.08764182031154633 1696
1729134730492 0.0728110820055008 1697
1729134734894 0.139439195394516 1698
1729134739298 0.08215503394603729 1699
1729134743701 0.08793564885854721 1700
1729134748098 0.08068721741437912 1701
1729134752476 0.12080692499876022 1702
1729134756882 0.10051897168159485 1703
1729134761277 0.08267740905284882 1704
1729134765682 0.1833048164844513 1705
1729134770085 0.11196786165237427 1706
1729134774470 0.07726108282804489 1707
1729134778876 0.06542651355266571 1708
1729134783289 0.10337704420089722 1709
1729134787700 0.18815740942955017 1710
1729134792113 0.0629454106092453 1711
1729134796515 0.09315761923789978 1712
1729134800912 0.26340362429618835 1713
1729134805315 0.0784294530749321 1714
1729134809726 0.09469972550868988 1715
1729134814116 0.356544554233551 1716
1729134818506 0.05812586098909378 1717
1729134822916 0.11799037456512451 1718
1729134827342 0.20591981709003448 1719
1729134831756 0.12916108965873718 1720
1729134836163 0.10175782442092896 1721
1729134840564 0.06708095967769623 1722
1729134844953 0.13159748911857605 1723
1729134849357 0.09611912071704865 1724
1729134853766 0.11695563793182373 1725
1729134858156 0.05927193537354469 1726
1729134862565 0.08762136101722717 1727
1729134866977 0.08026047796010971 1728
1729134871382 0.09049855917692184 1729
1729134875790 0.1842922866344452 1730
1729134880190 0.05824956297874451 1731
1729134884599 0.18382561206817627 1732
1729134889004 0.13226735591888428 1733
1729134893419 0.17190897464752197 1734
1729134897828 0.10760170221328735 1735
1729134902236 0.1104310154914856 1736
1729134906641 0.23299425840377808 1737
1729134911044 0.0947868824005127 1738
1729134915447 0.20856240391731262 1739
1729134919843 0.2293093502521515 1740
1729134924242 0.20040777325630188 1741
1729134928661 0.1381271779537201 1742
1729134933069 0.15211760997772217 1743
1729134937470 0.12534549832344055 1744
1729134941877 0.12781688570976257 1745
1729134946279 0.11269471049308777 1746
1729134950685 0.11181806772947311 1747
1729134955080 0.09345746785402298 1748
1729134959490 0.12851166725158691 1749
1729134963896 0.07499666512012482 1750
1729134968298 0.07146172970533371 1751
1729134972697 0.0766029953956604 1752
1729134977111 0.18426524102687836 1753
1729134981521 0.10918058454990387 1754
1729134985944 0.15082332491874695 1755
1729134990343 0.10221486538648605 1756
1729134994751 0.20012862980365753 1757
1729134999165 0.06778110563755035 1758
1729135003562 0.06824871152639389 1759
1729135007976 0.11732584238052368 1760
1729135012378 0.06004266440868378 1761
1729135016797 0.1152009665966034 1762
1729135021209 0.11522552371025085 1763
1729135025607 0.08952097594738007 1764
1729135030021 0.12478427588939667 1765
1729135034420 0.08712436258792877 1766
1729135038815 0.09052479267120361 1767
1729135043219 0.08284282684326172 1768
1729135047638 0.1089991107583046 1769
1729135052045 0.11255539953708649 1770
1729135056452 0.14387956261634827 1771
1729135060859 0.12201173603534698 1772
1729135065271 0.16130468249320984 1773
1729135069672 0.11904184520244598 1774
1729135074078 0.06961054354906082 1775
1729135078483 0.11993041634559631 1776
1729135082889 0.16805347800254822 1777
1729135087299 0.13559964299201965 1778
1729135091698 0.08363272249698639 1779
1729135096089 0.09643514454364777 1780
1729135100490 0.1751963198184967 1781
1729135104895 0.1319923996925354 1782
1729135109306 0.1934395432472229 1783
1729135113708 0.15891201794147491 1784
1729135118108 0.10087335109710693 1785
1729135122511 0.11225127428770065 1786
1729135126917 0.08484333753585815 1787
1729135131319 0.08652721345424652 1788
1729135135724 0.07630479335784912 1789
1729135140123 0.12267361581325531 1790
1729135144527 0.09111760556697845 1791
1729135148931 0.13244059681892395 1792
1729135153341 0.112851083278656 1793
1729135157760 0.07980629056692123 1794
1729135162180 0.138326495885849 1795
1729135166583 0.11264204978942871 1796
1729135170990 0.10452195256948471 1797
1729135175387 0.10443875193595886 1798
1729135179786 0.1019572913646698 1799
1729135184177 0.0675148144364357 1800
1729135188580 0.14995229244232178 1801
1729135192988 0.1363121122121811 1802
1729135197391 0.1263629049062729 1803
1729135201785 0.08592651039361954 1804
1729135206183 0.11032737791538239 1805
1729135210594 0.1507149189710617 1806
1729135215005 0.11012512445449829 1807
1729135219408 0.14977501332759857 1808
1729135223809 0.11370347440242767 1809
1729135228208 0.09804655611515045 1810
1729135232614 0.1449756622314453 1811
1729135237020 0.08883725106716156 1812
1729135241432 0.10563880950212479 1813
1729135245847 0.1455136090517044 1814
1729135250253 0.08724217116832733 1815
1729135254649 0.057017289102077484 1816
1729135259052 0.08323918282985687 1817
1729135263459 0.12619544565677643 1818
1729135267854 0.2478870451450348 1819
1729135272256 0.09640482068061829 1820
1729135276670 0.18140456080436707 1821
1729135281081 0.10896417498588562 1822
1729135285485 0.10362227261066437 1823
1729135289886 0.10344286262989044 1824
1729135294300 0.1346740573644638 1825
1729135298701 0.07233253866434097 1826
1729135303100 0.08371894061565399 1827
1729135307505 0.18477776646614075 1828
1729135311900 0.1105797067284584 1829
1729135316301 0.06756192445755005 1830
1729135320703 0.1467483639717102 1831
1729135325094 0.109340600669384 1832
1729135329488 0.09089506417512894 1833
1729135333892 0.10424421727657318 1834
1729135338296 0.09955663233995438 1835
1729135342701 0.11229841411113739 1836
1729135347109 0.12922225892543793 1837
1729135351530 0.10660170018672943 1838
1729135355934 0.09214378893375397 1839
1729135360336 0.1819046139717102 1840
1729135364747 0.09629769623279572 1841
1729135369155 0.12798236310482025 1842
1729135373562 0.1077229306101799 1843
1729135377965 0.10955184698104858 1844
1729135382375 0.1668703854084015 1845
1729135386774 0.10778073221445084 1846
1729135391183 0.11837044358253479 1847
1729135395585 0.10163239389657974 1848
1729135399986 0.0922398567199707 1849
1729135404401 0.11612361669540405 1850
1729135408803 0.11150815337896347 1851
1729135413210 0.16748660802841187 1852
1729135417611 0.1447618454694748 1853
1729135422010 0.08778037130832672 1854
1729135426421 0.0996878370642662 1855
1729135430828 0.053314875811338425 1856
1729135435219 0.0629802718758583 1857
1729135439626 0.12251835316419601 1858
1729135444027 0.14096061885356903 1859
1729135448422 0.12551233172416687 1860
1729135452824 0.12583917379379272 1861
1729135457235 0.2090539038181305 1862
1729135461653 0.10865049809217453 1863
1729135466062 0.09352414309978485 1864
1729135470467 0.09975691139698029 1865
1729135474886 0.11577783524990082 1866
1729135479303 0.1334088146686554 1867
1729135483703 0.14447221159934998 1868
1729135488098 0.08779002726078033 1869
1729135492498 0.1503818929195404 1870
1729135496903 0.08510653674602509 1871
1729135501325 0.0730365514755249 1872
1729135505720 0.06380971521139145 1873
1729135510124 0.2224242091178894 1874
1729135514533 0.1387161910533905 1875
1729135518924 0.09303051233291626 1876
1729135523316 0.0838225856423378 1877
1729135527725 0.14867624640464783 1878
1729135532124 0.07697920501232147 1879
1729135536524 0.16302740573883057 1880
1729135540925 0.06691452115774155 1881
1729135545316 0.06779024004936218 1882
1729135549716 0.09882138669490814 1883
1729135554108 0.12171877175569534 1884
1729135558524 0.10734602808952332 1885
1729135562927 0.10323520004749298 1886
1729135567333 0.0985545739531517 1887
1729135571733 0.0645723044872284 1888
1729135576150 0.1220264658331871 1889
1729135580547 0.11268023401498795 1890
1729135584937 0.059442587196826935 1891
1729135589353 0.09271951019763947 1892
1729135593763 0.11065417528152466 1893
1729135598168 0.15296198427677155 1894
1729135602575 0.11023225635290146 1895
1729135606985 0.11136633157730103 1896
1729135611386 0.19744077324867249 1897
1729135615800 0.12204071879386902 1898
1729135620193 0.058688946068286896 1899
1729135624591 0.10583451390266418 1900
1729135628995 0.14847803115844727 1901
1729135633406 0.12169879674911499 1902
1729135637813 0.11941269040107727 1903
1729135642222 0.10297220945358276 1904
1729135646624 0.0823647677898407 1905
1729135651029 0.13860878348350525 1906
1729135655430 0.14194586873054504 1907
1729135659836 0.1059199720621109 1908
1729135664254 0.07863903045654297 1909
1729135668659 0.139089435338974 1910
1729135673071 0.11985967308282852 1911
1729135677464 0.09524300694465637 1912
1729135681867 0.1041896864771843 1913
1729135686276 0.114124596118927 1914
1729135690687 0.19750699400901794 1915
1729135695096 0.14871644973754883 1916
1729135699500 0.12457067519426346 1917
1729135703915 0.11930035054683685 1918
1729135708348 0.13217595219612122 1919
1729135712761 0.15957388281822205 1920
1729135717155 0.11783212423324585 1921
1729135721558 0.17980380356311798 1922
1729135725971 0.1400032937526703 1923
1729135730365 0.07627207785844803 1924
1729135734770 0.10376951098442078 1925
1729135739175 0.1761983036994934 1926
1729135743575 0.10187307000160217 1927
1729135747979 0.16744664311408997 1928
1729135752395 0.18310312926769257 1929
1729135756795 0.09943199157714844 1930
1729135761200 0.05369052290916443 1931
1729135765617 0.22782349586486816 1932
1729135770033 0.17414459586143494 1933
1729135774439 0.10253647714853287 1934
1729135778840 0.1680406928062439 1935
1729135783240 0.14456388354301453 1936
1729135787641 0.09106960147619247 1937
1729135792060 0.10859119892120361 1938
1729135796459 0.12460505217313766 1939
1729135800870 0.16162309050559998 1940
1729135805266 0.16688752174377441 1941
1729135809662 0.062324538826942444 1942
1729135814074 0.18265169858932495 1943
1729135818481 0.11484786123037338 1944
1729135822880 0.08841846883296967 1945
1729135827286 0.07635697722434998 1946
1729135831688 0.12085393071174622 1947
1729135836094 0.12619157135486603 1948
1729135840489 0.07629475742578506 1949
1729135844891 0.12035971879959106 1950
1729135849293 0.08899368345737457 1951
1729135853703 0.15900735557079315 1952
1729135858113 0.07753495126962662 1953
1729135862518 0.08070717751979828 1954
1729135866933 0.15223082900047302 1955
1729135871342 0.133027583360672 1956
1729135875743 0.10880208015441895 1957
1729135880161 0.11307240277528763 1958
1729135884569 0.25921016931533813 1959
1729135888969 0.06682375073432922 1960
1729135893376 0.22928394377231598 1961
1729135897775 0.044154711067676544 1962
1729135902181 0.11123296618461609 1963
1729135906576 0.09508949518203735 1964
1729135910969 0.08253820985555649 1965
1729135915374 0.1407911330461502 1966
1729135919777 0.1295132339000702 1967
1729135924188 0.08328293263912201 1968
1729135928587 0.20552469789981842 1969
1729135933007 0.128757044672966 1970
1729135937416 0.22914215922355652 1971
1729135941817 0.08695970475673676 1972
1729135946209 0.05631400644779205 1973
1729135950609 0.11306453496217728 1974
1729135954997 0.04402201622724533 1975
1729135959395 0.10641859471797943 1976
1729135963796 0.09208425879478455 1977
1729135968202 0.23772099614143372 1978
1729135972598 0.08824338018894196 1979
1729135976996 0.13140006363391876 1980
1729135981390 0.07697253674268723 1981
1729135985793 0.12460316717624664 1982
1729135990189 0.11992854624986649 1983
1729135994567 0.0524681955575943 1984
1729135998958 0.12618210911750793 1985
1729136003346 0.11511220037937164 1986
1729136007746 0.09540008008480072 1987
1729136012149 0.08944562077522278 1988
1729136016554 0.08904989063739777 1989
1729136020954 0.09048821777105331 1990
1729136025355 0.14844197034835815 1991
1729136029759 0.17019689083099365 1992
1729136034157 0.09812285006046295 1993
1729136038550 0.11577930301427841 1994
1729136042949 0.08038751780986786 1995
1729136047343 0.13958138227462769 1996
1729136051741 0.12006039917469025 1997
1729136056141 0.1693224310874939 1998
1729136060553 0.1204412579536438 1999
1729136066058 0.09289142489433289 2000
1729136248834 0.19677886366844177 2001
1729136253227 0.11397573351860046 2002
1729136257618 0.1270354837179184 2003
1729136262013 0.09358684718608856 2004
1729136266429 0.08551725745201111 2005
1729136270806 0.04828360676765442 2006
1729136275189 0.09160295128822327 2007
1729136279562 0.09338496625423431 2008
1729136283945 0.06167133152484894 2009
1729136288350 0.2283201813697815 2010
1729136292722 0.186149001121521 2011
1729136297107 0.1542898416519165 2012
1729136301496 0.11318092048168182 2013
1729136305887 0.18250006437301636 2014
1729136310282 0.09774449467658997 2015
1729136314670 0.1393594890832901 2016
1729136319071 0.14567771553993225 2017
1729136323464 0.10903440415859222 2018
1729136327853 0.08208705484867096 2019
1729136332262 0.20338895916938782 2020
1729136336661 0.16690200567245483 2021
1729136341054 0.08954043686389923 2022
1729136345440 0.1269378364086151 2023
1729136349818 0.10161260515451431 2024
1729136354218 0.134643092751503 2025
1729136358608 0.14687880873680115 2026
1729136362992 0.09137576073408127 2027
1729136367385 0.14923173189163208 2028
1729136371799 0.14793023467063904 2029
1729136376190 0.08034613728523254 2030
1729136380589 0.1263221800327301 2031
1729136384992 0.11814433336257935 2032
1729136389410 0.1058661937713623 2033
1729136393805 0.11506900191307068 2034
1729136398209 0.14990796148777008 2035
1729136402602 0.16816666722297668 2036
1729136407014 0.09654106199741364 2037
1729136411403 0.08824300765991211 2038
1729136415795 0.16058538854122162 2039
1729136420197 0.1063869446516037 2040
1729136424593 0.14013680815696716 2041
1729136429010 0.10032621026039124 2042
1729136433413 0.13384610414505005 2043
1729136437815 0.1260983645915985 2044
1729136442222 0.12460236251354218 2045
1729136446628 0.0925394743680954 2046
1729136451049 0.10235781967639923 2047
1729136455465 0.13407453894615173 2048
1729136459868 0.037987131625413895 2049
1729136464305 0.13415993750095367 2050
1729136468706 0.07383565604686737 2051
1729136473123 0.1020045205950737 2052
1729136477532 0.09212592244148254 2053
1729136481935 0.06407462805509567 2054
1729136486347 0.12999260425567627 2055
1729136490748 0.13358263671398163 2056
1729136495172 0.09537731111049652 2057
1729136499602 0.17608100175857544 2058
1729136504024 0.16978773474693298 2059
1729136508429 0.09342271834611893 2060
1729136512842 0.0919860303401947 2061
1729136517265 0.17351120710372925 2062
1729136521688 0.10838502645492554 2063
1729136526097 0.09312894940376282 2064
1729136530506 0.053257640451192856 2065
1729136534923 0.0956452414393425 2066
1729136539348 0.11957206577062607 2067
1729136543771 0.0899311900138855 2068
1729136548183 0.1409422606229782 2069
1729136552593 0.11675059795379639 2070
1729136556993 0.08729909360408783 2071
1729136561412 0.1885378658771515 2072
1729136565840 0.11646071076393127 2073
1729136570263 0.11462154984474182 2074
1729136574683 0.1008405089378357 2075
1729136579089 0.08684166520833969 2076
1729136583505 0.10191134363412857 2077
1729136587930 0.13763967156410217 2078
1729136592348 0.08828727155923843 2079
1729136596764 0.0764799416065216 2080
1729136601174 0.1379307210445404 2081
1729136605589 0.09764984995126724 2082
1729136610001 0.09454512596130371 2083
1729136614412 0.08614613115787506 2084
1729136618822 0.06512433290481567 2085
1729136623240 0.16476599872112274 2086
1729136627666 0.12829431891441345 2087
1729136632067 0.05838082730770111 2088
1729136636470 0.08097395300865173 2089
1729136640879 0.0986391007900238 2090
1729136645292 0.145234614610672 2091
1729136649706 0.1360548734664917 2092
1729136654117 0.08719182014465332 2093
1729136658512 0.22038942575454712 2094
1729136662940 0.11032465845346451 2095
1729136667349 0.08000783622264862 2096
1729136671760 0.1674850434064865 2097
1729136676187 0.17001137137413025 2098
1729136680588 0.1255689561367035 2099
1729136685003 0.14229239523410797 2100
1729136689413 0.1758171021938324 2101
1729136693832 0.14729496836662292 2102
1729136698348 0.15551316738128662 2103
1729136702758 0.13246750831604004 2104
1729136707160 0.1346691995859146 2105
1729136711574 0.09781913459300995 2106
1729136715986 0.152596116065979 2107
1729136720405 0.08954615890979767 2108
1729136724813 0.18432804942131042 2109
1729136729246 0.163130521774292 2110
1729136733650 0.11649453639984131 2111
1729136738064 0.11989253759384155 2112
1729136742481 0.335435688495636 2113
1729136746889 0.05486152693629265 2114
1729136751313 0.11017722636461258 2115
1729136755712 0.15223026275634766 2116
1729136760126 0.08514054119586945 2117
1729136764528 0.0780639797449112 2118
1729136768928 0.10307899117469788 2119
1729136773330 0.09130573272705078 2120
1729136777747 0.22363612055778503 2121
1729136782153 0.13473695516586304 2122
1729136786567 0.08642461895942688 2123
1729136790972 0.11168348789215088 2124
1729136795388 0.09908576309680939 2125
1729136799795 0.10252632200717926 2126
1729136804229 0.1314423531293869 2127
1729136808646 0.13149136304855347 2128
1729136813043 0.03655698150396347 2129
1729136817442 0.07436501979827881 2130
1729136821842 0.06725960969924927 2131
1729136826252 0.12204502522945404 2132
1729136830651 0.11144457012414932 2133
1729136835067 0.140652596950531 2134
1729136839476 0.1342461258172989 2135
1729136843881 0.11701425164937973 2136
1729136848293 0.0759543925523758 2137
1729136852705 0.07875935733318329 2138
1729136857114 0.26801222562789917 2139
1729136861508 0.13072404265403748 2140
1729136865909 0.09388396143913269 2141
1729136870314 0.11829126626253128 2142
1729136874725 0.12402869760990143 2143
1729136879132 0.1055528074502945 2144
1729136883552 0.1220751479268074 2145
1729136887953 0.23308371007442474 2146
1729136892362 0.1130446121096611 2147
1729136896772 0.09100287407636642 2148
1729136901173 0.1015603095293045 2149
1729136905569 0.13128696382045746 2150
1729136909989 0.11136307567358017 2151
1729136914394 0.11009977757930756 2152
1729136918807 0.12115303426980972 2153
1729136923217 0.212254598736763 2154
1729136927625 0.10968313366174698 2155
1729136932043 0.1597341001033783 2156
1729136936454 0.11542914807796478 2157
1729136940849 0.11695243418216705 2158
1729136945272 0.11450673639774323 2159
1729136949675 0.11375854909420013 2160
1729136954084 0.11159691214561462 2161
1729136958484 0.08694294840097427 2162
1729136962904 0.10278744250535965 2163
1729136967320 0.05040990933775902 2164
1729136971728 0.2156367301940918 2165
1729136976133 0.09938134253025055 2166
1729136980533 0.12078408151865005 2167
1729136984955 0.09492257237434387 2168
1729136989377 0.1640799343585968 2169
1729136993797 0.19767695665359497 2170
1729136998212 0.0777980387210846 2171
1729137002616 0.10597794502973557 2172
1729137007013 0.09337151050567627 2173
1729137011430 0.08354804664850235 2174
1729137015851 0.1432812511920929 2175
1729137020271 0.1312592327594757 2176
1729137024692 0.06192013621330261 2177
1729137029116 0.11791957169771194 2178
1729137033532 0.09555016458034515 2179
1729137037950 0.19264808297157288 2180
1729137042354 0.0648399293422699 2181
1729137046761 0.1612192690372467 2182
1729137051166 0.06262057274580002 2183
1729137055580 0.09293555468320847 2184
1729137059993 0.10950800031423569 2185
1729137064411 0.09759826213121414 2186
1729137068824 0.14550840854644775 2187
1729137073232 0.10790427029132843 2188
1729137077648 0.06417673081159592 2189
1729137082078 0.08123502135276794 2190
1729137086477 0.10631278902292252 2191
1729137090909 0.12532472610473633 2192
1729137095315 0.05008123070001602 2193
1729137099707 0.06797574460506439 2194
1729137104114 0.06872272491455078 2195
1729137108516 0.16555586457252502 2196
1729137112926 0.10800636559724808 2197
1729137117336 0.14406515657901764 2198
1729137121744 0.08361108601093292 2199
1729137126149 0.09021511673927307 2200
1729137130565 0.17056114971637726 2201
1729137134992 0.08461467921733856 2202
1729137139397 0.10421377420425415 2203
1729137143809 0.15990622341632843 2204
1729137148216 0.10578113794326782 2205
1729137152616 0.2528364658355713 2206
1729137157036 0.1327994465827942 2207
1729137161452 0.17827622592449188 2208
1729137165846 0.12238819152116776 2209
1729137170248 0.11740688979625702 2210
1729137174662 0.1289062798023224 2211
1729137179072 0.09511394053697586 2212
1729137183492 0.12319070100784302 2213
1729137187893 0.2591477632522583 2214
1729137192298 0.11919888854026794 2215
1729137196696 0.08539538085460663 2216
1729137201096 0.08957882970571518 2217
1729137205505 0.12681518495082855 2218
1729137209927 0.1592046320438385 2219
1729137214320 0.11795926094055176 2220
1729137218736 0.08197056502103806 2221
1729137223159 0.12872125208377838 2222
1729137227579 0.13796120882034302 2223
1729137231994 0.08670372515916824 2224
1729137236392 0.0850439965724945 2225
1729137240817 0.11779545992612839 2226
1729137245231 0.13629984855651855 2227
1729137249638 0.08422906696796417 2228
1729137254047 0.08850543200969696 2229
1729137258445 0.04241124540567398 2230
1729137262845 0.13773469626903534 2231
1729137267259 0.10399825870990753 2232
1729137271664 0.09125484526157379 2233
1729137276075 0.12591993808746338 2234
1729137280481 0.09981334954500198 2235
1729137284894 0.12361223250627518 2236
1729137289296 0.11842631548643112 2237
1729137293720 0.08637156337499619 2238
1729137298118 0.13202999532222748 2239
1729137302534 0.19724196195602417 2240
1729137306934 0.10213404893875122 2241
1729137311338 0.10996368527412415 2242
1729137315745 0.06917785108089447 2243
1729137320147 0.10219912230968475 2244
1729137324558 0.22547808289527893 2245
1729137328977 0.09963023662567139 2246
1729137333381 0.12293750792741776 2247
1729137337782 0.10822810232639313 2248
1729137342195 0.15897542238235474 2249
1729137346601 0.15404057502746582 2250
1729137351001 0.14543356001377106 2251
1729137355412 0.11189800500869751 2252
1729137359818 0.10930540412664413 2253
1729137364227 0.1359969526529312 2254
1729137368630 0.12803345918655396 2255
1729137373032 0.19511067867279053 2256
1729137377438 0.11831825226545334 2257
1729137381835 0.08220026642084122 2258
1729137386248 0.10914954543113708 2259
1729137390670 0.09363733232021332 2260
1729137395083 0.11084790527820587 2261
1729137399507 0.06692865490913391 2262
1729137403911 0.3734290301799774 2263
1729137408306 0.060631442815065384 2264
1729137412713 0.09065726399421692 2265
1729137417115 0.10288673639297485 2266
1729137421529 0.09222397208213806 2267
1729137425961 0.12687358260154724 2268
1729137430376 0.10626447200775146 2269
1729137434776 0.11044901609420776 2270
1729137439183 0.12934312224388123 2271
1729137443579 0.08453470468521118 2272
1729137447997 0.09043282270431519 2273
1729137452421 0.18903794884681702 2274
1729137456825 0.10429306328296661 2275
1729137461230 0.06981497257947922 2276
1729137465641 0.1887078732252121 2277
1729137470051 0.13064715266227722 2278
1729137474449 0.11611759662628174 2279
1729137478857 0.17626866698265076 2280
1729137483275 0.16462431848049164 2281
1729137487682 0.09033463150262833 2282
1729137492096 0.12484365701675415 2283
1729137496510 0.10683425515890121 2284
1729137500911 0.05050189793109894 2285
1729137505322 0.25412219762802124 2286
1729137509729 0.10148821771144867 2287
1729137514156 0.19576425850391388 2288
1729137518553 0.0820237398147583 2289
1729137522976 0.09684249013662338 2290
1729137527370 0.09414248168468475 2291
1729137531778 0.2127598524093628 2292
1729137536197 0.15783794224262238 2293
1729137540603 0.10838406533002853 2294
1729137545015 0.08444176614284515 2295
1729137549413 0.08572685718536377 2296
1729137553811 0.10103224217891693 2297
1729137558223 0.14726433157920837 2298
1729137562636 0.1816919445991516 2299
1729137567038 0.14782780408859253 2300
1729137571439 0.12208668142557144 2301
1729137575835 0.10534755885601044 2302
1729137580240 0.09402668476104736 2303
1729137584650 0.08546984195709229 2304
1729137589062 0.13469253480434418 2305
1729137593475 0.14708225429058075 2306
1729137597873 0.09296710044145584 2307
1729137602270 0.1007610410451889 2308
1729137606687 0.28745269775390625 2309
1729137611094 0.09781155735254288 2310
1729137615516 0.12633374333381653 2311
1729137619918 0.11890984326601028 2312
1729137624326 0.10519847273826599 2313
1729137628742 0.08206643164157867 2314
1729137633152 0.09170886874198914 2315
1729137637555 0.12644071877002716 2316
1729137641953 0.10460372269153595 2317
1729137646352 0.1032838374376297 2318
1729137650753 0.05268988385796547 2319
1729137655175 0.1499379277229309 2320
1729137659568 0.04009348899126053 2321
1729137663983 0.1712409257888794 2322
1729137668384 0.19969218969345093 2323
1729137672796 0.08799660950899124 2324
1729137677206 0.06806281208992004 2325
1729137681593 0.028061697259545326 2326
1729137686007 0.07415884733200073 2327
1729137690406 0.1041407510638237 2328
1729137694831 0.1568545401096344 2329
1729137699241 0.09470663964748383 2330
1729137703665 0.11306625604629517 2331
1729137708080 0.10789336264133453 2332
1729137712500 0.1261078119277954 2333
1729137716912 0.16807186603546143 2334
1729137721345 0.15961238741874695 2335
1729137725743 0.08048494905233383 2336
1729137730165 0.13518914580345154 2337
1729137734567 0.11768696457147598 2338
1729137738985 0.0951283872127533 2339
1729137743405 0.10934168100357056 2340
