1730595432730 0.1020551323890686 1
1730595437338 0.12461194396018982 2
1730595441947 0.047606829553842545 3
1730595446574 0.0752917155623436 4
1730595451221 0.13968509435653687 5
1730595455858 0.14460057020187378 6
1730595460514 0.07787065207958221 7
1730595465184 0.037043146789073944 8
1730595469869 0.13651429116725922 9
1730595474562 0.08498259633779526 10
1730595479268 0.11063766479492188 11
1730595483983 0.11649914085865021 12
1730595488689 0.1164499819278717 13
1730595493386 0.018398595973849297 14
1730595498099 0.10075107961893082 15
1730595502817 0.0540689118206501 16
1730595507530 0.08265935629606247 17
1730595512244 0.050419844686985016 18
1730595516966 0.06003916263580322 19
1730595521690 0.11271166801452637 20
1730595526430 0.0952700823545456 21
1730595531161 0.09463322162628174 22
1730595535872 0.08596961945295334 23
1730595540611 0.09274153411388397 24
1730595545346 0.1501704305410385 25
1730595550082 0.09707595407962799 26
1730595554834 0.13540202379226685 27
1730595559560 0.1710118055343628 28
1730595564277 0.10756322741508484 29
1730595569005 0.018544388934969902 30
1730595573744 0.130086749792099 31
1730595578486 0.0847114771604538 32
1730595583230 0.08302103728055954 33
1730595587973 0.11184285581111908 34
1730595592696 0.14850345253944397 35
1730595597441 0.08108706027269363 36
1730595602191 0.12311264872550964 37
1730595606905 0.07942809164524078 38
1730595611664 0.11481525748968124 39
1730595616412 0.07422737777233124 40
1730595621149 0.13950076699256897 41
1730595625895 0.06817962229251862 42
1730595630634 0.09615305066108704 43
1730595635382 0.09008230268955231 44
1730595640129 0.05497376620769501 45
1730595644874 0.15975891053676605 46
1730595649588 0.014895733445882797 47
1730595654326 0.0614921972155571 48
1730595659038 0.17531371116638184 49
1730595663747 0.10618971288204193 50
1730595668475 0.07692475616931915 51
1730595673213 0.09474547207355499 52
1730595677946 0.10302095115184784 53
1730595682678 0.07250119000673294 54
1730595687423 0.27399370074272156 55
1730595692161 0.11148205399513245 56
1730595696899 0.0982511043548584 57
1730595701629 0.07963860034942627 58
1730595706351 0.08381978422403336 59
1730595711096 0.2211296260356903 60
1730595715837 0.06443281471729279 61
1730595720554 0.011720435693860054 62
1730595725291 0.1293763965368271 63
1730595730035 0.12836839258670807 64
1730595734768 0.07636962831020355 65
1730595739502 0.10212523490190506 66
1730595744240 0.15028783679008484 67
1730595748994 0.08035604655742645 68
1730595753737 0.09362013638019562 69
1730595758478 0.12373483180999756 70
1730595763224 0.13823996484279633 71
1730595767961 0.06581780314445496 72
1730595772701 0.2204500287771225 73
1730595777410 0.0793895423412323 74
1730595782149 0.06789793074131012 75
1730595786882 0.03005731664597988 76
1730595791622 0.0533156618475914 77
1730595796358 0.08142398297786713 78
1730595801095 0.11746714264154434 79
1730595805844 0.11892919987440109 80
1730595810588 0.07668805867433548 81
1730595815315 0.018733888864517212 82
1730595820026 0.07173406332731247 83
1730595824769 0.10174389183521271 84
1730595829518 0.15330910682678223 85
1730595834252 0.07548804581165314 86
1730595838990 0.10710038244724274 87
1730595843726 0.13835440576076508 88
1730595848463 0.1415870487689972 89
1730595853203 0.052156683057546616 90
1730595857942 0.07515222579240799 91
1730595862676 0.07509182393550873 92
1730595867411 0.07357600331306458 93
1730595872127 0.06788118928670883 94
1730595876855 0.07489752024412155 95
1730595881594 0.06567346304655075 96
1730595886328 0.07321198284626007 97
1730595891057 0.05576803535223007 98
1730595895801 0.11982858180999756 99
1730595900539 0.10023282468318939 100
1730595905284 0.07189081609249115 101
1730595910018 0.11969854682683945 102
1730595914742 0.09722109138965607 103
1730595919481 0.10410095751285553 104
1730595924222 0.10381333529949188 105
1730595928961 0.08421915024518967 106
1730595933701 0.10721142590045929 107
1730595938440 0.07403256744146347 108
1730595943184 0.19757452607154846 109
1730595947905 0.0483098030090332 110
1730595952642 0.14779481291770935 111
1730595957369 0.1043836921453476 112
1730595962116 0.0922793447971344 113
1730595966829 0.00789068266749382 114
1730595971570 0.10450845956802368 115
1730595976320 0.14553651213645935 116
1730595981055 0.07673625648021698 117
1730595985777 0.10300342738628387 118
1730595990510 0.06815493106842041 119
1730595995232 0.07749833166599274 120
1730595999957 0.06470385193824768 121
1730596004695 0.05164748802781105 122
1730596009431 0.05504709854722023 123
1730596014157 0.07496356964111328 124
1730596018896 0.1050887256860733 125
1730596023626 0.1259530633687973 126
1730596028373 0.0707545205950737 127
1730596033104 0.06345698237419128 128
1730596037837 0.07351519167423248 129
1730596042564 0.07952629774808884 130
1730596047297 0.05047103762626648 131
1730596052038 0.08716434985399246 132
1730596056781 0.101528100669384 133
1730596061495 0.09587620198726654 134
1730596066239 0.08356517553329468 135
1730596070974 0.06967157870531082 136
1730596075735 0.09161259233951569 137
1730596080502 0.11285500228404999 138
1730596085254 0.1567278802394867 139
1730596090002 0.15620416402816772 140
1730596094741 0.09229299426078796 141
1730596099478 0.06668957322835922 142
1730596104222 0.10250343382358551 143
1730596108952 0.07204855978488922 144
1730596113678 0.07083988189697266 145
1730596118410 0.2205028235912323 146
1730596123136 0.05255913734436035 147
1730596127880 0.08732292056083679 148
1730596132615 0.14730066061019897 149
1730596137350 0.1026710569858551 150
1730596142088 0.10162653774023056 151
1730596146813 0.14122438430786133 152
1730596151541 0.09827588498592377 153
1730596156277 0.07887221872806549 154
1730596161018 0.07727332413196564 155
1730596165755 0.17380401492118835 156
1730596170488 0.08794358372688293 157
1730596175211 0.031981948763132095 158
1730596179948 0.17802748084068298 159
1730596184684 0.06829359382390976 160
1730596189419 0.0745769590139389 161
1730596194158 0.1251465529203415 162
1730596198902 0.07576127350330353 163
1730596203642 0.07122296094894409 164
1730596208383 0.08798161149024963 165
1730596213121 0.0834270715713501 166
1730596217855 0.061470672488212585 167
1730596222596 0.06617417931556702 168
1730596227325 0.1095108687877655 169
1730596232059 0.08917206525802612 170
1730596236798 0.12306839972734451 171
1730596241531 0.06261256337165833 172
1730596246259 0.07522334158420563 173
1730596250989 0.06791231036186218 174
1730596255727 0.07182721793651581 175
1730596260459 0.08872321248054504 176
1730596265187 0.05103358253836632 177
1730596269921 0.14707937836647034 178
1730596274655 0.09071001410484314 179
1730596279386 0.01942041702568531 180
1730596284120 0.10243348032236099 181
1730596288860 0.09544622153043747 182
1730596293606 0.08893729746341705 183
1730596298355 0.16546902060508728 184
1730596303109 0.284457802772522 185
1730596307853 0.10017165541648865 186
1730596312588 0.1354803740978241 187
1730596317321 0.08763213455677032 188
1730596322058 0.06961061805486679 189
1730596326801 0.09132134914398193 190
1730596331516 0.1315557062625885 191
1730596336273 0.16115239262580872 192
1730596341002 0.07455694675445557 193
1730596345742 0.12524226307868958 194
1730596350476 0.06549837440252304 195
1730596355205 0.096572645008564 196
1730596359951 0.12157367914915085 197
1730596364691 0.07317383587360382 198
1730596369422 0.04796694964170456 199
1730596374164 0.11349954456090927 200
1730596378902 0.06893499195575714 201
1730596383616 0.0195506252348423 202
1730596388363 0.13755913078784943 203
1730596393125 0.12605240941047668 204
1730596397861 0.09799838066101074 205
1730596402578 0.060998305678367615 206
1730596407318 0.08254344761371613 207
1730596412040 0.08624179661273956 208
1730596416771 0.0976148247718811 209
1730596421506 0.0942046046257019 210
1730596426236 0.1002117395401001 211
1730596430983 0.08767050504684448 212
1730596435705 0.3214859366416931 213
1730596440445 0.25530439615249634 214
1730596445176 0.09097042679786682 215
1730596449888 0.10409817844629288 216
1730596454615 0.09857705235481262 217
1730596459345 0.07725781947374344 218
1730596464085 0.1142960786819458 219
1730596468830 0.11694797873497009 220
1730596473558 0.09454494714736938 221
1730596478272 0.018656305968761444 222
1730596483014 0.08904586732387543 223
1730596487753 0.11028259992599487 224
1730596492495 0.07379119098186493 225
1730596497223 0.06367341428995132 226
1730596501971 0.11654597520828247 227
1730596506723 0.10658220946788788 228
1730596511466 0.12233957648277283 229
1730596516218 0.059112437069416046 230
1730596520957 0.11251622438430786 231
1730596525699 0.15150362253189087 232
1730596530406 0.08688920736312866 233
1730596535139 0.07772895693778992 234
1730596539872 0.10069654881954193 235
1730596544601 0.12987814843654633 236
1730596549344 0.06611233204603195 237
1730596554102 0.09222307801246643 238
1730596558848 0.0992375984787941 239
1730596563583 0.07880587875843048 240
1730596568322 0.4883479177951813 241
1730596573065 0.11120139062404633 242
1730596577810 0.1299164891242981 243
1730596582531 0.10325153172016144 244
1730596587273 0.02532210387289524 245
1730596591989 0.12261626124382019 246
1730596596722 0.11318960785865784 247
1730596601469 0.20328472554683685 248
1730596606205 0.0726032480597496 249
1730596610951 0.16513115167617798 250
1730596615681 0.09408852458000183 251
1730596620406 0.09415142238140106 252
1730596625154 0.09620479494333267 253
1730596629878 0.05871376022696495 254
1730596634628 0.268440842628479 255
1730596639360 0.04883698746562004 256
1730596644087 0.09275217354297638 257
1730596648835 0.14146500825881958 258
1730596653587 0.06363894790410995 259
1730596658323 0.07609710097312927 260
1730596663061 0.10111469775438309 261
1730596667779 0.07088764756917953 262
1730596672519 0.0987168475985527 263
1730596677254 0.1493789553642273 264
1730596681987 0.13014252483844757 265
1730596686725 0.07595840096473694 266
1730596691471 0.06523659080266953 267
1730596696190 0.08229084312915802 268
1730596700930 0.06778375804424286 269
1730596705674 0.12337131798267365 270
1730596710409 0.09738191217184067 271
1730596715148 0.07213933020830154 272
1730596719878 0.0635814294219017 273
1730596724621 0.14969103038311005 274
1730596729337 0.0804319679737091 275
1730596734051 0.17840181291103363 276
1730596738787 0.11286694556474686 277
1730596743525 0.12066750228404999 278
1730596748269 0.15007001161575317 279
1730596753006 0.06670577824115753 280
1730596757750 0.12581822276115417 281
1730596762484 0.035879120230674744 282
1730596767288 0.07029703259468079 283
1730596772033 0.14226563274860382 284
1730596776772 0.07672145217657089 285
1730596781516 0.14871573448181152 286
1730596786259 0.052825380116701126 287
1730596790989 0.08642034232616425 288
1730596795719 0.061766818165779114 289
1730596800463 0.2055261731147766 290
1730596805180 0.20398014783859253 291
1730596809924 0.09781968593597412 292
1730596814670 0.06824946403503418 293
1730596819417 0.15474283695220947 294
1730596824163 0.02995619922876358 295
1730596828904 0.047919537872076035 296
1730596833653 0.10121802985668182 297
1730596838399 0.08169206231832504 298
1730596843143 0.14105430245399475 299
1730596847894 0.08124375343322754 300
1730596852646 0.08651457726955414 301
1730596857367 0.01646444946527481 302
1730596862127 0.0788918137550354 303
1730596866878 0.16997164487838745 304
1730596871629 0.07405094057321548 305
1730596876377 0.11756487190723419 306
1730596881111 0.2966538071632385 307
1730596885859 0.10200777649879456 308
1730596890586 0.2312282770872116 309
1730596895327 0.039882346987724304 310
1730596900083 0.1280873715877533 311
1730596904840 0.20001889765262604 312
1730596909596 0.08134931325912476 313
1730596914353 0.10974743962287903 314
1730596919102 0.1312042623758316 315
1730596923858 0.07862283289432526 316
1730596928592 0.09626689553260803 317
1730596933331 0.09263499826192856 318
1730596938077 0.10130015015602112 319
1730596942826 0.1664920449256897 320
1730596947564 0.27143990993499756 321
1730596952320 0.13386620581150055 322
1730596957068 0.2733304500579834 323
1730596961803 0.13736388087272644 324
1730596966527 0.1680431067943573 325
1730596971276 0.1433439552783966 326
1730596976026 0.15208953619003296 327
1730596980768 0.11364836990833282 328
1730596985509 0.11598468571901321 329
1730596990244 0.04906497150659561 330
1730596994968 0.1159408837556839 331
1730596999716 0.039100952446460724 332
1730597004457 0.10799410194158554 333
1730597009190 0.053284645080566406 334
1730597013940 0.23217812180519104 335
1730597018686 0.07038882374763489 336
1730597023428 0.06361120939254761 337
1730597028157 0.09307252615690231 338
1730597032868 0.07728978246450424 339
1730597037606 0.11892520636320114 340
1730597042338 0.08362916111946106 341
1730597047081 0.13055551052093506 342
1730597051829 0.08925969898700714 343
1730597056565 0.04768742620944977 344
1730597061282 0.058562085032463074 345
1730597066025 0.11110326647758484 346
1730597070785 0.1620490550994873 347
1730597075519 0.06902076303958893 348
1730597080269 0.0776883065700531 349
1730597085001 0.2781309187412262 350
1730597089728 0.048928193747997284 351
1730597094490 0.22431404888629913 352
1730597099200 0.025087594985961914 353
1730597103944 0.3532603979110718 354
1730597108673 0.06374242901802063 355
1730597113416 0.10434231162071228 356
1730597118160 0.09472915530204773 357
1730597122903 0.1225188747048378 358
1730597127627 0.08929207175970078 359
1730597132337 0.12680260837078094 360
1730597137074 0.09466194361448288 361
1730597141812 0.09524841606616974 362
1730597146543 0.12535761296749115 363
1730597151292 0.08217135816812515 364
1730597156035 0.10147805511951447 365
1730597160768 0.07144173234701157 366
1730597165512 0.10064347088336945 367
1730597170252 0.11538141220808029 368
1730597174985 0.07823140174150467 369
1730597179712 0.0624382309615612 370
1730597184457 0.18134164810180664 371
1730597189197 0.219251811504364 372
1730597193933 0.08390776813030243 373
1730597198670 0.11192262917757034 374
1730597203409 0.04854179546236992 375
1730597208160 0.1488269567489624 376
1730597212892 0.06139544025063515 377
1730597217628 0.09839646518230438 378
1730597222366 0.11255325376987457 379
1730597227094 0.09375150501728058 380
1730597231848 0.12741483747959137 381
1730597236590 0.07263866066932678 382
1730597241328 0.09917235374450684 383
1730597246055 0.0629381313920021 384
1730597250793 0.0635310634970665 385
1730597255520 0.0843392163515091 386
1730597260256 0.12532877922058105 387
1730597265013 0.13160744309425354 388
1730597269758 0.17120730876922607 389
1730597274500 0.08539590984582901 390
1730597279224 0.04727333039045334 391
1730597283965 0.09466211497783661 392
1730597288698 0.10662197321653366 393
1730597293439 0.0824580118060112 394
1730597298179 0.11422406136989594 395
1730597302912 0.08996683359146118 396
1730597307655 0.07719729095697403 397
1730597312403 0.14654599130153656 398
1730597317152 0.12090928852558136 399
1730597321890 0.09402527660131454 400
1730597326627 0.09452206641435623 401
1730597331377 0.08543246984481812 402
1730597336106 0.07829761505126953 403
1730597340840 0.13945744931697845 404
1730597345576 0.092029869556427 405
1730597350315 0.07387079298496246 406
1730597355064 0.07817016541957855 407
1730597359795 0.10358773916959763 408
1730597364531 0.1046827882528305 409
1730597369273 0.12729454040527344 410
1730597374020 0.265489399433136 411
1730597378739 0.017238719388842583 412
1730597383469 0.02807672694325447 413
1730597388211 0.1326906681060791 414
1730597392939 0.0865163505077362 415
1730597397691 0.17778901755809784 416
1730597402421 0.06464920938014984 417
1730597407145 0.023501364514231682 418
1730597411878 0.08244205266237259 419
1730597416627 0.1872885525226593 420
1730597421366 0.14024311304092407 421
1730597426109 0.08651739358901978 422
1730597430857 0.1547466516494751 423
1730597435583 0.04571738839149475 424
1730597440319 0.07642439007759094 425
1730597445064 0.07597160339355469 426
1730597449809 0.21545816957950592 427
1730597454543 0.07745379209518433 428
1730597459258 0.1109321117401123 429
1730597463997 0.11101407557725906 430
1730597468752 0.08539888262748718 431
1730597473471 0.0728793665766716 432
1730597478214 0.1661851704120636 433
1730597482932 0.17162209749221802 434
1730597487654 0.0801548957824707 435
1730597492402 0.13660456240177155 436
1730597497145 0.11641818284988403 437
1730597501879 0.12514221668243408 438
1730597506639 0.2017638236284256 439
1730597511383 0.10119810700416565 440
1730597516137 0.14386039972305298 441
1730597520878 0.06661287695169449 442
1730597525603 0.1077960878610611 443
1730597530310 0.0050049396231770515 444
1730597535040 0.029856130480766296 445
1730597539774 0.07454288750886917 446
1730597544497 0.07191160321235657 447
1730597549216 0.09007417410612106 448
1730597553931 0.08828563243150711 449
1730597558651 0.16743957996368408 450
1730597563384 0.08226719498634338 451
1730597568117 0.06841878592967987 452
1730597572858 0.10820770263671875 453
1730597577580 0.017702728509902954 454
1730597582324 0.09102236479520798 455
1730597587066 0.06968459486961365 456
1730597591810 0.12231389433145523 457
1730597596540 0.06158638745546341 458
1730597601257 0.11779948323965073 459
1730597605999 0.08269435167312622 460
1730597610730 0.06150162220001221 461
1730597615463 0.09627972543239594 462
1730597620217 0.10849915444850922 463
1730597624949 0.07623079419136047 464
1730597629679 0.09665210545063019 465
1730597634427 0.07634667307138443 466
1730597639148 0.06948438286781311 467
1730597643872 0.06378823518753052 468
1730597648627 0.4225795865058899 469
1730597653356 0.11366535723209381 470
1730597658080 0.15271706879138947 471
1730597662821 0.08325928449630737 472
1730597667545 0.05715975910425186 473
1730597672275 0.06348958611488342 474
1730597677021 0.08635725826025009 475
1730597681770 0.045785725116729736 476
1730597686490 0.11428579688072205 477
1730597691226 0.14759302139282227 478
1730597695952 0.07311269640922546 479
1730597700685 0.06205238774418831 480
1730597705401 0.11787612736225128 481
1730597710134 0.056742481887340546 482
1730597714875 0.048518165946006775 483
1730597719633 0.05864521861076355 484
1730597724362 0.08350567519664764 485
1730597729098 0.08598219603300095 486
1730597733838 0.08755503594875336 487
1730597738597 0.10777223110198975 488
1730597743340 0.06893893331289291 489
1730597748091 0.08694713562726974 490
1730597752833 0.05982755124568939 491
1730597757569 0.08179254829883575 492
1730597762301 0.02882995456457138 493
1730597767032 0.22469528019428253 494
1730597771769 0.07873271405696869 495
1730597776520 0.07735605537891388 496
1730597781269 0.13280631601810455 497
1730597786009 0.07602477073669434 498
1730597790755 0.09411577880382538 499
1730597795486 0.049061838537454605 500
1730597800229 0.05468764156103134 501
1730597804950 0.09665635228157043 502
1730597809686 0.13265657424926758 503
1730597814408 0.05329529196023941 504
1730597819141 0.06858254969120026 505
1730597823878 0.10315380990505219 506
1730597828623 0.12414474785327911 507
1730597833361 0.09350958466529846 508
1730597838110 0.12412972003221512 509
1730597842851 0.07686756551265717 510
1730597847577 0.09314398467540741 511
1730597852321 0.08591222763061523 512
1730597857078 0.12143801897764206 513
1730597861820 0.13330160081386566 514
1730597866574 0.09957651793956757 515
1730597871310 0.061960507184267044 516
1730597876047 0.0831267386674881 517
1730597880781 0.13595262169837952 518
1730597885531 0.06696446985006332 519
1730597890276 0.05808539688587189 520
1730597894999 0.07898444682359695 521
1730597899755 0.20847468078136444 522
1730597904478 0.06578314304351807 523
1730597909219 0.1715932935476303 524
1730597913964 0.16393928229808807 525
1730597918700 0.09569346904754639 526
1730597923446 0.10712718218564987 527
1730597928193 0.15227359533309937 528
1730597932937 0.09317430853843689 529
1730597937675 0.06045623496174812 530
1730597942422 0.09885895997285843 531
1730597947161 0.11945175379514694 532
1730597951901 0.0667167603969574 533
1730597956640 0.11799132823944092 534
1730597961382 0.0698147639632225 535
1730597966116 0.07401800155639648 536
1730597970866 0.1479543298482895 537
1730597975622 0.0957949236035347 538
1730597980350 0.06607049703598022 539
1730597985079 0.0836634561419487 540
1730597989813 0.06163468956947327 541
1730597994557 0.14962156116962433 542
1730597999289 0.07922029495239258 543
1730598004021 0.06465037912130356 544
1730598008733 0.10129539668560028 545
1730598013464 0.248582661151886 546
1730598018199 0.08265657722949982 547
1730598022936 0.06794236600399017 548
1730598027679 0.10132719576358795 549
1730598032428 0.08636061102151871 550
1730598037146 0.10421347618103027 551
1730598041877 0.05292584002017975 552
1730598046597 0.1020427718758583 553
1730598051329 0.07479667663574219 554
1730598056072 0.10638781636953354 555
1730598060794 0.03190556913614273 556
1730598065543 0.06796613335609436 557
1730598070288 0.09178797900676727 558
1730598075019 0.1819675862789154 559
1730598079750 0.07082171738147736 560
1730598084496 0.11455221474170685 561
1730598089211 0.007875008508563042 562
1730598093936 0.07518990337848663 563
1730598098666 0.11597578972578049 564
1730598103392 0.04307480901479721 565
1730598108126 0.0855964720249176 566
1730598112857 0.095186248421669 567
1730598117613 0.028280828148126602 568
1730598122346 0.06493343412876129 569
1730598127088 0.11930495500564575 570
1730598131831 0.10803328454494476 571
1730598136564 0.08030599355697632 572
1730598141301 0.09854650497436523 573
1730598146037 0.06554363667964935 574
1730598150785 0.1591702103614807 575
1730598155517 0.0430675745010376 576
1730598160256 0.11051322519779205 577
1730598164974 0.1097555160522461 578
1730598169723 0.0900900587439537 579
1730598174471 0.11128106713294983 580
1730598179204 0.07648153603076935 581
1730598183940 0.07624427229166031 582
1730598188674 0.059891536831855774 583
1730598193389 0.06525229662656784 584
1730598198128 0.06234606355428696 585
1730598202850 0.14611601829528809 586
1730598207588 0.10468786954879761 587
1730598212304 0.11812964081764221 588
1730598217040 0.06232058256864548 589
1730598221774 0.056139297783374786 590
1730598226511 0.10333698987960815 591
1730598231256 0.20263785123825073 592
1730598235939 0.011657695285975933 593
1730598240681 0.07054004818201065 594
1730598245423 0.14368058741092682 595
1730598250157 0.09734444320201874 596
1730598254886 0.21668651700019836 597
1730598259623 0.08961734920740128 598
1730598264353 0.08123745024204254 599
1730598269086 0.11896360665559769 600
1730598273822 0.06301912665367126 601
1730598278557 0.07766525447368622 602
1730598283281 0.0548056997358799 603
1730598288005 0.09424544125795364 604
1730598292752 0.05759904906153679 605
1730598297458 0.10177446901798248 606
1730598302177 0.15997666120529175 607
1730598306904 0.055133379995822906 608
1730598311648 0.18915988504886627 609
1730598316377 0.09490123391151428 610
1730598321114 0.0888424962759018 611
1730598325844 0.07842689007520676 612
1730598330585 0.1040281280875206 613
1730598335320 0.05539824441075325 614
1730598340054 0.09711898863315582 615
1730598344791 0.10069802403450012 616
1730598349531 0.049201756715774536 617
1730598354270 0.08785529434680939 618
1730598358997 0.018155397847294807 619
1730598363736 0.09661872684955597 620
1730598368474 0.276911199092865 621
1730598373211 0.12414545565843582 622
1730598377954 0.1628606915473938 623
1730598382667 0.07626157253980637 624
1730598387433 0.09198866784572601 625
1730598392153 0.013029047288000584 626
1730598396893 0.14129126071929932 627
1730598401623 0.07907706499099731 628
1730598406373 0.24876806139945984 629
1730598411097 0.050413355231285095 630
1730598415820 0.5127341151237488 631
1730598420559 0.06542666256427765 632
1730598425298 0.12338845431804657 633
1730598430036 0.09521953761577606 634
1730598434785 0.04304313659667969 635
1730598439541 0.25919675827026367 636
1730598444261 0.04367024824023247 637
1730598448986 0.10791798681020737 638
1730598453702 0.10699462890625 639
1730598458442 0.11291799694299698 640
1730598463174 0.10293988883495331 641
1730598467916 0.18117928504943848 642
1730598472646 0.08833600580692291 643
1730598477392 0.07041305303573608 644
1730598482121 0.07142052799463272 645
1730598486858 0.0716717466711998 646
1730598491588 0.06622497737407684 647
1730598496326 0.09936794638633728 648
1730598501058 0.09622398763895035 649
1730598505799 0.08721789717674255 650
1730598510533 0.09888551384210587 651
1730598515275 0.21701225638389587 652
1730598520013 0.06358437240123749 653
1730598524748 0.07582031190395355 654
1730598529487 0.10175079107284546 655
1730598534235 0.09744032472372055 656
1730598538960 0.1265220046043396 657
1730598543689 0.08876031637191772 658
1730598548437 0.12190619111061096 659
1730598553176 0.08349441736936569 660
1730598557920 0.11957322061061859 661
1730598562660 0.1393088698387146 662
1730598567387 0.10118941962718964 663
1730598572124 0.09641628712415695 664
1730598576870 0.10458509624004364 665
1730598581611 0.060498759150505066 666
1730598586348 0.11911679804325104 667
1730598591081 0.07010680437088013 668
1730598595807 0.09140551090240479 669
1730598600522 0.10642306506633759 670
1730598605258 0.11119451373815536 671
1730598610004 0.10522320866584778 672
1730598614728 0.2955043315887451 673
1730598619469 0.1028594821691513 674
1730598624197 0.079612135887146 675
1730598628914 0.08764121681451797 676
1730598633655 0.05299943685531616 677
1730598638393 0.17335335910320282 678
1730598643137 0.20120921730995178 679
1730598647884 0.1302586793899536 680
1730598652628 0.0625259056687355 681
1730598657366 0.05669739842414856 682
1730598662112 0.10556437820196152 683
1730598666848 0.1510033905506134 684
1730598671585 0.08453035354614258 685
1730598676328 0.06972826272249222 686
1730598681070 0.08364330232143402 687
1730598685815 0.08167771250009537 688
1730598690565 0.09903191030025482 689
1730598695364 0.14863505959510803 690
1730598700092 0.1521819829940796 691
1730598704808 0.2714364230632782 692
1730598709556 0.06960716843605042 693
1730598714287 0.09657727181911469 694
1730598719015 0.06367786973714828 695
1730598723757 0.11389100551605225 696
1730598728505 0.06125508248806 697
1730598733252 0.08345875144004822 698
1730598737987 0.10300135612487793 699
1730598742744 0.09810216724872589 700
1730598747482 0.061903614550828934 701
1730598752229 0.21423488855361938 702
1730598756971 0.07570330798625946 703
1730598761713 0.09815936535596848 704
1730598766458 0.09557899832725525 705
1730598771197 0.0875236839056015 706
1730598775936 0.079322449862957 707
1730598780684 0.07388333976268768 708
1730598785429 0.12411602586507797 709
1730598790172 0.06712661683559418 710
1730598794913 0.09838585555553436 711
1730598799648 0.05971240997314453 712
1730598804397 0.14630141854286194 713
1730598809143 0.08498743176460266 714
1730598813874 0.05170632153749466 715
1730598818613 0.06168655306100845 716
1730598823356 0.08653373271226883 717
1730598828094 0.09635862708091736 718
1730598832833 0.10614803433418274 719
1730598837574 0.12853825092315674 720
1730598842312 0.064117431640625 721
1730598847072 0.18269333243370056 722
1730598851825 0.08334673941135406 723
1730598856563 0.09256384521722794 724
1730598861298 0.05852813273668289 725
1730598866053 0.09743192046880722 726
1730598870794 0.07056114822626114 727
1730598875536 0.08501565456390381 728
1730598880299 0.08781155943870544 729
1730598885038 0.12993359565734863 730
1730598889781 0.17358878254890442 731
1730598894532 0.11166839301586151 732
1730598899269 0.08899697661399841 733
1730598904012 0.08329954743385315 734
1730598908736 0.14010462164878845 735
1730598913473 0.09233835339546204 736
1730598918220 0.09307612478733063 737
1730598922941 0.07445579767227173 738
1730598927690 0.14165787398815155 739
1730598932427 0.060950323939323425 740
1730598937171 0.13735175132751465 741
1730598941911 0.16005520522594452 742
1730598946647 0.06242164224386215 743
1730598951386 0.05615534633398056 744
1730598956136 0.10909169912338257 745
1730598960877 0.09959177672863007 746
1730598965629 0.09233813732862473 747
1730598970371 0.09014114737510681 748
1730598975107 0.07665704190731049 749
1730598979840 0.08001714944839478 750
1730598984584 0.14821544289588928 751
1730598989328 0.06788083165884018 752
1730598994066 0.06249331682920456 753
1730598998780 0.05641878396272659 754
1730599003519 0.053072161972522736 755
1730599008264 0.09902788698673248 756
1730599013004 0.07897234708070755 757
1730599017730 0.0901428610086441 758
1730599022472 0.0929822027683258 759
1730599027209 0.08473215997219086 760
1730599031940 0.12268137186765671 761
1730599036659 0.08936861157417297 762
1730599041366 0.0797194391489029 763
1730599046065 0.033264242112636566 764
1730599050795 0.09630641341209412 765
1730599055531 0.0852176696062088 766
1730599060269 0.03965497761964798 767
1730599065000 0.1397453248500824 768
1730599069744 0.1014813780784607 769
1730599074478 0.09992152452468872 770
1730599079217 0.14435258507728577 771
1730599083950 0.0661192536354065 772
1730599088666 0.15963409841060638 773
1730599093396 0.10454943776130676 774
1730599098134 0.06254106760025024 775
1730599102874 0.144368514418602 776
1730599107609 0.06664444506168365 777
1730599112353 0.0900161862373352 778
1730599117099 0.24652495980262756 779
1730599121840 0.07669562846422195 780
1730599126582 0.06759613007307053 781
1730599131314 0.0700870156288147 782
1730599136027 0.0825607031583786 783
1730599140770 0.08722370117902756 784
1730599145510 0.13440729677677155 785
1730599150248 0.0756751000881195 786
1730599154991 0.06946206092834473 787
1730599159723 0.06612294912338257 788
1730599164483 0.14117780327796936 789
1730599169223 0.12454961240291595 790
1730599173970 0.08524413406848907 791
1730599178725 0.0669780969619751 792
1730599183460 0.06633315980434418 793
1730599188197 0.08653269708156586 794
1730599192929 0.07307348400354385 795
1730599197667 0.08427205681800842 796
1730599202400 0.13641192018985748 797
1730599207124 0.40680938959121704 798
1730599211885 0.23134908080101013 799
1730599216636 0.06585048139095306 800
1730599221354 0.10739923268556595 801
1730599226093 0.07617127895355225 802
1730599230832 0.0882948487997055 803
1730599235561 0.10092484951019287 804
1730599240292 0.07964207231998444 805
1730599245032 0.07200396806001663 806
1730599249776 0.10055031627416611 807
1730599254496 0.07258263230323792 808
1730599259233 0.05189921334385872 809
1730599263974 0.11912234127521515 810
1730599268717 0.10078209638595581 811
1730599273489 0.10163344442844391 812
1730599278241 0.08484918624162674 813
1730599282985 0.0727042555809021 814
1730599287731 0.08586990833282471 815
1730599292451 0.10500586032867432 816
1730599297172 0.1878301203250885 817
1730599301898 0.0732819139957428 818
1730599306631 0.07378218322992325 819
1730599311361 0.09321913123130798 820
1730599316087 0.06261638551950455 821
1730599320824 0.08020907640457153 822
1730599325559 0.046063538640737534 823
1730599330294 0.08898384869098663 824
1730599335029 0.05539567396044731 825
1730599339774 0.10503789782524109 826
1730599344508 0.07460330426692963 827
1730599349254 0.10903310775756836 828
1730599353998 0.10067716985940933 829
1730599358736 0.09431375563144684 830
1730599363482 0.08765055239200592 831
1730599368216 0.06260616332292557 832
1730599372950 0.07543543726205826 833
1730599377678 0.08604969084262848 834
1730599382412 0.09773469716310501 835
1730599387166 0.07951278239488602 836
1730599391895 0.028348837047815323 837
1730599396639 0.14229734241962433 838
1730599401381 0.10652889311313629 839
1730599406118 0.09518145024776459 840
1730599410853 0.08060391247272491 841
1730599415599 0.21057739853858948 842
1730599420330 0.07602286338806152 843
1730599425068 0.13583531975746155 844
1730599429807 0.17193293571472168 845
1730599434532 0.10124251246452332 846
1730599439268 0.059727177023887634 847
1730599444008 0.10714294016361237 848
1730599448743 0.0702945739030838 849
1730599453495 0.07001196593046188 850
1730599458246 0.09476351737976074 851
1730599463003 0.0954594835639 852
1730599467731 0.10472217202186584 853
1730599472443 0.02773381769657135 854
1730599477185 0.10763637721538544 855
1730599481933 0.1173267513513565 856
1730599486678 0.046725183725357056 857
1730599491425 0.11077451705932617 858
1730599496148 0.012481257319450378 859
1730599500891 0.08549191802740097 860
1730599505613 0.09401030838489532 861
1730599510367 0.14942830801010132 862
1730599515114 0.05654507875442505 863
1730599519851 0.028183113783597946 864
1730599524577 0.049155451357364655 865
1730599529335 0.17446133494377136 866
1730599534073 0.06747701019048691 867
1730599538819 0.07939161360263824 868
1730599543557 0.0651751384139061 869
1730599548281 0.1766512095928192 870
1730599553018 0.11301402747631073 871
1730599557750 0.10044720768928528 872
1730599562504 0.25689348578453064 873
1730599567240 0.1189761832356453 874
1730599571992 0.06456036865711212 875
1730599576736 0.12926499545574188 876
1730599581469 0.05613386631011963 877
1730599586194 0.12175074219703674 878
1730599590940 0.06918109953403473 879
1730599595677 0.07052639871835709 880
1730599600401 0.053018976002931595 881
1730599605144 0.11984401941299438 882
1730599609892 0.08593186736106873 883
1730599614635 0.09880207479000092 884
1730599619377 0.0720110684633255 885
1730599624126 0.1543172150850296 886
1730599628857 0.08111199736595154 887
1730599633596 0.07423034310340881 888
1730599638341 0.132076233625412 889
1730599643094 0.09912675619125366 890
1730599647824 0.10691680014133453 891
1730599652554 0.08615225553512573 892
1730599657306 0.09818922728300095 893
1730599662039 0.06950902938842773 894
1730599666781 0.07162277400493622 895
1730599671533 0.10475120693445206 896
1730599676297 0.1267247498035431 897
1730599681038 0.0760885626077652 898
1730599685784 0.10621457546949387 899
1730599690525 0.13276958465576172 900
1730599695269 0.13883095979690552 901
1730599700022 0.11025623977184296 902
1730599704755 0.03739900887012482 903
1730599709504 0.11259475350379944 904
1730599714257 0.07170450687408447 905
1730599718985 0.032294999808073044 906
1730599723703 0.10208041220903397 907
1730599728448 0.08394242823123932 908
1730599733186 0.09076876938343048 909
1730599737928 0.09157450497150421 910
1730599742676 0.0981430858373642 911
1730599747410 0.10327165573835373 912
1730599752139 0.055802181363105774 913
1730599756871 0.08572063595056534 914
1730599761610 0.08539687097072601 915
1730599766362 0.11201941221952438 916
1730599771102 0.05609745532274246 917
1730599775843 0.09226483106613159 918
1730599780583 0.07959626615047455 919
1730599785325 0.1363859623670578 920
1730599790043 0.12278200685977936 921
1730599794776 0.07578824460506439 922
1730599799514 0.09605307877063751 923
1730599804265 0.0935279130935669 924
1730599809023 0.19856832921504974 925
1730599813758 0.08588540554046631 926
1730599818519 0.19554032385349274 927
1730599823253 0.07272545993328094 928
1730599827989 0.10680577903985977 929
1730599832714 0.012521324679255486 930
1730599837420 0.061686135828495026 931
1730599842159 0.057692937552928925 932
1730599846900 0.08507353812456131 933
1730599851641 0.05646367743611336 934
1730599856380 0.09487652778625488 935
1730599861118 0.07297725975513458 936
1730599865854 0.08234048634767532 937
1730599870596 0.14364561438560486 938
1730599875345 0.7748063802719116 939
1730599880090 0.10931824147701263 940
1730599884820 0.03671722859144211 941
1730599889579 0.08427783846855164 942
1730599894322 0.061839766800403595 943
1730599899058 0.04483399540185928 944
1730599903792 0.07221411168575287 945
1730599908545 0.07807222753763199 946
1730599913286 0.06177311763167381 947
1730599918026 0.06022879481315613 948
1730599922779 0.13221901655197144 949
1730599927513 0.06829226016998291 950
1730599932252 0.165506973862648 951
1730599936986 0.03134262561798096 952
1730599941732 0.08508147299289703 953
1730599946472 0.06804237514734268 954
1730599951221 0.1491221934556961 955
1730599955962 0.22690144181251526 956
1730599960702 0.10019081830978394 957
1730599965444 0.1525307148694992 958
1730599970182 0.2324427366256714 959
1730599974928 0.10689456015825272 960
1730599979662 0.07165389508008957 961
1730599984393 0.08450939506292343 962
1730599989124 0.11481086164712906 963
1730599993858 0.10595580190420151 964
1730599998601 0.06574101746082306 965
1730600003325 0.18047918379306793 966
1730600008062 0.1770702302455902 967
1730600012802 0.0675068199634552 968
1730600017551 0.14263074100017548 969
1730600022299 0.09219878166913986 970
1730600027049 0.10790291428565979 971
1730600031783 0.1257108449935913 972
1730600036495 0.08413921296596527 973
1730600041243 0.12026955187320709 974
1730600045984 0.0756337121129036 975
1730600050723 0.07249617576599121 976
1730600055455 0.03913881629705429 977
1730600060197 0.09959325194358826 978
1730600064937 0.10670652240514755 979
1730600069672 0.11778362095355988 980
1730600074418 0.07630124688148499 981
1730600079153 0.07960806041955948 982
1730600083885 0.07680124044418335 983
1730600088622 0.07687050104141235 984
1730600093363 0.08182325214147568 985
1730600098103 0.09709513932466507 986
1730600102844 0.06661434471607208 987
1730600107585 0.08669928461313248 988
1730600112328 0.11876647919416428 989
1730600117061 0.07332463562488556 990
1730600121781 0.17077255249023438 991
1730600126527 0.0704471617937088 992
1730600131264 0.11124232411384583 993
1730600136015 0.08721230924129486 994
1730600140757 0.15012946724891663 995
1730600145492 0.0506572350859642 996
1730600150219 0.06284476816654205 997
1730600154973 0.08630089461803436 998
1730600159715 0.10571806132793427 999
1730600164451 0.11538444459438324 1000
