1730352461800 0.09943221509456635 1
1730352466022 0.13633552193641663 2
1730352470240 0.05127619951963425 3
1730352474452 0.07613116502761841 4
1730352478672 0.1403062343597412 5
1730352482901 0.14082592725753784 6
1730352487145 0.07399904727935791 7
1730352491382 0.035335056483745575 8
1730352495643 0.13006871938705444 9
1730352499904 0.08204207569360733 10
1730352504165 0.10561735928058624 11
1730352508436 0.12523232400417328 12
1730352512705 0.11846771836280823 13
1730352516973 0.01644206792116165 14
1730352521273 0.15484927594661713 15
1730352525551 0.056974973529577255 16
1730352529833 0.06706502288579941 17
1730352534109 0.050252027809619904 18
1730352538379 0.05364644527435303 19
1730352542665 0.09948069602251053 20
1730352546953 0.08584419637918472 21
1730352551240 0.092464879155159 22
1730352555512 0.08342050015926361 23
1730352559806 0.11056378483772278 24
1730352564096 0.13452038168907166 25
1730352568376 0.08495603501796722 26
1730352572649 0.1677798330783844 27
1730352576939 0.14929500222206116 28
1730352581213 0.12617669999599457 29
1730352585483 0.01767897419631481 30
1730352589770 0.11622117459774017 31
1730352594054 0.08568580448627472 32
1730352598350 0.06925702095031738 33
1730352602633 0.12014292180538177 34
1730352606907 0.1718728244304657 35
1730352611198 0.0845804363489151 36
1730352615474 0.10568925738334656 37
1730352619751 0.08140712976455688 38
1730352624047 0.10471180826425552 39
1730352628331 0.07915087044239044 40
1730352632610 0.13974058628082275 41
1730352636889 0.08257349580526352 42
1730352641174 0.1238727867603302 43
1730352645465 0.07785239815711975 44
1730352649745 0.05760064721107483 45
1730352654040 0.3631577789783478 46
1730352658321 0.015405502170324326 47
1730352662591 0.06453046202659607 48
1730352666881 0.1880730241537094 49
1730352671149 0.09317118674516678 50
1730352675428 0.062090855091810226 51
1730352679707 0.10337544232606888 52
1730352683991 0.08173327147960663 53
1730352688274 0.06148844584822655 54
1730352692550 0.10231167078018188 55
1730352696853 0.1373448669910431 56
1730352701134 0.09702227264642715 57
1730352705400 0.07108232378959656 58
1730352709686 0.07428476959466934 59
1730352713973 0.18414893746376038 60
1730352718253 0.06520456075668335 61
1730352722524 0.01293884590268135 62
1730352726796 0.12562668323516846 63
1730352731089 0.16900838911533356 64
1730352735363 0.07446394115686417 65
1730352739650 0.08026391267776489 66
1730352743947 0.154478520154953 67
1730352748244 0.09108179062604904 68
1730352752534 0.08874926716089249 69
1730352756829 0.10869617760181427 70
1730352761136 0.11460356414318085 71
1730352765426 0.053290948271751404 72
1730352769720 0.1388053297996521 73
1730352773989 0.06862896680831909 74
1730352778272 0.05923476070165634 75
1730352782549 0.030900124460458755 76
1730352786839 0.05593205243349075 77
1730352791140 0.08200057595968246 78
1730352795439 0.11354099214076996 79
1730352799726 0.11379531770944595 80
1730352804020 0.06723181903362274 81
1730352808283 0.017257120460271835 82
1730352812554 0.06501533091068268 83
1730352816851 0.07433486729860306 84
1730352821150 0.13927656412124634 85
1730352825450 0.06968918442726135 86
1730352829741 0.11809830367565155 87
1730352834028 0.13859374821186066 88
1730352838325 0.16012097895145416 89
1730352842601 0.056831106543540955 90
1730352846879 0.07361169904470444 91
1730352851158 0.05315288156270981 92
1730352855440 0.06464133411645889 93
1730352859713 0.07097794115543365 94
1730352863996 0.08486300706863403 95
1730352868279 0.06624733656644821 96
1730352872566 0.06669370085000992 97
1730352876843 0.048775263130664825 98
1730352881115 0.11574921011924744 99
1730352885396 0.09531600028276443 100
1730352889677 0.08049316704273224 101
1730352893962 0.1087539941072464 102
1730352898255 0.0917244404554367 103
1730352902537 0.11448971182107925 104
1730352906820 0.09929867088794708 105
1730352911109 0.09043620526790619 106
1730352915392 0.11273375153541565 107
1730352919667 0.06990914791822433 108
1730352923957 0.1839207112789154 109
1730352928240 0.042427316308021545 110
1730352932539 0.14990854263305664 111
1730352936830 0.09910382330417633 112
1730352941112 0.08026117831468582 113
1730352945368 0.00787300430238247 114
1730352949655 0.13792219758033752 115
1730352953954 0.14675560593605042 116
1730352958238 0.08114254474639893 117
1730352962519 0.10762567818164825 118
1730352966793 0.08495189249515533 119
1730352971070 0.07678535580635071 120
1730352975355 0.06375516951084137 121
1730352979639 0.062270637601614 122
1730352983926 0.0584060475230217 123
1730352988198 0.07467855513095856 124
1730352992479 0.08034393191337585 125
1730352996754 0.10207657516002655 126
1730353001045 0.0790582001209259 127
1730353005340 0.05119290575385094 128
1730353009638 0.056241877377033234 129
1730353013922 0.09586402773857117 130
1730353018193 0.056159019470214844 131
1730353022475 0.0646531730890274 132
1730353026758 0.11450338363647461 133
1730353031026 0.101589635014534 134
1730353035310 0.09095532447099686 135
1730353039587 0.08280013501644135 136
1730353043877 0.08095188438892365 137
1730353048160 0.09295569360256195 138
1730353052451 0.12729424238204956 139
1730353056740 0.15127107501029968 140
1730353061017 0.07877914607524872 141
1730353065290 0.07022321969270706 142
1730353069579 0.09975992143154144 143
1730353073861 0.0582161620259285 144
1730353078145 0.0848061814904213 145
1730353082444 0.24441149830818176 146
1730353086733 0.06162890046834946 147
1730353091022 0.09430301934480667 148
1730353095305 0.16628283262252808 149
1730353099593 0.09960435330867767 150
1730353103881 0.09794454276561737 151
1730353108159 0.17507673799991608 152
1730353112457 0.10146284103393555 153
1730353116753 0.13946092128753662 154
1730353121041 0.08760112524032593 155
1730353125346 0.26503944396972656 156
1730353129620 0.0720355436205864 157
1730353133878 0.028497083112597466 158
1730353138161 0.17384326457977295 159
1730353142441 0.06669079512357712 160
1730353146717 0.0674566999077797 161
1730353150994 0.11079677939414978 162
1730353155279 0.09418335556983948 163
1730353159554 0.0596097856760025 164
1730353163846 0.11088217049837112 165
1730353168137 0.061107128858566284 166
1730353172405 0.0540185309946537 167
1730353176680 0.06066682189702988 168
1730353180968 0.10428118705749512 169
1730353185248 0.07290930300951004 170
1730353189539 0.1409049928188324 171
1730353193821 0.05605890229344368 172
1730353198086 0.07017149031162262 173
1730353202361 0.08042584359645844 174
1730353206643 0.07308045029640198 175
1730353210930 0.08099527657032013 176
1730353215211 0.05440690368413925 177
1730353219500 0.1636548638343811 178
1730353223775 0.07400424778461456 179
1730353228049 0.029737228527665138 180
1730353232336 0.09490029513835907 181
1730353236625 0.09682189673185349 182
1730353240915 0.088386669754982 183
1730353245198 0.16426298022270203 184
1730353249481 0.26285043358802795 185
1730353253761 0.07484680414199829 186
1730353258046 0.14687305688858032 187
1730353262338 0.07864746451377869 188
1730353266607 0.07334247976541519 189
1730353270896 0.08098435401916504 190
1730353275177 0.1284363716840744 191
1730353279462 0.14239399135112762 192
1730353283749 0.07059454172849655 193
1730353288040 0.288752019405365 194
1730353292343 0.07796430587768555 195
1730353296629 0.10468916594982147 196
1730353300905 0.11617805063724518 197
1730353305175 0.0712064877152443 198
1730353309452 0.051165491342544556 199
1730353313744 0.11582151055335999 200
1730353318026 0.06066078692674637 201
1730353322297 0.019845541566610336 202
1730353326581 0.16016370058059692 203
1730353330865 0.11678177118301392 204
1730353335146 0.10117973387241364 205
1730353339420 0.06413426995277405 206
1730353343706 0.09145121276378632 207
1730353347987 0.09696778655052185 208
1730353352290 0.10871105641126633 209
1730353356574 0.07427480071783066 210
1730353360853 0.09199106693267822 211
1730353365145 0.06670813262462616 212
1730353369416 0.455077201128006 213
1730353373701 0.19763344526290894 214
1730353377984 0.08648176491260529 215
1730353382259 0.09986589848995209 216
1730353386524 0.09334772825241089 217
1730353390799 0.06777637451887131 218
1730353395085 0.21674993634223938 219
1730353399366 0.09622250497341156 220
1730353403654 0.0899478942155838 221
1730353407925 0.016823438927531242 222
1730353412202 0.09318526834249496 223
1730353416488 0.09447634220123291 224
1730353420776 0.06534378975629807 225
1730353425066 0.05927983671426773 226
1730353429360 0.13876992464065552 227
1730353433654 0.08870531618595123 228
1730353437946 0.12750673294067383 229
1730353442215 0.056550607085227966 230
1730353446497 0.11251754313707352 231
1730353450782 0.16915956139564514 232
1730353455066 0.09009161591529846 233
1730353459349 0.08586068451404572 234
1730353463647 0.06858804821968079 235
1730353467928 0.09459012001752853 236
1730353472205 0.09199075400829315 237
1730353476485 0.10106372088193893 238
1730353480769 0.09534987807273865 239
1730353485045 0.09159982204437256 240
1730353489343 0.556892991065979 241
1730353493638 0.11368336528539658 242
1730353497923 0.11485318839550018 243
1730353502200 0.08309584110975266 244
1730353506468 0.02495288848876953 245
1730353510743 0.13018327951431274 246
1730353515021 0.12649892270565033 247
1730353519312 0.16395479440689087 248
1730353523571 0.06348121166229248 249
1730353527865 0.19401288032531738 250
1730353532145 0.08088484406471252 251
1730353536415 0.07817155867815018 252
1730353540691 0.09744177758693695 253
1730353544962 0.06193942576646805 254
1730353549268 0.31432223320007324 255
1730353553546 0.052056990563869476 256
1730353557833 0.15999113023281097 257
1730353562104 0.12516489624977112 258
1730353566381 0.04731537401676178 259
1730353570664 0.07607244700193405 260
1730353574947 0.13858619332313538 261
1730353579221 0.0650421604514122 262
1730353583494 0.10950160026550293 263
1730353587786 0.16742491722106934 264
1730353592064 0.14033226668834686 265
1730353596348 0.08312242478132248 266
1730353600619 0.04406529292464256 267
1730353604880 0.08036840707063675 268
1730353609182 0.06402929127216339 269
1730353613473 0.11351531744003296 270
1730353617764 0.2354051172733307 271
1730353622048 0.0723145604133606 272
1730353626332 0.07694637030363083 273
1730353630611 0.14523273706436157 274
1730353634921 0.08232946693897247 275
1730353639192 0.21359843015670776 276
1730353643479 0.07767464220523834 277
1730353647765 0.12344007194042206 278
1730353652059 0.16595005989074707 279
1730353656361 0.06866052746772766 280
1730353660656 0.22315643727779388 281
1730353664943 0.03649616986513138 282
1730353669230 0.05288923531770706 283
1730353673510 0.13696524500846863 284
1730353677782 0.07780452072620392 285
1730353682069 0.16248971223831177 286
1730353686353 0.059497565031051636 287
1730353690645 0.07160645723342896 288
1730353694928 0.05122518539428711 289
1730353699213 0.15723124146461487 290
1730353703490 0.22539633512496948 291
1730353707768 0.09231534600257874 292
1730353712066 0.053055956959724426 293
1730353716349 0.14225202798843384 294
1730353720622 0.031511418521404266 295
1730353724921 0.1960550844669342 296
1730353729326 0.12005504965782166 297
1730353733599 0.0910649448633194 298
1730353737888 0.14192183315753937 299
1730353742171 0.07934218645095825 300
1730353746452 0.09107939898967743 301
1730353750728 0.017943471670150757 302
1730353755021 0.07913485169410706 303
1730353759309 0.21348166465759277 304
1730353763588 0.0887034609913826 305
1730353767878 0.10291917622089386 306
1730353772167 0.3650280237197876 307
1730353776458 0.09097860753536224 308
1730353780737 0.253662109375 309
1730353785003 0.041716694831848145 310
1730353789286 0.11129125952720642 311
1730353793580 0.12679758667945862 312
1730353797868 0.08530722558498383 313
1730353802157 0.11227923631668091 314
1730353806451 0.11858594417572021 315
1730353810736 0.08406253159046173 316
1730353815027 0.23912957310676575 317
1730353819305 0.10092051327228546 318
1730353823582 0.08264151215553284 319
1730353827880 0.1984385848045349 320
1730353832181 0.22629261016845703 321
1730353836456 0.1204892098903656 322
1730353840753 0.10872106999158859 323
1730353845025 0.13127028942108154 324
1730353849304 0.17228853702545166 325
1730353853592 0.13176295161247253 326
1730353857875 0.09380713105201721 327
1730353862166 0.11050371825695038 328
1730353866470 0.09780491143465042 329
1730353870755 0.07089924812316895 330
1730353875040 0.09869393706321716 331
1730353879315 0.04158180207014084 332
1730353883596 0.08831196278333664 333
1730353887882 0.04399638622999191 334
1730353892176 0.16627439856529236 335
1730353896463 0.06095093488693237 336
1730353900741 0.05691630393266678 337
1730353905019 0.07829443365335464 338
1730353909289 0.08009876310825348 339
1730353913583 0.11208596080541611 340
1730353917869 0.08071821928024292 341
1730353922153 0.1337776780128479 342
1730353926432 0.09347353875637054 343
1730353930733 0.05070905387401581 344
1730353935006 0.07619884610176086 345
1730353939304 0.10480213165283203 346
1730353943589 0.13644331693649292 347
1730353947872 0.08609136193990707 348
1730353952156 0.07062458992004395 349
1730353956447 0.395336389541626 350
1730353960710 0.03515276685357094 351
1730353964987 0.14971958100795746 352
1730353969246 0.02506805583834648 353
1730353973541 0.3604866862297058 354
1730353977825 0.04313559830188751 355
1730353982112 0.09815341234207153 356
1730353986388 0.08590789139270782 357
1730353990673 0.08830080926418304 358
1730353994968 0.0795382708311081 359
1730353999251 0.12707732617855072 360
1730354003537 0.09152401983737946 361
1730354007809 0.0832890197634697 362
1730354012107 0.12036527693271637 363
1730354016391 0.062019914388656616 364
1730354020674 0.07619383186101913 365
1730354024965 0.06309207528829575 366
1730354029246 0.08893983066082001 367
1730354033541 0.10822407156229019 368
1730354037837 0.0649581253528595 369
1730354042114 0.04833414405584335 370
1730354046407 0.163364440202713 371
1730354050692 0.26302722096443176 372
1730354054968 0.07013233006000519 373
1730354059259 0.11602161079645157 374
1730354063534 0.0477270744740963 375
1730354067816 0.16349104046821594 376
1730354072094 0.06187441200017929 377
1730354076373 0.1013910174369812 378
1730354080670 0.11327022314071655 379
1730354084954 0.0801520049571991 380
1730354089233 0.13008859753608704 381
1730354093502 0.06615471094846725 382
1730354097792 0.13308997452259064 383
1730354102062 0.05763298273086548 384
1730354106334 0.06331595778465271 385
1730354110609 0.06790433824062347 386
1730354114896 0.1234537810087204 387
1730354119182 0.12852327525615692 388
1730354123466 0.13526475429534912 389
1730354127752 0.10033944249153137 390
1730354132030 0.057292964309453964 391
1730354136307 0.08126980066299438 392
1730354140592 0.09569325298070908 393
1730354144867 0.07741505652666092 394
1730354149148 0.1006486713886261 395
1730354153426 0.09117093682289124 396
1730354157709 0.08049030601978302 397
1730354161985 0.11213669925928116 398
1730354166261 0.09301729500293732 399
1730354170535 0.10001908987760544 400
1730354174807 0.09011311829090118 401
1730354179098 0.090495765209198 402
1730354183374 0.06494103372097015 403
1730354187668 0.11736820638179779 404
1730354191953 0.08023430407047272 405
1730354196242 0.06832192093133926 406
1730354200523 0.16017213463783264 407
1730354204830 0.08672177791595459 408
1730354209112 0.11973682045936584 409
1730354213404 0.12847670912742615 410
1730354217698 0.28060993552207947 411
1730354221969 0.016685999929904938 412
1730354226249 0.020913109183311462 413
1730354230548 0.14217440783977509 414
1730354234843 0.08254818618297577 415
1730354239126 0.14172042906284332 416
1730354243400 0.04929296299815178 417
1730354247674 0.02184176817536354 418
1730354251968 0.07539419829845428 419
1730354256264 0.18843887746334076 420
1730354260558 0.15655624866485596 421
1730354264842 0.0867706835269928 422
1730354269125 0.19307899475097656 423
1730354273399 0.041464462876319885 424
1730354277686 0.07132349908351898 425
1730354281954 0.052640289068222046 426
1730354286250 0.29369524121284485 427
1730354290531 0.08824309706687927 428
1730354294793 0.1115386039018631 429
1730354299076 0.11090068519115448 430
1730354303362 0.07187651842832565 431
1730354307646 0.08066463470458984 432
1730354311930 0.15982204675674438 433
1730354316205 0.14442822337150574 434
1730354320491 0.0771922841668129 435
1730354324777 0.12787026166915894 436
1730354329072 0.11489994823932648 437
1730354333366 0.14449098706245422 438
1730354337666 0.1636774241924286 439
1730354341945 0.10107189416885376 440
1730354346242 0.13150213658809662 441
1730354350516 0.07364770025014877 442
1730354354799 0.09533722698688507 443
1730354359066 0.004272565245628357 444
1730354363358 0.028269443660974503 445
1730354367634 0.07128413021564484 446
1730354371914 0.07072731107473373 447
1730354376177 0.07524803280830383 448
1730354380465 0.07593362033367157 449
1730354384742 0.17740347981452942 450
1730354389027 0.07948683202266693 451
1730354393314 0.06433779001235962 452
1730354397595 0.11281958222389221 453
1730354401858 0.017282404005527496 454
1730354406160 0.07340084761381149 455
1730354410438 0.06826627254486084 456
1730354414717 0.16317066550254822 457
1730354418991 0.06013737618923187 458
1730354423256 0.09648807346820831 459
1730354427540 0.07693641632795334 460
1730354431815 0.07638151198625565 461
1730354436090 0.08826993405818939 462
1730354440375 0.11318590492010117 463
1730354444668 0.0785030722618103 464
1730354448963 0.10367182642221451 465
1730354453239 0.07068035006523132 466
1730354457525 0.0737561583518982 467
1730354461787 0.04886943846940994 468
1730354466071 0.40902256965637207 469
1730354470361 0.105846107006073 470
1730354474658 0.16555294394493103 471
1730354478951 0.0775633379817009 472
1730354483222 0.0481175035238266 473
1730354487509 0.0699496865272522 474
1730354491794 0.0849166065454483 475
1730354496080 0.05566820502281189 476
1730354500358 0.1009613424539566 477
1730354504648 0.13360333442687988 478
1730354508926 0.07096106559038162 479
1730354513203 0.045624006539583206 480
1730354517474 0.11545848101377487 481
1730354521753 0.06546676903963089 482
1730354526032 0.05139957368373871 483
1730354530300 0.05448190122842789 484
1730354534577 0.07511427998542786 485
1730354538860 0.06826481223106384 486
1730354543158 0.0832032859325409 487
1730354547457 0.11582890152931213 488
1730354551748 0.06165139377117157 489
1730354556032 0.0915972888469696 490
1730354560316 0.0616326779127121 491
1730354564601 0.07362934947013855 492
1730354568874 0.02724168263375759 493
1730354573168 0.22222498059272766 494
1730354577454 0.06874670088291168 495
1730354581741 0.08143840730190277 496
1730354586018 0.1271606981754303 497
1730354590310 0.0730312317609787 498
1730354594603 0.08921445906162262 499
1730354598876 0.03668425232172012 500
1730354603158 0.06422837823629379 501
1730354607413 0.08437246084213257 502
1730354611699 0.15271395444869995 503
1730354615970 0.03699798509478569 504
1730354620255 0.06410904228687286 505
1730354624530 0.10692557692527771 506
1730354628808 0.0856441855430603 507
1730354633090 0.07919777929782867 508
1730354637374 0.09623211622238159 509
1730354641660 0.07265449315309525 510
1730354645948 0.07815372198820114 511
1730354650250 0.09215068072080612 512
1730354654522 0.16309623420238495 513
1730354658805 0.1286853551864624 514
1730354663101 0.09792552143335342 515
1730354667379 0.05617178604006767 516
1730354671659 0.07612322270870209 517
1730354675947 0.11139534413814545 518
1730354680240 0.06813594698905945 519
1730354684518 0.054672759026288986 520
1730354688796 0.07317587733268738 521
1730354693100 0.24763798713684082 522
1730354697385 0.06610561162233353 523
1730354701679 0.18426471948623657 524
1730354705965 0.16210860013961792 525
1730354710243 0.08839401602745056 526
1730354714536 0.11427254229784012 527
1730354718814 0.14603231847286224 528
1730354723095 0.10833679139614105 529
1730354727382 0.054358936846256256 530
1730354731679 0.07484022527933121 531
1730354735969 0.12055231630802155 532
1730354740251 0.07010672986507416 533
1730354744532 0.10872901231050491 534
1730354748805 0.06202241778373718 535
1730354753094 0.07178764045238495 536
1730354757374 0.13518859446048737 537
1730354761675 0.10216068476438522 538
1730354765957 0.058489374816417694 539
1730354770248 0.08858387172222137 540
1730354774521 0.04779335483908653 541
1730354778813 0.1866198033094406 542
1730354783102 0.13331224024295807 543
1730354787377 0.05480991303920746 544
1730354791660 0.1019255667924881 545
1730354795943 0.3383026719093323 546
1730354800246 0.06409778445959091 547
1730354804528 0.06448008120059967 548
1730354808803 0.0860932320356369 549
1730354813083 0.06950151175260544 550
1730354817381 0.10529039800167084 551
1730354821679 0.05547278746962547 552
1730354825958 0.09187484532594681 553
1730354830236 0.06438577175140381 554
1730354834520 0.1236269474029541 555
1730354838799 0.028923507779836655 556
1730354843085 0.06133757159113884 557
1730354847376 0.06675662845373154 558
1730354851662 0.1666484773159027 559
1730354855964 0.08883155882358551 560
1730354860244 0.1136026382446289 561
1730354864499 0.007264314219355583 562
1730354868781 0.08203542232513428 563
1730354873071 0.11854125559329987 564
1730354877350 0.04317362606525421 565
1730354881640 0.0956193208694458 566
1730354885916 0.09186454117298126 567
1730354890183 0.03154516592621803 568
1730354894468 0.0531751923263073 569
1730354898772 0.1349802315235138 570
1730354903056 0.10011039674282074 571
1730354907348 0.07508254796266556 572
1730354911634 0.09039174020290375 573
1730354915914 0.0747227594256401 574
1730354920205 0.11039894819259644 575
1730354924493 0.042730823159217834 576
1730354928779 0.09569458663463593 577
1730354933062 0.108329638838768 578
1730354937353 0.0754506066441536 579
1730354941632 0.09314137697219849 580
1730354945916 0.07716569304466248 581
1730354950198 0.07120459526777267 582
1730354954472 0.06106942892074585 583
1730354958761 0.05644972622394562 584
1730354963056 0.055738404393196106 585
1730354967338 0.15073920786380768 586
1730354971609 0.1228114441037178 587
1730354975892 0.0998486578464508 588
1730354980170 0.06137470901012421 589
1730354984473 0.05021180957555771 590
1730354988759 0.09389752149581909 591
1730354993044 0.21023188531398773 592
1730354997295 0.011641132645308971 593
1730355001576 0.06609080731868744 594
1730355005864 0.12575718760490417 595
1730355010145 0.09725038707256317 596
1730355014431 0.09430664777755737 597
1730355018711 0.08629119396209717 598
1730355022995 0.07507561147212982 599
1730355027282 0.11839944124221802 600
1730355031567 0.0708138644695282 601
1730355035852 0.07331082224845886 602
1730355040125 0.05968981608748436 603
1730355044416 0.07863584160804749 604
1730355048693 0.05429181084036827 605
1730355052973 0.10521157085895538 606
1730355057253 0.12465102970600128 607
1730355061540 0.04159991443157196 608
1730355065829 0.18364448845386505 609
1730355070106 0.08387695997953415 610
1730355074387 0.06564086675643921 611
1730355078680 0.06453606486320496 612
1730355082961 0.09267809242010117 613
1730355087243 0.05270741507411003 614
1730355091551 0.08367573469877243 615
1730355095833 0.09750641882419586 616
1730355100105 0.05133690685033798 617
1730355104395 0.08800031989812851 618
1730355108662 0.02367505244910717 619
1730355112943 0.08973310887813568 620
1730355117234 0.2486577033996582 621
1730355121506 0.11068360507488251 622
1730355125786 0.156010240316391 623
1730355130062 0.08089669048786163 624
1730355134339 0.09260524809360504 625
1730355138614 0.012357637286186218 626
1730355142901 0.2771472930908203 627
1730355147189 0.06692983955144882 628
1730355151485 0.2594599723815918 629
1730355155776 0.0598771795630455 630
1730355160056 0.6319971084594727 631
1730355164330 0.0791211724281311 632
1730355168622 0.13033892214298248 633
1730355172896 0.09474070370197296 634
1730355177169 0.04641982540488243 635
1730355181468 0.22490540146827698 636
1730355185762 0.03972555696964264 637
1730355190028 0.09975962340831757 638
1730355194299 0.09490123391151428 639
1730355198582 0.1123075783252716 640
1730355202865 0.08424444496631622 641
1730355207152 0.16854774951934814 642
1730355211425 0.09015439450740814 643
1730355215705 0.09086202830076218 644
1730355219982 0.06972332298755646 645
1730355224254 0.07415454089641571 646
1730355228529 0.07298813760280609 647
1730355232811 0.12236511707305908 648
1730355237093 0.09135036915540695 649
1730355241386 0.07628464698791504 650
1730355245673 0.0952276736497879 651
1730355249966 0.11052832007408142 652
1730355254268 0.06559746712446213 653
1730355258552 0.07813219726085663 654
1730355262843 0.15977723896503448 655
1730355267118 0.06546764075756073 656
1730355271394 0.11473722755908966 657
1730355275681 0.0799766257405281 658
1730355279971 0.11133193969726562 659
1730355284263 0.10237626731395721 660
1730355288554 0.1199115738272667 661
1730355292845 0.2591652274131775 662
1730355297150 0.08018442988395691 663
1730355301449 0.07759489119052887 664
1730355305725 0.10394347459077835 665
1730355310012 0.11453903466463089 666
1730355314307 0.17888861894607544 667
1730355318685 0.1651569902896881 668
1730355322971 0.08367815613746643 669
1730355327249 0.10508643090724945 670
1730355331527 0.08347226679325104 671
1730355335806 0.0954405665397644 672
1730355340087 0.356697678565979 673
1730355344382 0.10815432667732239 674
1730355348685 0.09085129201412201 675
1730355352964 0.07715387642383575 676
1730355357246 0.05650946497917175 677
1730355361530 0.17024779319763184 678
1730355365816 0.21714386343955994 679
1730355370107 0.1397666037082672 680
1730355374382 0.060581911355257034 681
1730355378665 0.049126893281936646 682
1730355382951 0.09075341373682022 683
1730355387231 0.15492179989814758 684
1730355391509 0.07376880943775177 685
1730355395786 0.0655132383108139 686
1730355400067 0.06740563362836838 687
1730355404350 0.055379580706357956 688
1730355408629 0.09238369017839432 689
1730355412889 0.1262730360031128 690
1730355417176 0.1503416895866394 691
1730355421475 0.4690426290035248 692
1730355425776 0.06637635827064514 693
1730355430059 0.14762108027935028 694
1730355434353 0.05759404972195625 695
1730355438640 0.1138559877872467 696
1730355442908 0.05477414280176163 697
1730355447185 0.07588877528905869 698
1730355451476 0.07946301251649857 699
1730355455758 0.07719320058822632 700
1730355460038 0.05710223689675331 701
1730355464318 0.2100050151348114 702
1730355468603 0.09220986068248749 703
1730355472884 0.0840606540441513 704
1730355477173 0.11693917214870453 705
1730355481452 0.08657482266426086 706
1730355485724 0.07422860711812973 707
1730355490022 0.0751715749502182 708
1730355494302 0.11872148513793945 709
1730355498587 0.07053262740373611 710
1730355502877 0.0965036153793335 711
1730355507151 0.059752628207206726 712
1730355511433 0.1354006677865982 713
1730355515712 0.07996659725904465 714
1730355519980 0.06201905757188797 715
1730355524258 0.052765026688575745 716
1730355528535 0.0711434856057167 717
1730355532808 0.09762777388095856 718
1730355537104 0.09324560314416885 719
1730355541389 0.13319094479084015 720
1730355545674 0.0637354850769043 721
1730355549970 0.16563701629638672 722
1730355554240 0.0829426497220993 723
1730355558509 0.08295543491840363 724
1730355562790 0.0473644882440567 725
1730355567070 0.0908404141664505 726
1730355571344 0.17492270469665527 727
1730355575621 0.08573515713214874 728
1730355579905 0.07323557883501053 729
1730355584193 0.10660482943058014 730
1730355588477 0.1588166207075119 731
1730355592762 0.1209012120962143 732
1730355597044 0.06823808699846268 733
1730355601329 0.07412157207727432 734
1730355605609 0.12300145626068115 735
1730355609887 0.08565865457057953 736
1730355614176 0.09965616464614868 737
1730355618445 0.06046157330274582 738
1730355622727 0.09958559274673462 739
1730355627005 0.04949498176574707 740
1730355631287 0.14964544773101807 741
1730355635582 0.11761227995157242 742
1730355639881 0.07103510200977325 743
1730355644162 0.05509644001722336 744
1730355648434 0.09204983711242676 745
1730355652709 0.09672036021947861 746
1730355656992 0.08586663007736206 747
1730355661284 0.09633057564496994 748
1730355665572 0.06796795129776001 749
1730355669859 0.09950654953718185 750
1730355674143 0.1470983475446701 751
1730355678434 0.07157515734434128 752
1730355682707 0.05626139044761658 753
1730355686991 0.042528219521045685 754
1730355691272 0.05742446333169937 755
1730355695568 0.15214823186397552 756
1730355699853 0.07860516011714935 757
1730355704127 0.11543241143226624 758
1730355708411 0.11034984141588211 759
1730355712702 0.07822123914957047 760
1730355717012 0.09924262017011642 761
1730355721282 0.0911664366722107 762
1730355725549 0.07106310874223709 763
1730355729817 0.030214792117476463 764
1730355734114 0.09601785987615585 765
1730355738406 0.07675160467624664 766
1730355742679 0.03874722868204117 767
1730355746966 0.1153486967086792 768
1730355751253 0.10865464806556702 769
1730355755528 0.09664414823055267 770
1730355759815 0.10252387821674347 771
1730355764124 0.0667414665222168 772
1730355768391 0.1352999061346054 773
1730355772682 0.10818344354629517 774
1730355776977 0.05681256577372551 775
1730355781263 0.14139878749847412 776
1730355785543 0.06690353155136108 777
1730355789826 0.09264175593852997 778
1730355794108 0.28222766518592834 779
1730355798389 0.07671147584915161 780
1730355802670 0.07830148190259933 781
1730355806948 0.06170465797185898 782
1730355811205 0.07148505747318268 783
1730355815494 0.07221101969480515 784
1730355819786 0.12444095313549042 785
1730355824069 0.07602347433567047 786
1730355828338 0.06943013519048691 787
1730355832637 0.1508083939552307 788
1730355836931 0.12682892382144928 789
1730355841236 0.12981298565864563 790
1730355845512 0.07095120847225189 791
1730355849792 0.0694117546081543 792
1730355854075 0.07114338129758835 793
1730355858356 0.10784205049276352 794
1730355862625 0.06434089690446854 795
1730355866911 0.08050654828548431 796
1730355871195 0.19936734437942505 797
1730355875480 0.4958783984184265 798
1730355879776 0.1396719366312027 799
1730355884058 0.06563682854175568 800
1730355888325 0.10766251385211945 801
1730355892600 0.08392903208732605 802
1730355896891 0.08913037180900574 803
1730355901191 0.10275821387767792 804
1730355905489 0.08209342509508133 805
1730355909775 0.07142346352338791 806
1730355914061 0.10191968083381653 807
1730355918333 0.06411734968423843 808
1730355922610 0.042265765368938446 809
1730355926898 0.11617094278335571 810
1730355931193 0.08859869837760925 811
1730355935486 0.18342438340187073 812
1730355939775 0.08428928256034851 813
1730355944062 0.09131979942321777 814
1730355948331 0.06672348082065582 815
1730355952606 0.09887585043907166 816
1730355956884 0.18789714574813843 817
1730355961177 0.08121275901794434 818
1730355965450 0.07078777253627777 819
1730355969730 0.09141963720321655 820
1730355974007 0.06169121712446213 821
1730355978294 0.07476256787776947 822
1730355982575 0.05764143541455269 823
1730355986864 0.0950399786233902 824
1730355991146 0.06752316653728485 825
1730355995434 0.07689112424850464 826
1730355999726 0.08188027143478394 827
1730356004020 0.12221010774374008 828
1730356008305 0.14311844110488892 829
1730356012596 0.11633722484111786 830
1730356016869 0.07354383170604706 831
1730356021161 0.06031487509608269 832
1730356025441 0.06757593899965286 833
1730356029721 0.07669220864772797 834
1730356034009 0.09334881603717804 835
1730356038292 0.07367625832557678 836
1730356042573 0.023341866210103035 837
1730356046864 0.15699534118175507 838
1730356051145 0.10822121798992157 839
1730356055426 0.103910431265831 840
1730356059711 0.07498408108949661 841
1730356063996 0.24627205729484558 842
1730356068277 0.07243520766496658 843
1730356072581 0.27568864822387695 844
1730356076882 0.17717169225215912 845
1730356081155 0.11670790612697601 846
1730356085435 0.0628722757101059 847
1730356089731 0.07997895777225494 848
1730356094015 0.0723671019077301 849
1730356098297 0.05091043561697006 850
1730356102592 0.0938483402132988 851
1730356106878 0.08644555509090424 852
1730356111148 0.11106862872838974 853
1730356115408 0.02132241055369377 854
1730356119704 0.09321923553943634 855
1730356123991 0.11901988089084625 856
1730356128256 0.06747329235076904 857
1730356132539 0.09818148612976074 858
1730356136799 0.010786911472678185 859
1730356141094 0.09520215541124344 860
1730356145368 0.08226801455020905 861
1730356149641 0.12551751732826233 862
1730356153914 0.04158733785152435 863
1730356158179 0.02520962804555893 864
1730356162462 0.031257789582014084 865
1730356166749 0.14361454546451569 866
1730356171030 0.07680127024650574 867
1730356175316 0.08074332028627396 868
1730356179596 0.05353035777807236 869
1730356183893 0.2267640382051468 870
1730356188195 0.09474485367536545 871
1730356192475 0.09227990359067917 872
1730356196755 0.2164091169834137 873
1730356201057 0.1055915355682373 874
1730356205328 0.054321300238370895 875
1730356209624 0.11229433864355087 876
1730356213922 0.04790939763188362 877
1730356218212 0.14178036153316498 878
1730356222500 0.0717582181096077 879
1730356226798 0.08637591451406479 880
1730356231079 0.04442555084824562 881
1730356235357 0.14417888224124908 882
1730356239638 0.07898160815238953 883
1730356243922 0.10903041064739227 884
1730356248199 0.06767706573009491 885
1730356252492 0.19702637195587158 886
1730356256777 0.08969219028949738 887
1730356261062 0.0651869997382164 888
1730356265341 0.11906236410140991 889
1730356269618 0.08757693320512772 890
1730356273902 0.10237807035446167 891
1730356278182 0.07532519102096558 892
1730356282459 0.0659588873386383 893
1730356286742 0.07284341752529144 894
1730356291017 0.07303038239479065 895
1730356295308 0.07358802855014801 896
1730356299598 0.128728985786438 897
1730356303883 0.06615374237298965 898
1730356308160 0.1106175035238266 899
1730356312446 0.12633748352527618 900
1730356316737 0.12248358130455017 901
1730356321019 0.08592002093791962 902
1730356325303 0.0368046760559082 903
1730356329586 0.0892968624830246 904
1730356333856 0.09496025741100311 905
1730356338134 0.029036417603492737 906
1730356342404 0.09543808549642563 907
1730356346683 0.07605624943971634 908
1730356350966 0.08167274296283722 909
1730356355244 0.09727026522159576 910
1730356359519 0.07529216259717941 911
1730356363800 0.10113515704870224 912
1730356368092 0.042854636907577515 913
1730356372381 0.08162645995616913 914
1730356376678 0.10294570028781891 915
1730356380963 0.13306155800819397 916
1730356385235 0.04581405222415924 917
1730356389519 0.07612040638923645 918
1730356393821 0.06256482750177383 919
1730356398124 0.19258320331573486 920
1730356402397 0.1071993038058281 921
1730356406687 0.07028834521770477 922
1730356410976 0.09169530123472214 923
1730356415244 0.07639974355697632 924
1730356419540 0.17214569449424744 925
1730356423810 0.09850119054317474 926
1730356428107 0.20256111025810242 927
1730356432415 0.12006217241287231 928
1730356436711 0.10821475088596344 929
1730356440983 0.014133542776107788 930
1730356445253 0.06527039408683777 931
1730356449540 0.051717549562454224 932
1730356453816 0.072921022772789 933
1730356458098 0.06143615394830704 934
1730356462389 0.0798480212688446 935
1730356466668 0.062477752566337585 936
1730356470955 0.07034114003181458 937
1730356475237 0.1239415854215622 938
1730356479520 1.0127861499786377 939
1730356483813 0.16734664142131805 940
1730356488104 0.04369982331991196 941
1730356492394 0.09762725234031677 942
1730356496679 0.058914974331855774 943
1730356500957 0.04738439619541168 944
1730356505234 0.07199981063604355 945
1730356509519 0.0745069831609726 946
1730356513801 0.07034166902303696 947
1730356518080 0.06057712435722351 948
1730356522372 0.11746767163276672 949
1730356526660 0.07246005535125732 950
1730356530943 0.12043295800685883 951
1730356535216 0.028540633618831635 952
1730356539499 0.08126205205917358 953
1730356543784 0.053241848945617676 954
1730356548079 0.15437763929367065 955
1730356552355 0.24701815843582153 956
1730356556640 0.09313845634460449 957
1730356560923 0.13151231408119202 958
1730356565232 0.21712034940719604 959
1730356569520 0.10863061249256134 960
1730356573791 0.07014443725347519 961
1730356578081 0.0807076245546341 962
1730356582373 0.15383538603782654 963
1730356586672 0.11698141694068909 964
1730356590945 0.0417419895529747 965
1730356595222 0.23271963000297546 966
1730356599514 0.36974748969078064 967
1730356603798 0.05338423326611519 968
1730356608098 0.16393229365348816 969
1730356612388 0.0782446563243866 970
1730356616659 0.08242613822221756 971
1730356620960 0.12403596937656403 972
1730356625224 0.07106660306453705 973
1730356629505 0.1462719589471817 974
1730356633786 0.06213821470737457 975
1730356638081 0.07398872822523117 976
1730356642365 0.04166067764163017 977
1730356646649 0.08919829875230789 978
1730356650937 0.11195077002048492 979
1730356655226 0.13176175951957703 980
1730356659505 0.06833985447883606 981
1730356663799 0.07207620143890381 982
1730356668087 0.07212530076503754 983
1730356672366 0.0719824731349945 984
1730356676640 0.07237733900547028 985
1730356680929 0.11362035572528839 986
1730356685213 0.0664065033197403 987
1730356689510 0.07398603856563568 988
1730356693809 0.1030450165271759 989
1730356698094 0.0721665471792221 990
1730356702361 0.1797589510679245 991
1730356706640 0.07081572711467743 992
1730356710921 0.10614408552646637 993
1730356715213 0.09084618091583252 994
1730356719503 0.13457068800926208 995
1730356723784 0.045598048716783524 996
1730356728060 0.06911710649728775 997
1730356732344 0.09370267391204834 998
1730356736628 0.1085226982831955 999
1730356740900 0.12292563915252686 1000
1730357315629 0.06851840019226074 1001
1730357319931 0.08792619407176971 1002
1730357324232 0.09130249917507172 1003
1730357328549 0.10943180322647095 1004
1730357332850 0.05503924936056137 1005
1730357337152 0.050409600138664246 1006
1730357341452 0.0960029810667038 1007
1730357345747 0.4919149875640869 1008
1730357350052 0.07111231237649918 1009
1730357354351 0.20676973462104797 1010
1730357358666 0.07358083128929138 1011
1730357362972 0.18782971799373627 1012
1730357367284 0.5545812845230103 1013
1730357371566 0.04606199637055397 1014
1730357375869 0.09215477108955383 1015
1730357380182 0.10494308918714523 1016
1730357384513 0.06746093928813934 1017
1730357388822 0.050646230578422546 1018
1730357393133 0.04661467671394348 1019
1730357397418 0.00973378773778677 1020
1730357401728 0.0873463824391365 1021
1730357406033 0.062027961015701294 1022
1730357410330 0.07586805522441864 1023
1730357414649 0.07229947298765182 1024
1730357418948 0.04405174404382706 1025
1730357423287 0.20867034792900085 1026
1730357427605 0.06840988993644714 1027
1730357431912 0.07023696601390839 1028
1730357436212 0.044792287051677704 1029
1730357440517 0.08961858600378036 1030
1730357444830 0.12014761567115784 1031
1730357449132 0.11279946565628052 1032
1730357453446 0.05790366977453232 1033
1730357457745 0.06912589818239212 1034
1730357462040 0.07294145226478577 1035
1730357466340 0.06620585173368454 1036
1730357470654 0.1749897599220276 1037
1730357474964 0.11179609596729279 1038
1730357479288 0.1753104031085968 1039
1730357483565 0.009752531535923481 1040
1730357487878 0.06314443051815033 1041
1730357492202 0.22066305577754974 1042
1730357496529 0.08529865741729736 1043
1730357500857 0.0955587700009346 1044
1730357505169 0.09044136106967926 1045
1730357509481 0.08855391293764114 1046
1730357513773 0.0364091582596302 1047
1730357518091 0.07381541281938553 1048
1730357522437 0.07305017113685608 1049
1730357526745 0.07389397919178009 1050
1730357531059 0.13915197551250458 1051
1730357535373 0.09907959401607513 1052
1730357539680 0.07998877763748169 1053
1730357544001 0.14948827028274536 1054
1730357548298 0.05494791269302368 1055
1730357552606 0.04268767312169075 1056
1730357556925 0.06724677979946136 1057
1730357561246 0.11945374310016632 1058
1730357565555 0.0770597755908966 1059
1730357569881 0.11775188148021698 1060
1730357574192 0.03410269692540169 1061
1730357578509 0.046137452125549316 1062
1730357582829 0.07048925757408142 1063
1730357587137 0.06428157538175583 1064
1730357591433 0.09227240830659866 1065
1730357595750 0.11298591643571854 1066
1730357600063 0.15406130254268646 1067
1730357604389 0.07078395783901215 1068
1730357608693 0.012230006977915764 1069
1730357613007 0.051985688507556915 1070
1730357617334 0.11422543227672577 1071
1730357621653 0.09998220205307007 1072
1730357625972 0.10257623344659805 1073
1730357630313 0.10085214674472809 1074
1730357634623 0.0698111355304718 1075
1730357638929 0.02737244963645935 1076
1730357643233 0.11282847821712494 1077
1730357647547 0.03421609848737717 1078
1730357651856 0.15582871437072754 1079
1730357656160 0.02438538148999214 1080
1730357660450 0.05495196580886841 1081
1730357664758 0.07478900253772736 1082
1730357669058 0.08516830205917358 1083
1730357673368 0.03931349515914917 1084
1730357677655 0.053580522537231445 1085
1730357681962 0.07668393850326538 1086
1730357686265 0.08464723080396652 1087
1730357690556 0.14554579555988312 1088
1730357694857 0.05566074326634407 1089
1730357699195 0.29519346356391907 1090
1730357703479 0.03893643990159035 1091
1730357707789 0.07785231620073318 1092
1730357712104 0.12081091850996017 1093
1730357716409 0.2206135243177414 1094
1730357720714 0.02471969835460186 1095
1730357725047 0.07997851818799973 1096
1730357729334 0.14284873008728027 1097
1730357733641 0.12049373984336853 1098
1730357737953 0.12672749161720276 1099
1730357742249 0.08231410384178162 1100
1730357746547 0.049945760518312454 1101
1730357750842 0.04453654587268829 1102
1730357755130 0.26808324456214905 1103
1730357759436 0.16095435619354248 1104
1730357763740 0.21436917781829834 1105
1730357768050 0.06481168419122696 1106
1730357772352 0.11953675746917725 1107
1730357776656 0.14064592123031616 1108
1730357780973 0.10430225729942322 1109
1730357785285 0.08211050927639008 1110
1730357789580 0.09659330546855927 1111
1730357793875 0.07260947674512863 1112
1730357798185 0.11675038188695908 1113
1730357802481 0.062287360429763794 1114
1730357806778 0.07578587532043457 1115
1730357811098 0.20340994000434875 1116
1730357815410 0.15152055025100708 1117
1730357819713 0.08440561592578888 1118
1730357824014 0.08541163802146912 1119
1730357828309 0.05363578721880913 1120
1730357832628 0.13003166019916534 1121
1730357836937 0.07272324711084366 1122
1730357841226 0.07123129069805145 1123
1730357845534 0.09842874109745026 1124
1730357849847 0.07395530492067337 1125
1730357854156 0.0707787424325943 1126
1730357858473 0.2921885848045349 1127
1730357862798 0.07351406663656235 1128
1730357867117 0.2513183057308197 1129
1730357871417 0.05496043339371681 1130
1730357875731 0.29980653524398804 1131
1730357880038 0.17407076060771942 1132
1730357884348 0.09160982072353363 1133
1730357888647 0.07478509843349457 1134
1730357892961 0.22998455166816711 1135
1730357897261 0.059054188430309296 1136
1730357901557 0.27575141191482544 1137
1730357905851 0.08731783926486969 1138
1730357910153 0.05226345732808113 1139
1730357914437 0.16225172579288483 1140
1730357918738 0.10069719702005386 1141
1730357923039 0.05162619799375534 1142
1730357927348 0.12546169757843018 1143
1730357931653 0.08488945662975311 1144
1730357935951 0.05986659228801727 1145
1730357940254 0.08407270908355713 1146
1730357944555 0.04202471673488617 1147
1730357948858 0.06621680408716202 1148
1730357953161 0.07898896932601929 1149
1730357957453 0.061002518981695175 1150
1730357961757 0.10346511006355286 1151
1730357966057 0.08605541288852692 1152
1730357970355 0.2743488550186157 1153
1730357975553 0.06038166582584381 1154
1730357979999 0.08489613234996796 1155
1730357984307 0.1640613079071045 1156
1730357988617 0.09072484821081161 1157
1730357992919 0.10403312742710114 1158
1730357997217 0.054836250841617584 1159
1730358001527 0.09094084799289703 1160
1730358005839 0.09879351407289505 1161
1730358010146 0.07239317148923874 1162
1730358014440 0.19051100313663483 1163
1730358018738 0.04314561188220978 1164
1730358023040 0.11457900702953339 1165
1730358027337 0.09917716681957245 1166
1730358031640 0.2205091416835785 1167
1730358035940 0.06868459284305573 1168
1730358040261 0.0873388946056366 1169
1730358044572 0.10941639542579651 1170
1730358048891 0.11441388726234436 1171
1730358053199 0.045651331543922424 1172
1730358057514 0.09637486934661865 1173
1730358061830 0.07497811317443848 1174
1730358066134 0.08828099071979523 1175
1730358070453 0.10743458569049835 1176
1730358074749 0.030224895104765892 1177
1730358079056 0.07335259020328522 1178
1730358083359 0.08892565965652466 1179
1730358087657 0.06870897114276886 1180
1730358091964 0.058271147310733795 1181
1730358096257 0.06985947489738464 1182
1730358100589 0.11990565061569214 1183
1730358104897 0.05785147845745087 1184
1730358109206 0.09441971033811569 1185
1730358113508 0.07499583065509796 1186
1730358117821 0.12878844141960144 1187
1730358122141 0.1625182032585144 1188
1730358126446 0.12601864337921143 1189
1730358130759 0.17064553499221802 1190
1730358135061 0.07673312723636627 1191
1730358139356 0.09992427378892899 1192
1730358143658 0.06027265638113022 1193
1730358147961 0.10625617206096649 1194
1730358152274 0.1392853558063507 1195
1730358156593 0.0787583440542221 1196
1730358160900 0.06627669185400009 1197
1730358165213 0.10327710211277008 1198
1730358169529 0.33154988288879395 1199
1730358173828 0.06634894758462906 1200
1730358178136 0.07115842401981354 1201
1730358182437 0.0695548951625824 1202
1730358186747 0.08781533688306808 1203
1730358191048 0.08876882493495941 1204
1730358195374 0.16737110912799835 1205
1730358199697 0.23287329077720642 1206
1730358204008 0.06954938173294067 1207
1730358208324 0.10204161703586578 1208
1730358212629 0.06094590574502945 1209
1730358216929 0.062128085643053055 1210
1730358221254 0.06980504095554352 1211
1730358225548 0.13997557759284973 1212
1730358229861 0.20917350053787231 1213
1730358234164 0.11236447095870972 1214
1730358238457 0.07037773728370667 1215
1730358242761 0.07131662964820862 1216
1730358247063 0.07193758338689804 1217
1730358251378 0.09986129403114319 1218
1730358255675 0.08516527712345123 1219
1730358259970 0.08166618645191193 1220
1730358264285 0.19321642816066742 1221
1730358268592 0.057647865265607834 1222
1730358272893 0.07628177106380463 1223
1730358277209 0.10739707946777344 1224
1730358281515 0.08672628551721573 1225
1730358285821 0.09211138635873795 1226
1730358290148 0.07412590086460114 1227
1730358294457 0.07862785458564758 1228
1730358298760 0.09246890991926193 1229
1730358303065 0.16168111562728882 1230
1730358307367 0.04380591958761215 1231
1730358311679 0.09459377825260162 1232
1730358316011 0.13693378865718842 1233
1730358320326 0.08255082368850708 1234
1730358324632 0.11154767125844955 1235
1730358328945 0.07083656638860703 1236
1730358333245 0.12826433777809143 1237
1730358337556 0.06495442986488342 1238
1730358341867 0.08403074741363525 1239
1730358346179 0.1400621235370636 1240
1730358350486 0.05455554276704788 1241
1730358354801 0.05587734282016754 1242
1730358359118 0.10021299868822098 1243
1730358363410 0.02398001030087471 1244
1730358367718 0.0753842443227768 1245
1730358372023 0.046946845948696136 1246
1730358376324 0.08915124088525772 1247
1730358380632 0.1462189257144928 1248
1730358384942 0.10213357955217361 1249
1730358389240 0.1164771169424057 1250
1730358393542 0.07072149962186813 1251
1730358397851 0.09327788650989532 1252
1730358402156 0.08037751168012619 1253
1730358406458 0.08482328057289124 1254
1730358410757 0.07785339653491974 1255
1730358415061 0.08653713017702103 1256
1730358419362 0.09052540361881256 1257
1730358423657 0.05499599874019623 1258
1730358427945 0.017407864332199097 1259
1730358432246 0.2084236741065979 1260
1730358436540 0.0787743628025055 1261
1730358440844 0.06653338670730591 1262
1730358445136 0.09290313720703125 1263
1730358449448 0.10654805600643158 1264
1730358453754 0.07332400977611542 1265
1730358458047 0.09493311494588852 1266
1730358462348 0.07621301710605621 1267
1730358466652 0.09282715618610382 1268
1730358470963 0.15868808329105377 1269
1730358475260 0.11467909812927246 1270
1730358479560 0.09996416419744492 1271
1730358483853 0.05552177131175995 1272
1730358488146 0.07839594781398773 1273
1730358492457 0.06861874461174011 1274
1730358496758 0.07115234434604645 1275
1730358501065 0.09152434766292572 1276
1730358505361 0.05786850303411484 1277
1730358509667 0.08939802646636963 1278
1730358513968 0.04867977648973465 1279
1730358518284 0.13553330302238464 1280
1730358522606 0.12605978548526764 1281
1730358526921 0.09284266829490662 1282
1730358531241 0.19444769620895386 1283
1730358535545 0.10030893236398697 1284
1730358539856 0.1091531366109848 1285
1730358544160 0.08774014562368393 1286
1730358548475 0.14507651329040527 1287
1730358552800 0.08799399435520172 1288
1730358557122 0.09134356677532196 1289
1730358561428 0.05903954058885574 1290
1730358565729 0.13622859120368958 1291
1730358570025 0.03612130135297775 1292
1730358574337 0.07790187001228333 1293
1730358578646 0.05320853739976883 1294
1730358582947 0.06904998421669006 1295
1730358587248 0.11099168658256531 1296
1730358591571 0.10138847678899765 1297
1730358595862 0.05138690024614334 1298
1730358600150 0.016936225816607475 1299
1730358604452 0.1018209308385849 1300
1730358608745 0.09475938975811005 1301
1730358613063 0.10287851840257645 1302
1730358617371 0.1169704720377922 1303
1730358621675 0.058104775846004486 1304
1730358625975 0.02303645759820938 1305
1730358630280 0.11461487412452698 1306
1730358634588 0.08888498693704605 1307
1730358638914 0.11120940744876862 1308
1730358643228 0.22098886966705322 1309
1730358647533 0.07283210754394531 1310
1730358651847 0.11118943244218826 1311
1730358656146 0.14923375844955444 1312
1730358660446 0.4605746865272522 1313
1730358664760 0.08509744703769684 1314
1730358669075 0.05774213373661041 1315
1730358673379 0.10553178191184998 1316
1730358677689 0.0490124374628067 1317
1730358681995 0.07589468359947205 1318
1730358686291 0.07093583047389984 1319
1730358690606 0.04160504788160324 1320
1730358694912 0.10404069721698761 1321
1730358699229 0.16662608087062836 1322
1730358703552 0.17874982953071594 1323
1730358707855 0.07185959070920944 1324
1730358712161 0.10611361265182495 1325
1730358716458 0.10733387619256973 1326
1730358720746 0.0692446380853653 1327
1730358725060 0.06407700479030609 1328
1730358729364 0.08461100608110428 1329
1730358733674 0.04831915348768234 1330
1730358738007 0.16894301772117615 1331
1730358742316 0.07532817870378494 1332
1730358746607 0.08350865542888641 1333
1730358750921 0.07459494471549988 1334
1730358755262 0.19986620545387268 1335
1730358759574 0.10084961354732513 1336
1730358763887 0.11099939048290253 1337
1730358768187 0.04739943891763687 1338
1730358772505 0.09965725988149643 1339
1730358776830 0.25115224719047546 1340
1730358781147 0.341532826423645 1341
1730358785450 0.14039894938468933 1342
1730358789748 0.12865346670150757 1343
1730358794059 0.09160534292459488 1344
1730358798373 0.05707966536283493 1345
1730358802677 0.052706390619277954 1346
1730358806969 0.06361132115125656 1347
1730358811247 0.0056846290826797485 1348
1730358815561 0.1027793139219284 1349
1730358819863 0.11863519996404648 1350
1730358824171 0.05467434972524643 1351
1730358828471 0.06969194114208221 1352
1730358832781 0.08516049385070801 1353
1730358837102 0.0886172279715538 1354
1730358841432 0.1486128568649292 1355
1730358845741 0.09635390341281891 1356
1730358850050 0.10880669951438904 1357
1730358854363 0.08827181160449982 1358
1730358858684 0.09521783143281937 1359
1730358862985 0.08788023889064789 1360
1730358867309 0.10008084028959274 1361
1730358871625 0.06396874040365219 1362
1730358875935 0.10568774491548538 1363
1730358880239 0.07484354823827744 1364
1730358884546 0.05048647150397301 1365
1730358888878 0.14559447765350342 1366
1730358893191 0.10822983086109161 1367
1730358897501 0.04463057219982147 1368
1730358901824 0.08477255702018738 1369
1730358906149 0.11469361186027527 1370
1730358910463 0.10342346876859665 1371
1730358914764 0.09952320158481598 1372
1730358919057 0.12440246343612671 1373
1730358923350 0.06219016760587692 1374
1730358927651 0.08467813581228256 1375
1730358931948 0.055348850786685944 1376
1730358936253 0.11171284317970276 1377
1730358940570 0.13227440416812897 1378
1730358944872 0.13718214631080627 1379
1730358949166 0.04344989359378815 1380
1730358953472 0.11653530597686768 1381
1730358957771 0.08984936773777008 1382
1730358962076 0.07880443334579468 1383
1730358966372 0.08889859914779663 1384
1730358970684 0.09870237857103348 1385
1730358974994 0.06911224126815796 1386
1730358979301 0.10027828812599182 1387
1730358983610 0.344541072845459 1388
1730358987926 0.09314349293708801 1389
1730358992234 0.11611174792051315 1390
1730358996540 0.11074496060609818 1391
1730359000856 0.16224798560142517 1392
1730359005176 0.06718213856220245 1393
1730359009466 0.03455495461821556 1394
1730359013763 0.06278696656227112 1395
1730359018082 0.09714049100875854 1396
1730359022392 0.07675246894359589 1397
1730359026692 0.057283807545900345 1398
1730359031012 0.11651566624641418 1399
1730359035316 0.06860791146755219 1400
1730359039617 0.05044565722346306 1401
1730359043894 0.0023951581679284573 1402
1730359048209 0.11790985614061356 1403
1730359052525 0.06486934423446655 1404
1730359056834 0.0677877739071846 1405
1730359061132 0.09153403341770172 1406
1730359065439 0.08606003224849701 1407
1730359069736 0.07070935517549515 1408
1730359074079 0.08815120160579681 1409
1730359078385 0.10536953806877136 1410
1730359082690 0.12808772921562195 1411
1730359087012 0.06458565592765808 1412
1730359091320 0.10259023308753967 1413
1730359095622 0.11089964956045151 1414
1730359099929 0.11846210062503815 1415
1730359104239 0.09403716027736664 1416
1730359108545 0.3354671001434326 1417
1730359112847 0.055906131863594055 1418
1730359117154 0.1164996325969696 1419
1730359121457 0.08280207216739655 1420
1730359125772 0.16525939106941223 1421
1730359130076 0.07452914118766785 1422
1730359134391 0.16061383485794067 1423
1730359138714 0.08080786466598511 1424
1730359143016 0.07509453594684601 1425
1730359147353 0.36188411712646484 1426
1730359151658 0.10006411373615265 1427
1730359155963 0.08064466714859009 1428
1730359160276 0.06801408529281616 1429
1730359164613 0.0857200175523758 1430
1730359168951 0.14636312425136566 1431
1730359173275 0.13312028348445892 1432
1730359177573 0.025055794045329094 1433
1730359181873 0.09257525950670242 1434
1730359186163 0.12921243906021118 1435
1730359190473 0.07358615100383759 1436
1730359194762 0.18218113481998444 1437
1730359199061 0.09562577307224274 1438
1730359203348 0.08477553725242615 1439
1730359207656 0.16263090074062347 1440
1730359211961 0.1007850393652916 1441
1730359216276 0.11060125380754471 1442
1730359220580 0.0952649638056755 1443
1730359224899 0.08368662744760513 1444
1730359229192 0.050213512033224106 1445
1730359233512 0.20487290620803833 1446
1730359237825 0.12591232359409332 1447
1730359242144 0.08304115384817123 1448
1730359246454 0.19406476616859436 1449
1730359250755 0.060132723301649094 1450
1730359255056 0.11075368523597717 1451
1730359259351 0.08508223295211792 1452
1730359263644 0.06519763916730881 1453
1730359267949 0.05523640289902687 1454
1730359272248 0.0475439727306366 1455
1730359276554 0.10419055819511414 1456
1730359280854 0.09617695957422256 1457
1730359285180 0.09249161928892136 1458
1730359289480 0.16616570949554443 1459
1730359293793 0.21985673904418945 1460
1730359298110 0.3507641553878784 1461
1730359302424 0.11183516681194305 1462
1730359306737 0.11260530352592468 1463
1730359311051 0.1759619414806366 1464
1730359315371 0.11661592125892639 1465
1730359319668 0.0639997273683548 1466
1730359323971 0.0701320618391037 1467
1730359328279 0.06679537892341614 1468
1730359332596 0.06652013957500458 1469
1730359336897 0.08963483572006226 1470
1730359341217 0.06278299540281296 1471
1730359345530 0.0843745544552803 1472
1730359349852 0.06758192926645279 1473
1730359354145 0.06338062882423401 1474
1730359358441 0.09589701890945435 1475
1730359362747 0.09620073437690735 1476
1730359367054 0.09303062409162521 1477
1730359371355 0.2340908944606781 1478
1730359375654 0.09192541241645813 1479
1730359379954 0.0689634457230568 1480
1730359384259 0.22325587272644043 1481
1730359388559 0.12817414104938507 1482
1730359392858 0.05347568541765213 1483
1730359397186 0.2702300250530243 1484
1730359401480 0.08255957067012787 1485
1730359405791 0.2062309980392456 1486
1730359410108 0.09644705802202225 1487
1730359414411 0.09796768426895142 1488
1730359418721 0.01934283785521984 1489
1730359423020 0.07855147868394852 1490
1730359427332 0.09242236614227295 1491
1730359431639 0.09763817489147186 1492
1730359435938 0.07395915687084198 1493
1730359440243 0.059350356459617615 1494
1730359444534 0.10649906098842621 1495
1730359448834 0.08289327472448349 1496
1730359453155 0.0670386403799057 1497
1730359457458 0.10710948705673218 1498
1730359461754 0.06523499637842178 1499
1730359466073 0.07752929627895355 1500
1730359470376 0.0749494880437851 1501
1730359474673 0.09842608869075775 1502
1730359478971 0.12619838118553162 1503
1730359483270 0.09042681753635406 1504
1730359487570 0.07400435954332352 1505
1730359491874 0.10904493182897568 1506
1730359496164 0.21994289755821228 1507
1730359500473 0.07929645478725433 1508
1730359504780 0.08224816620349884 1509
1730359509078 0.055191077291965485 1510
1730359513376 0.053351834416389465 1511
1730359517674 0.1783764362335205 1512
1730359521987 0.15775665640830994 1513
1730359526279 0.09614618867635727 1514
1730359530576 0.11500172317028046 1515
1730359534869 0.05078745633363724 1516
1730359539177 0.1203424334526062 1517
1730359543472 0.06349824368953705 1518
1730359547771 0.1106901541352272 1519
1730359552080 0.06230892241001129 1520
1730359556384 0.09147009253501892 1521
1730359560678 0.05542011559009552 1522
1730359564975 0.10497362911701202 1523
1730359569266 0.08833968639373779 1524
1730359573579 0.10174134373664856 1525
1730359577900 0.14682459831237793 1526
1730359582219 0.1529422253370285 1527
1730359586529 0.05603565275669098 1528
1730359590836 0.11952017992734909 1529
1730359595133 0.27721089124679565 1530
1730359599454 0.13606350123882294 1531
1730359603747 0.07694192975759506 1532
1730359608036 0.0730699971318245 1533
1730359612353 0.16337043046951294 1534
1730359616658 0.06537578254938126 1535
1730359620965 0.2403588593006134 1536
1730359625265 0.10369055718183517 1537
1730359629561 0.19835776090621948 1538
1730359633883 0.1400618851184845 1539
1730359638180 0.049141012132167816 1540
1730359642494 0.07318345457315445 1541
1730359646791 0.06981652230024338 1542
1730359651094 0.0642295554280281 1543
1730359655419 0.11451451480388641 1544
1730359659723 0.1127689778804779 1545
1730359664029 0.27817705273628235 1546
1730359668322 0.08834628760814667 1547
1730359672630 0.10847000777721405 1548
1730359676930 0.07513198256492615 1549
1730359681233 0.07807666063308716 1550
1730359685542 0.05348953977227211 1551
1730359689873 0.1920202374458313 1552
1730359694186 0.18403160572052002 1553
1730359698485 0.16904065012931824 1554
1730359702775 0.13006147742271423 1555
1730359707096 0.09817291051149368 1556
1730359711420 0.22954145073890686 1557
1730359715720 0.08493998646736145 1558
1730359720030 0.09683773666620255 1559
1730359724339 0.12202496826648712 1560
1730359728629 0.06980574131011963 1561
1730359732933 0.09530456364154816 1562
1730359737253 0.11125114560127258 1563
1730359741572 0.278603196144104 1564
1730359745869 0.06270689517259598 1565
1730359750174 0.11431491374969482 1566
1730359754468 0.06900801509618759 1567
1730359758756 0.07712295651435852 1568
1730359763064 0.14228692650794983 1569
1730359767365 0.12104003131389618 1570
1730359771662 0.1801789402961731 1571
1730359775962 0.059944186359643936 1572
1730359780269 0.1266854703426361 1573
1730359784571 0.10244426131248474 1574
1730359788861 0.103550985455513 1575
1730359793165 0.08485300838947296 1576
1730359797479 0.2760835587978363 1577
1730359801782 0.06004547327756882 1578
1730359806085 0.10134550929069519 1579
1730359810375 0.05756253004074097 1580
1730359814672 0.11494520306587219 1581
1730359818967 0.11686815321445465 1582
1730359823274 0.11411815881729126 1583
1730359827573 0.07833938300609589 1584
1730359831867 0.09029419720172882 1585
1730359836184 0.06782928109169006 1586
1730359840475 0.06953831017017365 1587
1730359844774 0.12443149089813232 1588
1730359849063 0.06601930409669876 1589
1730359853362 0.047729019075632095 1590
1730359857643 0.06413208693265915 1591
1730359861963 0.27216237783432007 1592
1730359866261 0.07833489030599594 1593
1730359870562 0.12552586197853088 1594
1730359874839 0.03276948630809784 1595
1730359879146 0.07468417286872864 1596
1730359883442 0.08401766419410706 1597
1730359887732 0.0673961341381073 1598
1730359892035 0.05839191749691963 1599
1730359896336 0.43340998888015747 1600
1730359900624 0.07291784882545471 1601
1730359904935 0.058549098670482635 1602
1730359909245 0.10914856940507889 1603
1730359913554 0.06597301363945007 1604
1730359917846 0.3052794933319092 1605
1730359922147 0.08264097571372986 1606
1730359926439 0.03463931754231453 1607
1730359930727 0.05908840894699097 1608
1730359935031 0.08775826543569565 1609
1730359939339 0.06236336752772331 1610
1730359943649 0.1692388653755188 1611
1730359947943 0.049711406230926514 1612
1730359952244 0.03992098569869995 1613
1730359956559 0.11712297797203064 1614
1730359960860 0.11053059995174408 1615
1730359965144 0.04761594533920288 1616
1730359969460 0.10752753913402557 1617
1730359973794 0.18494945764541626 1618
1730359978078 0.07672015577554703 1619
1730359982389 0.07001450657844543 1620
1730359986678 0.05222674459218979 1621
1730359990982 0.04867321252822876 1622
1730359995272 0.053316615521907806 1623
1730359999577 0.13403233885765076 1624
1730360003866 0.10281430184841156 1625
1730360008165 0.1132991760969162 1626
1730360012461 0.07430330663919449 1627
1730360016736 0.07886490225791931 1628
1730360021045 0.16742871701717377 1629
1730360025358 0.1041119396686554 1630
1730360029639 0.08664917200803757 1631
1730360033939 0.07573593407869339 1632
1730360038231 0.11599930375814438 1633
1730360042529 0.08833149075508118 1634
1730360046823 0.043783120810985565 1635
1730360051128 0.2517775893211365 1636
1730360055426 0.09095457196235657 1637
1730360059720 0.11790960282087326 1638
1730360064030 0.12601716816425323 1639
1730360068328 0.1186942309141159 1640
1730360072637 0.08971385657787323 1641
1730360076942 0.09422310441732407 1642
1730360081252 0.09194708615541458 1643
1730360085563 0.06096993014216423 1644
1730360089845 0.0853491947054863 1645
1730360094123 0.10496319830417633 1646
1730360098424 0.04495541378855705 1647
1730360102719 0.061151452362537384 1648
1730360107024 0.07968884706497192 1649
1730360111329 0.062470778822898865 1650
1730360115649 0.11072584986686707 1651
1730360119938 0.15613240003585815 1652
1730360124223 0.11599239706993103 1653
1730360128515 0.06146298348903656 1654
1730360132813 0.08272635191679001 1655
1730360137096 0.03250361233949661 1656
1730360141383 0.06554093956947327 1657
1730360145686 0.06063617393374443 1658
1730360149975 0.07284900546073914 1659
1730360154261 0.08510784059762955 1660
1730360158549 0.0674794465303421 1661
1730360162855 0.10898226499557495 1662
1730360167164 0.07547825574874878 1663
1730360171473 0.08645977079868317 1664
1730360175765 0.08501583337783813 1665
1730360180061 0.10232476890087128 1666
1730360184356 0.11788102239370346 1667
1730360188650 0.08889923989772797 1668
1730360192957 0.13900898396968842 1669
1730360197245 0.05547620356082916 1670
1730360201544 0.11279910802841187 1671
1730360205857 0.11525259166955948 1672
1730360210162 0.10393219441175461 1673
1730360214467 0.05592743307352066 1674
1730360218770 0.052379533648490906 1675
1730360223068 0.0630762130022049 1676
1730360227371 0.08407900482416153 1677
1730360231678 0.12092599272727966 1678
1730360235962 0.160721093416214 1679
1730360240243 0.10001145303249359 1680
1730360244546 0.1545034795999527 1681
1730360248856 0.08778616786003113 1682
1730360253174 0.1218583807349205 1683
1730360257465 0.12044012546539307 1684
1730360261769 0.10542181134223938 1685
1730360266068 0.11968009173870087 1686
1730360270364 0.0921822190284729 1687
1730360274664 0.08707782626152039 1688
1730360278961 0.10492230951786041 1689
1730360283256 0.05474575608968735 1690
1730360287566 0.04348114877939224 1691
1730360291868 0.2619096338748932 1692
1730360296165 0.09214840829372406 1693
1730360300444 0.026820242404937744 1694
1730360304747 0.17450350522994995 1695
1730360309028 0.04099731892347336 1696
1730360313318 0.07251232862472534 1697
1730360317626 0.08442167937755585 1698
1730360321902 0.02488819509744644 1699
1730360326203 0.07802566140890121 1700
1730360330504 0.0764225572347641 1701
1730360334786 0.04912509024143219 1702
1730360339080 0.11193783581256866 1703
1730360343389 0.08205714821815491 1704
1730360347682 0.09591547399759293 1705
1730360351966 0.08515007793903351 1706
1730360356248 0.04446183890104294 1707
1730360360530 0.03643311932682991 1708
1730360364832 0.02075689285993576 1709
1730360369137 0.06123557314276695 1710
1730360373444 0.09613505750894547 1711
1730360377726 0.08719370514154434 1712
1730360382033 0.08100253343582153 1713
1730360386338 0.10029249638319016 1714
1730360390634 0.14137466251850128 1715
1730360394938 0.06272061169147491 1716
1730360399239 0.08482922613620758 1717
1730360403547 0.09936642646789551 1718
1730360407863 0.06402862071990967 1719
1730360412169 0.07012861222028732 1720
1730360416464 0.08012091368436813 1721
1730360420764 0.06306888163089752 1722
1730360425069 0.08173904567956924 1723
1730360429357 0.07224146276712418 1724
1730360433644 0.06111067533493042 1725
1730360437955 0.0714503824710846 1726
1730360442262 0.17199446260929108 1727
1730360446545 0.08862895518541336 1728
1730360450829 0.026724718511104584 1729
1730360455135 0.11024507880210876 1730
1730360459430 0.1603928804397583 1731
1730360463731 0.10546034574508667 1732
1730360468045 0.12993833422660828 1733
1730360472335 0.13135068118572235 1734
1730360476622 0.10451838374137878 1735
1730360480929 0.0827280730009079 1736
1730360485231 0.06071798503398895 1737
1730360489529 0.07747048139572144 1738
1730360493846 0.06121155619621277 1739
1730360498138 0.11151765286922455 1740
1730360502436 0.07666555047035217 1741
1730360506730 0.07317899912595749 1742
1730360511028 0.08042903244495392 1743
1730360515321 0.169438436627388 1744
1730360519621 0.20902788639068604 1745
1730360523924 0.04215491563081741 1746
1730360528226 0.09323437511920929 1747
1730360532537 0.08574524521827698 1748
1730360536840 0.08572766929864883 1749
1730360541135 0.08908767998218536 1750
1730360545434 0.10384303331375122 1751
1730360549743 0.08926473557949066 1752
1730360554045 0.09790929406881332 1753
1730360558343 0.07900559902191162 1754
1730360562650 0.2422783374786377 1755
1730360566951 0.07049919664859772 1756
1730360571245 0.032490912824869156 1757
1730360575537 0.41294825077056885 1758
1730360579829 0.07731381058692932 1759
1730360584126 0.05694897472858429 1760
1730360588421 0.24683916568756104 1761
1730360592712 0.06689608097076416 1762
1730360596991 0.07861219346523285 1763
1730360601262 0.008681468665599823 1764
1730360605572 0.13119913637638092 1765
1730360609873 0.13315090537071228 1766
1730360614166 0.08393136411905289 1767
1730360618480 0.10361137986183167 1768
1730360622789 0.21681243181228638 1769
1730360627111 0.10593204945325851 1770
1730360631423 0.08759929239749908 1771
1730360635712 0.06046970188617706 1772
1730360640011 0.10521925985813141 1773
1730360644316 0.058593474328517914 1774
1730360648623 0.05289263650774956 1775
1730360652932 0.08990596979856491 1776
1730360657241 0.0752958357334137 1777
1730360661536 0.09158110618591309 1778
1730360665828 0.0636403039097786 1779
1730360670132 0.11055424064397812 1780
1730360674428 0.07529336214065552 1781
1730360678723 0.08069216459989548 1782
1730360683027 0.07344364374876022 1783
1730360687322 0.08878640830516815 1784
1730360691621 0.06504450738430023 1785
1730360695928 0.08276709914207458 1786
1730360700242 0.24202993512153625 1787
1730360704540 0.07538773119449615 1788
1730360708837 0.16370949149131775 1789
1730360713134 0.056669048964977264 1790
1730360717439 0.1029219925403595 1791
1730360721736 0.0983104407787323 1792
1730360726035 0.07079020887613297 1793
1730360730337 0.041962288320064545 1794
1730360734648 0.06684468686580658 1795
1730360738951 0.2575691342353821 1796
1730360743265 0.24211710691452026 1797
1730360747572 0.10899609327316284 1798
1730360751847 0.13311120867729187 1799
1730360756167 0.06457257270812988 1800
1730360760469 0.043980225920677185 1801
1730360764758 0.07490850985050201 1802
1730360769064 0.03141644969582558 1803
1730360773369 0.06221959739923477 1804
1730360777648 0.12811505794525146 1805
1730360781952 0.13937638700008392 1806
1730360786248 0.06942928582429886 1807
1730360790546 0.13498446345329285 1808
1730360794828 0.04796619713306427 1809
1730360799140 0.0831669494509697 1810
1730360803448 0.06280457973480225 1811
1730360807736 0.09519685804843903 1812
1730360812044 0.08934544026851654 1813
1730360816349 0.07943835109472275 1814
1730360820649 0.08699347078800201 1815
1730360824940 0.08329659700393677 1816
1730360829233 0.09275811165571213 1817
1730360833536 0.06376348435878754 1818
1730360837834 0.0993029847741127 1819
1730360842147 0.15034949779510498 1820
1730360846443 0.0916510820388794 1821
1730360850745 0.05967259407043457 1822
1730360855050 0.09659618139266968 1823
1730360859337 0.05691996216773987 1824
1730360863631 0.09762181341648102 1825
1730360867943 0.13696429133415222 1826
1730360872244 0.0820140615105629 1827
1730360876543 0.08712735772132874 1828
1730360880842 0.12838654220104218 1829
1730360885134 0.07624074816703796 1830
1730360889432 0.08088894188404083 1831
1730360893751 0.17458926141262054 1832
1730360898054 0.05187975615262985 1833
1730360902344 0.053359683603048325 1834
1730360906644 0.09391564130783081 1835
1730360910933 0.08630579710006714 1836
1730360915235 0.07720696926116943 1837
1730360919542 0.07146970927715302 1838
1730360923851 0.06721718609333038 1839
1730360928151 0.0801781415939331 1840
1730360932438 0.10077622532844543 1841
1730360936744 0.09156739711761475 1842
1730360941049 0.08396029472351074 1843
1730360945354 0.17290166020393372 1844
1730360949657 0.22852063179016113 1845
1730360953956 0.07975666224956512 1846
1730360958253 0.08677975833415985 1847
1730360962557 0.07285893708467484 1848
1730360966854 0.1326989382505417 1849
1730360971145 0.06789284944534302 1850
1730360975439 0.037237703800201416 1851
1730360979740 0.06463643908500671 1852
1730360984019 0.046010419726371765 1853
1730360988314 0.11665266752243042 1854
1730360992617 0.0461488701403141 1855
1730360996916 0.113874152302742 1856
1730361001218 0.11618802696466446 1857
1730361005502 0.04897896945476532 1858
1730361009790 0.06950603425502777 1859
1730361014067 0.018449096009135246 1860
1730361018365 0.057474058121442795 1861
1730361022652 0.049277856945991516 1862
1730361026955 0.08650586009025574 1863
1730361031252 0.06583090126514435 1864
1730361035551 0.09095627069473267 1865
1730361039833 0.05082836002111435 1866
1730361044136 0.08873406052589417 1867
1730361048446 0.2072914093732834 1868
1730361052742 0.03880354389548302 1869
1730361057044 0.13708703219890594 1870
1730361061338 0.1654999554157257 1871
1730361065635 0.06253989785909653 1872
1730361069940 0.17480669915676117 1873
1730361074237 0.07754348963499069 1874
1730361078547 0.16368357837200165 1875
1730361082848 0.12672829627990723 1876
1730361087144 0.09123744070529938 1877
1730361091454 0.10826295614242554 1878
1730361095778 0.08488352596759796 1879
1730361100075 0.05371071398258209 1880
1730361104357 0.056951262056827545 1881
1730361108651 0.08780622482299805 1882
1730361112947 0.04414350539445877 1883
1730361117234 0.0634598508477211 1884
1730361121514 0.10306129604578018 1885
1730361125801 0.07608622312545776 1886
1730361130109 0.0705718919634819 1887
1730361134398 0.08373624086380005 1888
1730361138692 0.15199925005435944 1889
1730361142980 0.02310243248939514 1890
1730361147273 0.1680116057395935 1891
1730361151577 0.08806605637073517 1892
1730361155870 0.05840799957513809 1893
1730361160167 0.2894885838031769 1894
1730361164447 0.09120164811611176 1895
1730361168753 0.13866202533245087 1896
1730361173044 0.048431895673274994 1897
1730361177340 0.13747000694274902 1898
1730361181616 0.15859363973140717 1899
1730361185911 0.07838602364063263 1900
1730361190196 0.11617518961429596 1901
1730361194495 0.14446240663528442 1902
1730361198797 0.12113138288259506 1903
1730361203079 0.0512206144630909 1904
1730361207375 0.08445928990840912 1905
1730361211679 0.10885666310787201 1906
1730361215953 0.036312174052000046 1907
1730361220279 0.07624854892492294 1908
1730361224564 0.06771648675203323 1909
1730361228852 0.054884523153305054 1910
1730361233146 0.07998816668987274 1911
1730361237456 0.060296766459941864 1912
1730361241738 0.04643863067030907 1913
1730361246021 0.06954681873321533 1914
1730361250290 0.09492368251085281 1915
1730361254594 0.1266653686761856 1916
1730361258879 0.06735643744468689 1917
1730361263170 0.07932759821414948 1918
1730361267482 0.09383906424045563 1919
1730361271782 0.04536319151520729 1920
1730361276071 0.05701499804854393 1921
1730361280369 0.0779789537191391 1922
1730361284664 0.1154511421918869 1923
1730361288970 0.12400126457214355 1924
1730361293258 0.023732561618089676 1925
1730361297555 0.2531299591064453 1926
1730361301850 0.07730022072792053 1927
1730361306139 0.04469985514879227 1928
1730361310436 0.255501925945282 1929
1730361314739 0.0768674984574318 1930
1730361319032 0.05937819927930832 1931
1730361323327 0.06845571845769882 1932
1730361327641 0.06849467754364014 1933
1730361331936 0.06328309327363968 1934
1730361336221 0.06782921403646469 1935
1730361340496 0.06471142172813416 1936
1730361344782 0.3899276852607727 1937
1730361349074 0.06300453841686249 1938
1730361353365 0.09510206431150436 1939
1730361357668 0.09563720971345901 1940
1730361361959 0.06920462846755981 1941
1730361366263 0.14788225293159485 1942
1730361370556 0.036797378212213516 1943
1730361374837 0.09885062277317047 1944
1730361379117 0.0699601098895073 1945
1730361383424 0.04887501522898674 1946
1730361387727 0.09833528846502304 1947
1730361392028 0.0766383707523346 1948
1730361396317 0.06669998914003372 1949
1730361400622 0.07537084072828293 1950
1730361404929 0.08928036689758301 1951
1730361409232 0.13875752687454224 1952
1730361413514 0.09236124902963638 1953
1730361417795 0.08050747215747833 1954
1730361422079 0.05879996716976166 1955
1730361426360 0.09748142957687378 1956
1730361430660 0.13721802830696106 1957
1730361434962 0.0697954073548317 1958
1730361439255 0.07430381327867508 1959
1730361443550 0.06077498942613602 1960
1730361447851 0.10621790587902069 1961
1730361452151 0.05730053037405014 1962
1730361456455 0.10161259770393372 1963
1730361460745 0.44764256477355957 1964
1730361465039 0.050161659717559814 1965
1730361469338 0.13178212940692902 1966
1730361473643 0.06685591489076614 1967
1730361477937 0.07915033400058746 1968
1730361482215 0.09773977100849152 1969
1730361486497 0.07863810658454895 1970
1730361490782 0.12015853822231293 1971
1730361495079 0.0855179950594902 1972
1730361499371 0.09794659912586212 1973
1730361503660 0.06666652113199234 1974
1730361507967 0.08831149339675903 1975
1730361512276 0.0991598516702652 1976
1730361516576 0.08833099156618118 1977
1730361520881 0.0905960276722908 1978
1730361525159 0.0596490204334259 1979
1730361529455 0.10419955104589462 1980
1730361533763 0.08438734710216522 1981
1730361538049 0.07405083626508713 1982
1730361542343 0.09213845431804657 1983
1730361546621 0.066515251994133 1984
1730361550905 0.06592036038637161 1985
1730361555189 0.11944597959518433 1986
1730361559478 0.06890910118818283 1987
1730361563776 0.10543456673622131 1988
1730361568063 0.10094450414180756 1989
1730361572344 0.04598347842693329 1990
1730361576637 0.06486521661281586 1991
1730361580931 0.08888763934373856 1992
1730361585236 0.06886608153581619 1993
1730361589530 0.08268310874700546 1994
1730361593812 0.07008468359708786 1995
1730361598099 0.046152230352163315 1996
1730361602379 0.056762419641017914 1997
1730361606647 0.02696518786251545 1998
1730361610964 0.18746556341648102 1999
1730361616280 0.11416450142860413 2000
1730361923773 0.05712498724460602 2001
1730361928095 0.09895270317792892 2002
1730361932409 0.07750152796506882 2003
1730361936714 0.09231062233448029 2004
1730361941040 0.20555329322814941 2005
1730361945367 0.047958001494407654 2006
1730361949694 0.08175642043352127 2007
1730361954017 0.10332326591014862 2008
1730361958333 0.09726651012897491 2009
1730361962670 0.10156252980232239 2010
1730361966986 0.08542609214782715 2011
1730361971299 0.0806969404220581 2012
1730361975620 0.15267148613929749 2013
1730361979950 0.10767953842878342 2014
1730361984267 0.09623505920171738 2015
1730361988583 0.02543647401034832 2016
1730361992911 0.17019617557525635 2017
1730361997212 0.07040277123451233 2018
1730362001530 0.05825972557067871 2019
1730362005862 0.1103481873869896 2020
1730362010197 0.17822255194187164 2021
1730362014512 0.071965791285038 2022
1730362018839 0.0590166375041008 2023
1730362023168 0.19614428281784058 2024
1730362027495 0.0919312834739685 2025
1730362031823 0.2727595567703247 2026
1730362036155 0.06048024445772171 2027
1730362040489 0.1024603545665741 2028
1730362044803 0.07741601765155792 2029
1730362049138 0.11174491792917252 2030
1730362053460 0.024277430027723312 2031
1730362057781 0.06658653914928436 2032
1730362062101 0.11029039323329926 2033
1730362066406 0.05273833125829697 2034
1730362070712 0.1377287656068802 2035
1730362075051 0.12285848706960678 2036
1730362079385 0.06763938814401627 2037
1730362083691 0.04789167270064354 2038
1730362088013 0.07348416745662689 2039
1730362092325 0.1017606109380722 2040
1730362096655 0.09911690652370453 2041
1730362100982 0.10938125848770142 2042
1730362105306 0.062253437936306 2043
1730362109643 0.060541100800037384 2044
1730362113976 0.10211034119129181 2045
1730362118312 0.10167108476161957 2046
1730362122629 0.09360918402671814 2047
1730362126957 0.09364315122365952 2048
1730362131276 0.04718434065580368 2049
1730362135600 0.18946236371994019 2050
1730362139909 0.05757244676351547 2051
1730362144227 0.11097988486289978 2052
1730362148552 0.19769376516342163 2053
1730362152881 0.05561840534210205 2054
1730362157203 0.10998193919658661 2055
1730362161512 0.06849449127912521 2056
1730362165829 0.06634272634983063 2057
1730362170145 0.09336622059345245 2058
1730362174466 0.06384056806564331 2059
1730362178785 0.1594649851322174 2060
1730362183092 0.10383531451225281 2061
1730362187407 0.05988585948944092 2062
1730362191748 0.06056992709636688 2063
1730362196069 0.045104146003723145 2064
1730362200388 0.07939572632312775 2065
1730362204699 0.08977873623371124 2066
1730362209008 0.07110215723514557 2067
1730362213317 0.10587579011917114 2068
1730362217614 0.04979291185736656 2069
1730362221920 0.08792625367641449 2070
1730362226217 0.09250666946172714 2071
1730362230533 0.055044859647750854 2072
1730362234851 0.06341710686683655 2073
1730362239159 0.12316489219665527 2074
1730362243477 0.1252378225326538 2075
1730362247793 0.14050805568695068 2076
1730362252090 0.08024527132511139 2077
1730362256404 0.05633240193128586 2078
1730362260702 0.059581879526376724 2079
1730362264996 0.14319497346878052 2080
1730362269304 0.13370013236999512 2081
1730362273600 0.09989626705646515 2082
1730362277906 0.16686877608299255 2083
1730362282206 0.08468611538410187 2084
1730362286504 0.06290996819734573 2085
1730362290807 0.13836777210235596 2086
1730362295091 0.5750210285186768 2087
1730362299391 0.04846194386482239 2088
1730362303694 0.08394354581832886 2089
1730362307989 0.08560553193092346 2090
1730362312290 0.08566184341907501 2091
1730362316585 0.09560206532478333 2092
1730362320890 0.07674410194158554 2093
1730362325191 0.07265806198120117 2094
1730362329491 0.059383489191532135 2095
1730362333794 0.10660144686698914 2096
1730362338093 0.06570114195346832 2097
1730362342395 0.0600503534078598 2098
1730362346691 0.10134223103523254 2099
1730362350995 0.062025245279073715 2100
1730362355290 0.08154813945293427 2101
1730362359594 0.09687581658363342 2102
1730362363947 0.08006319403648376 2103
1730362368252 0.097278892993927 2104
1730362372577 0.22009596228599548 2105
1730362376874 0.08244805783033371 2106
1730362381173 0.07426256686449051 2107
1730362385471 0.1283050775527954 2108
1730362389773 0.8618671298027039 2109
1730362394057 0.011882707476615906 2110
1730362398360 0.11729688942432404 2111
1730362402668 0.1162266880273819 2112
1730362406979 0.10560061037540436 2113
1730362411280 0.07358087599277496 2114
1730362415578 0.07453978061676025 2115
1730362419874 0.08536481112241745 2116
1730362424162 0.03287096321582794 2117
1730362428462 0.005587337072938681 2118
1730362432769 0.06786860525608063 2119
1730362437082 0.07825256884098053 2120
1730362441387 0.0897260308265686 2121
1730362445697 0.09989491105079651 2122
1730362449994 0.09045112133026123 2123
1730362454292 0.11206302046775818 2124
1730362458591 0.05828914791345596 2125
1730362462891 0.09926299750804901 2126
1730362467189 0.06620608270168304 2127
1730362471491 0.04881694167852402 2128
1730362475801 0.20424462854862213 2129
1730362480110 0.12648193538188934 2130
1730362484447 0.11778604984283447 2131
1730362488758 0.1803261637687683 2132
1730362493060 0.07118687033653259 2133
1730362497373 0.10803980380296707 2134
1730362501676 0.06663317233324051 2135
1730362505973 0.07722075283527374 2136
1730362510283 0.08419126272201538 2137
1730362514585 0.08740919083356857 2138
1730362518893 0.2876385748386383 2139
1730362523194 0.10870995372533798 2140
1730362527496 0.06281708180904388 2141
1730362531796 0.0741075649857521 2142
1730362536093 0.18589961528778076 2143
1730362540399 0.16258449852466583 2144
1730362544715 0.16490115225315094 2145
1730362549018 0.10115663707256317 2146
1730362553305 0.1070488840341568 2147
1730362557610 0.07676329463720322 2148
1730362561918 0.1600399911403656 2149
1730362566209 0.09511177241802216 2150
1730362570532 0.0956483855843544 2151
1730362574844 0.07931990176439285 2152
1730362579146 0.069322869181633 2153
1730362583458 0.07903086394071579 2154
1730362587762 0.06260567903518677 2155
1730362592089 0.10337762534618378 2156
1730362596395 0.09046835452318192 2157
1730362600691 0.019151251763105392 2158
1730362605012 0.12110593914985657 2159
1730362609305 0.09004900604486465 2160
1730362613612 0.18010717630386353 2161
1730362617925 0.11474316567182541 2162
1730362622230 0.06794395297765732 2163
1730362626555 0.07833684235811234 2164
1730362630836 0.08133332431316376 2165
1730362635153 0.14486980438232422 2166
1730362639447 0.20935523509979248 2167
1730362643750 0.06784385442733765 2168
1730362648055 0.18435223400592804 2169
1730362652359 0.07434762269258499 2170
1730362656664 0.07217998802661896 2171
1730362660965 0.07314494252204895 2172
1730362665277 0.12063433974981308 2173
1730362669578 0.15392746031284332 2174
1730362673882 0.08239039778709412 2175
1730362678164 0.04970312863588333 2176
1730362682460 0.08838967978954315 2177
1730362686765 0.07963011413812637 2178
1730362691076 0.07205502688884735 2179
1730362695375 0.5827116370201111 2180
1730362699692 0.18304972350597382 2181
1730362703992 0.12376905977725983 2182
