1729516608407 0.13615936040878296 1
1729516612782 0.06623947620391846 2
1729516616603 0.22154763340950012 3
1729516620870 0.08665046840906143 4
1729516625120 0.03894691541790962 5
1729516629415 0.2558460533618927 6
1729516633712 0.11370111256837845 7
1729516637580 0.10254476219415665 8
1729516641886 0.13461321592330933 9
1729516646200 0.07774882018566132 10
1729516650074 0.2768096923828125 11
1729516654396 0.05777139589190483 12
1729516658721 0.0818849727511406 13
1729516663057 0.0826101303100586 14
1729516667396 0.11983001977205276 15
1729516671731 0.18094590306282043 16
1729516676070 0.12466156482696533 17
1729516680405 0.04747848957777023 18
1729516684297 0.1634821742773056 19
1729516688647 0.1741240918636322 20
1729516692981 0.06172198802232742 21
1729516696883 0.11737534403800964 22
1729516701237 0.10008098185062408 23
1729516705586 0.11053596436977386 24
1729516709927 0.06202390789985657 25
1729516713821 0.06444757431745529 26
1729516718163 0.12477340549230576 27
1729516722512 0.07048791646957397 28
1729516726872 0.1667041778564453 29
1729516731232 0.10962210595607758 30
1729516735576 0.0666288286447525 31
1729516739924 0.14782264828681946 32
1729516744294 0.1729145646095276 33
1729516748649 0.1941630095243454 34
1729516752997 0.14662162959575653 35
1729516757337 0.08258134871721268 36
1729516761249 0.28769782185554504 37
1729516765588 0.06639599800109863 38
1729516769493 0.13045506179332733 39
1729516773834 0.04810803756117821 40
1729516778187 0.16431769728660583 41
1729516782538 0.1519930064678192 42
1729516786442 0.08557139337062836 43
1729516790788 0.06051208823919296 44
1729516795129 0.11330799758434296 45
1729516799491 0.1624421775341034 46
1729516803865 0.12460727989673615 47
1729516808211 0.11462408304214478 48
1729516812558 0.11597801744937897 49
1729516816908 0.13236971199512482 50
1729516821260 0.09479408711194992 51
1729516825598 0.04293620586395264 52
1729516829501 0.12163624912500381 53
1729516833852 0.11493254452943802 54
1729516838202 0.08162564784288406 55
1729516842541 0.09096501767635345 56
1729516846881 0.09929341077804565 57
1729516851232 0.09340240061283112 58
1729516855577 0.06317691504955292 59
1729516859937 0.1780288815498352 60
1729516863839 0.20699137449264526 61
1729516868180 0.07238157093524933 62
1729516872522 0.11153443157672882 63
1729516876876 0.13121426105499268 64
1729516881226 0.06002836674451828 65
1729516885579 0.059448760002851486 66
1729516889918 0.1088968962430954 67
1729516894259 0.09019376337528229 68
1729516898600 0.09855957329273224 69
1729516902952 0.08407115936279297 70
1729516907308 0.13611885905265808 71
1729516911647 0.11251349747180939 72
1729516916014 0.15252378582954407 73
1729516920352 0.10478265583515167 74
1729516924709 0.1782580018043518 75
1729516929065 0.18136827647686005 76
1729516933409 0.1071653962135315 77
1729516937741 0.07823741436004639 78
1729516942092 0.11694175004959106 79
1729516946448 0.11589875817298889 80
1729516950802 0.18594461679458618 81
1729516955148 0.11479098349809647 82
1729516959490 0.07280664145946503 83
1729516963841 0.14760492742061615 84
1729516968193 0.17627297341823578 85
1729516972546 0.10397940874099731 86
1729516976890 0.043537966907024384 87
1729516981236 0.14028805494308472 88
1729516985587 0.1742425411939621 89
1729516989936 0.10571053624153137 90
1729516994293 0.11016980558633804 91
1729516998646 0.11867668479681015 92
1729517002979 0.07588660717010498 93
1729517007325 0.09490229189395905 94
1729517011672 0.06674735248088837 95
1729517015577 0.13922995328903198 96
1729517019931 0.05219978839159012 97
1729517023830 0.10330963134765625 98
1729517028170 0.08805683255195618 99
1729517032069 0.07391251623630524 100
1729517036426 0.07015775889158249 101
1729517040336 0.3335404396057129 102
1729517044686 0.09916070103645325 103
1729517049029 0.07096392661333084 104
1729517053376 0.10537870228290558 105
1729517057743 0.15930864214897156 106
1729517061648 0.12091873586177826 107
1729517066000 0.0729798972606659 108
1729517069894 0.24322594702243805 109
1729517074245 0.08811429142951965 110
1729517078606 0.1205635592341423 111
1729517082962 0.12216789275407791 112
1729517087308 0.1480361372232437 113
1729517091640 0.05606607720255852 114
1729517095985 0.10842055827379227 115
1729517100340 0.08463632315397263 116
1729517104700 0.09722496569156647 117
1729517109046 0.11944460868835449 118
1729517113429 0.10644856095314026 119
1729517117805 0.09609727561473846 120
1729517122153 0.10360120981931686 121
1729517126497 0.07662634551525116 122
1729517130840 0.054403141140937805 123
1729517135222 0.05912578105926514 124
1729517139609 0.07938221842050552 125
1729517144312 0.09083258360624313 126
1729517148698 0.07151639461517334 127
1729517153044 0.10132279992103577 128
1729517157376 0.056586310267448425 129
1729517161711 0.030230360105633736 130
1729517166057 0.2712860107421875 131
1729517170392 0.06913631409406662 132
1729517174714 0.030988113954663277 133
1729517178604 0.11179126799106598 134
1729517182939 0.08985535800457001 135
1729517186834 0.14795809984207153 136
1729517191175 0.11774034798145294 137
1729517195503 0.0764957144856453 138
1729517199824 0.03360721468925476 139
1729517204156 0.08151237666606903 140
1729517208494 0.11796033382415771 141
1729517212845 0.153558611869812 142
1729517217200 0.16129833459854126 143
1729517221538 0.15673288702964783 144
1729517225871 0.09846323728561401 145
1729517230213 0.12074528634548187 146
1729517234560 0.13843975961208344 147
1729517238894 0.135284423828125 148
1729517243224 0.07129473239183426 149
1729517247549 0.08669857680797577 150
1729517251892 0.09370754659175873 151
1729517256229 0.11934374272823334 152
1729517260555 0.08750466257333755 153
1729517264890 0.0878370851278305 154
1729517268777 0.06789764761924744 155
1729517273127 0.09785963594913483 156
1729517277470 0.07433358579874039 157
1729517281802 0.11854126304388046 158
1729517286137 0.10197986662387848 159
1729517290472 0.08215707540512085 160
1729517294816 0.0905485600233078 161
1729517299147 0.10321550071239471 162
1729517303484 0.0693710669875145 163
1729517307825 0.11937110871076584 164
1729517311737 0.3479677140712738 165
1729517316083 0.08473452925682068 166
1729517320438 0.04944582283496857 167
1729517324784 0.0709182396531105 168
1729517329136 0.11010205000638962 169
1729517333493 0.11427287757396698 170
1729517337396 0.09910082817077637 171
1729517341745 0.09734460711479187 172
1729517346094 0.06592538952827454 173
1729517350446 0.10361173748970032 174
1729517354799 0.10398706048727036 175
1729517359137 0.05063953623175621 176
1729517363485 0.0785462036728859 177
1729517367832 0.1468588411808014 178
1729517372185 0.0783599317073822 179
1729517376534 0.11994431912899017 180
1729517380889 0.12647202610969543 181
1729517385251 0.13814795017242432 182
1729517389607 0.15120983123779297 183
1729517393947 0.06074853986501694 184
1729517398286 0.07282914221286774 185
1729517402637 0.11531852930784225 186
1729517406989 0.0841982364654541 187
1729517411336 0.08589253574609756 188
1729517415687 0.08368261158466339 189
1729517420035 0.14875715970993042 190
1729517424387 0.08594323694705963 191
1729517428741 0.1094706654548645 192
1729517432649 0.36650577187538147 193
1729517436997 0.077982097864151 194
1729517441348 0.08836395293474197 195
1729517445699 0.1271970272064209 196
1729517450047 0.08431379497051239 197
1729517454399 0.11459659785032272 198
1729517458740 0.07712434232234955 199
1729517463090 0.1587553173303604 200
1729517467448 0.1232035756111145 201
1729517471793 0.11682643741369247 202
1729517476146 0.12392904609441757 203
1729517480491 0.1049201488494873 204
1729517484836 0.05498463660478592 205
1729517489184 0.05662933737039566 206
1729517493535 0.1338159143924713 207
1729517497881 0.10354853421449661 208
1729517502220 0.06251472979784012 209
1729517506569 0.1164337694644928 210
1729517510922 0.1272277981042862 211
1729517515279 0.0832652598619461 212
1729517519634 0.11210373044013977 213
1729517523986 0.07740907371044159 214
1729517528336 0.07389916479587555 215
1729517532690 0.13553383946418762 216
1729517537040 0.08205622434616089 217
1729517541394 0.11069781333208084 218
1729517545745 0.1186394989490509 219
1729517549659 0.1924256682395935 220
1729517553567 0.1716105043888092 221
1729517557920 0.22481340169906616 222
1729517562285 0.16581523418426514 223
1729517566627 0.07676167786121368 224
1729517570970 0.09066420793533325 225
1729517575315 0.17768633365631104 226
1729517579653 0.07209114730358124 227
1729517584004 0.0803752914071083 228
1729517587909 0.09553740918636322 229
1729517592269 0.16877619922161102 230
1729517596623 0.19456927478313446 231
1729517600956 0.03444166108965874 232
1729517605310 0.09566093981266022 233
1729517609653 0.04408299922943115 234
1729517614001 0.09710481017827988 235
1729517618354 0.0684250220656395 236
1729517622705 0.11776961386203766 237
1729517627051 0.1202714592218399 238
1729517631402 0.12244629859924316 239
1729517635751 0.12978188693523407 240
1729517640098 0.07142353057861328 241
1729517644439 0.046997182071208954 242
1729517648774 0.05629139021039009 243
1729517653123 0.11166010797023773 244
1729517657468 0.08549563586711884 245
1729517661812 0.10960619151592255 246
1729517666168 0.11044785380363464 247
1729517670520 0.12327557802200317 248
1729517674872 0.12429220974445343 249
1729517679210 0.08651897311210632 250
1729517683561 0.17731130123138428 251
1729517687910 0.09749695658683777 252
1729517692255 0.07991169393062592 253
1729517696609 0.10609343647956848 254
1729517700954 0.1270453780889511 255
1729517705302 0.11396799981594086 256
1729517709654 0.2309388369321823 257
1729517714001 0.1052776426076889 258
1729517718348 0.050363510847091675 259
1729517722703 0.35979390144348145 260
1729517727052 0.0949503630399704 261
1729517731403 0.08665236830711365 262
1729517735746 0.07578987628221512 263
1729517740093 0.12706676125526428 264
1729517744445 0.13793909549713135 265
1729517748792 0.09221254289150238 266
1729517753156 0.20849356055259705 267
1729517757059 0.1177910566329956 268
1729517761412 0.08552040904760361 269
1729517765746 0.06887494027614594 270
1729517770098 0.1546151041984558 271
1729517774445 0.08572842180728912 272
1729517778797 0.13219836354255676 273
1729517783152 0.10629613697528839 274
1729517787484 0.05291692167520523 275
1729517791387 0.192090705037117 276
1729517795736 0.3299807012081146 277
1729517799652 0.23205997049808502 278
1729517803997 0.0901888981461525 279
1729517808347 0.1093066930770874 280
1729517812688 0.043135955929756165 281
1729517817053 0.13273769617080688 282
1729517821412 0.09724435210227966 283
1729517825757 0.1290634572505951 284
1729517830105 0.1479964554309845 285
1729517834464 0.07137110829353333 286
1729517838823 0.16646498441696167 287
1729517843170 0.09071130305528641 288
1729517847505 0.04573577269911766 289
1729517851851 0.14264145493507385 290
1729517856197 0.14789806306362152 291
1729517860564 0.10187099874019623 292
1729517864904 0.12320996075868607 293
1729517869254 0.1297585815191269 294
1729517873605 0.10305610299110413 295
1729517877952 0.05988352745771408 296
1729517882307 0.1252489984035492 297
1729517886647 0.07553663849830627 298
1729517890997 0.07676179707050323 299
1729517894972 0.08995238691568375 300
1729517899318 0.13795983791351318 301
1729517903669 0.14934460818767548 302
1729517908017 0.07931321859359741 303
1729517912371 0.1010490208864212 304
1729517916723 0.04918133467435837 305
1729517921080 0.1437089890241623 306
1729517925440 0.20463868975639343 307
1729517929349 0.18531151115894318 308
1729517933696 0.1537620723247528 309
1729517938036 0.10228743404150009 310
1729517942388 0.1155097559094429 311
1729517946734 0.06259103119373322 312
1729517951085 0.07811347395181656 313
1729517955432 0.07187428325414658 314
1729517959776 0.057211071252822876 315
1729517964121 0.12122249603271484 316
1729517968467 0.08298744261264801 317
1729517972816 0.147301584482193 318
1729517977158 0.09436798840761185 319
1729517981502 0.10528631508350372 320
1729517985858 0.0864715576171875 321
1729517990216 0.11545830219984055 322
1729517994558 0.09729553014039993 323
1729517998910 0.17501160502433777 324
1729518003258 0.1730884313583374 325
1729518007606 0.06656692922115326 326
1729518011957 0.07233412563800812 327
1729518016317 0.16788963973522186 328
1729518020675 0.17782332003116608 329
1729518025019 0.0865526795387268 330
1729518029396 0.11494947224855423 331
1729518033755 0.13665947318077087 332
1729518038108 0.10300081223249435 333
1729518042457 0.09801775962114334 334
1729518046806 0.14095014333724976 335
1729518051154 0.07979819923639297 336
1729518055507 0.10027021914720535 337
1729518059853 0.11005200445652008 338
1729518064197 0.14692483842372894 339
1729518068554 0.08665654063224792 340
1729518072898 0.18120291829109192 341
1729518077241 0.03680957481265068 342
1729518081591 0.14961302280426025 343
1729518085936 0.07244797050952911 344
1729518090286 0.16404792666435242 345
1729518094623 0.05383323132991791 346
1729518098974 0.0717201828956604 347
1729518103316 0.08820614218711853 348
1729518107670 0.1408625841140747 349
1729518112016 0.07795776426792145 350
1729518116356 0.11515168845653534 351
1729518120698 0.04851190745830536 352
1729518125047 0.13762223720550537 353
1729518129400 0.10360653698444366 354
1729518133751 0.19738848507404327 355
1729518138097 0.10609810054302216 356
1729518142446 0.05817104130983353 357
1729518146806 0.25293228030204773 358
1729518151158 0.0812576487660408 359
1729518155509 0.07550637423992157 360
1729518159853 0.10140626132488251 361
1729518164205 0.15159907937049866 362
1729518168557 0.07266928255558014 363
1729518172898 0.060797084122896194 364
1729518177246 0.09280714392662048 365
1729518181589 0.050772055983543396 366
1729518185938 0.09421931207180023 367
1729518190294 0.1634102165699005 368
1729518194192 0.09925950318574905 369
1729518198537 0.08847537636756897 370
1729518202891 0.09398379921913147 371
1729518207227 0.05404755473136902 372
1729518211578 0.08802030980587006 373
1729518215932 0.11405061930418015 374
1729518220280 0.08735914528369904 375
1729518224177 0.09776543825864792 376
1729518228526 0.17506009340286255 377
1729518232870 0.08038432151079178 378
1729518236786 0.19546841084957123 379
1729518240688 0.07389652729034424 380
1729518245039 0.08165394514799118 381
1729518249388 0.11358274519443512 382
1729518253724 0.06441592425107956 383
1729518258075 0.11731313169002533 384
1729518262426 0.08770547807216644 385
1729518266780 0.09199471026659012 386
1729518271131 0.13196837902069092 387
1729518275475 0.052990514785051346 388
1729518279820 0.09466962516307831 389
1729518283725 0.1308913230895996 390
1729518288080 0.0800461694598198 391
1729518292420 0.07571117579936981 392
1729518296774 0.09718900918960571 393
1729518301116 0.06267945468425751 394
1729518305474 0.08488477766513824 395
1729518309833 0.17485478520393372 396
1729518314191 0.1348440945148468 397
1729518318539 0.10043555498123169 398
1729518322885 0.10834594070911407 399
1729518327244 0.14650757610797882 400
1729518331593 0.07156524062156677 401
1729518335951 0.14561329782009125 402
1729518340301 0.1378043293952942 403
1729518344655 0.1244744285941124 404
1729518348999 0.048626404255628586 405
1729518353360 0.13201451301574707 406
1729518357711 0.06495101749897003 407
1729518362061 0.07788055390119553 408
1729518366396 0.06827063113451004 409
1729518370747 0.09776116907596588 410
1729518375107 0.121365025639534 411
1729518379459 0.07986408472061157 412
1729518383802 0.05271720513701439 413
1729518388155 0.054791443049907684 414
1729518392506 0.1415737122297287 415
1729518396859 0.11858345568180084 416
1729518401212 0.11614114046096802 417
1729518405565 0.10008469223976135 418
1729518409920 0.10759738087654114 419
1729518414255 0.06428048759698868 420
1729518418613 0.1660420298576355 421
1729518422961 0.09624825417995453 422
1729518427301 0.06902366876602173 423
1729518431653 0.09424632042646408 424
1729518435551 0.12676945328712463 425
1729518439908 0.1837494820356369 426
1729518444260 0.1343855857849121 427
1729518448616 0.13641388714313507 428
1729518452960 0.08877958357334137 429
1729518457305 0.11346311867237091 430
1729518461657 0.06473206728696823 431
1729518466020 0.17208492755889893 432
1729518470363 0.09463836252689362 433
1729518474713 0.09621690958738327 434
1729518479053 0.0860598236322403 435
1729518483404 0.16325102746486664 436
1729518487761 0.15420100092887878 437
1729518492103 0.06499681621789932 438
1729518496450 0.06475900858640671 439
1729518500804 0.1230975091457367 440
1729518505153 0.07158096134662628 441
1729518509498 0.05711996555328369 442
1729518513843 0.09849978238344193 443
1729518518194 0.08815290033817291 444
1729518522543 0.11579607427120209 445
1729518526908 0.1695842742919922 446
1729518531262 0.10082635283470154 447
1729518535616 0.03533773124217987 448
1729518539962 0.09689903259277344 449
1729518544309 0.08499710261821747 450
1729518548702 0.10044398903846741 451
1729518553050 0.09986840933561325 452
1729518557404 0.07899804413318634 453
1729518561751 0.08924517035484314 454
1729518566094 0.06700985878705978 455
1729518570452 0.18162062764167786 456
1729518574804 0.08805011212825775 457
1729518579160 0.0967307984828949 458
1729518583511 0.09818222373723984 459
1729518587855 0.06758597493171692 460
1729518591759 0.13213936984539032 461
1729518596117 0.0799979418516159 462
1729518600465 0.0845811665058136 463
1729518604816 0.0905677080154419 464
1729518609160 0.0516887865960598 465
1729518613513 0.1600106805562973 466
1729518617864 0.09639386087656021 467
1729518622217 0.1218096986413002 468
1729518626558 0.06392592191696167 469
1729518630906 0.09525393694639206 470
1729518635261 0.20447787642478943 471
1729518639611 0.11664724349975586 472
1729518643954 0.045724403113126755 473
1729518648309 0.07448872178792953 474
1729518652658 0.06687696278095245 475
1729518657006 0.09828934073448181 476
1729518661355 0.0531337670981884 477
1729518665700 0.06835764646530151 478
1729518670057 0.12021764367818832 479
1729518673958 0.11102642118930817 480
1729518678300 0.06408863514661789 481
1729518682646 0.18912258744239807 482
1729518686997 0.09221336245536804 483
1729518690901 0.13649380207061768 484
1729518695245 0.11685165762901306 485
1729518699592 0.12010903656482697 486
1729518703946 0.1338757872581482 487
1729518708298 0.11406117677688599 488
1729518712650 0.07835496962070465 489
1729518717000 0.10694631934165955 490
1729518721350 0.1250208616256714 491
1729518725708 0.09296199679374695 492
1729518730056 0.051056183874607086 493
1729518734405 0.07899481058120728 494
1729518738757 0.1271945834159851 495
1729518742662 0.16383159160614014 496
1729518747024 0.139308899641037 497
1729518751382 0.14258530735969543 498
1729518755738 0.0659148246049881 499
1729518760093 0.1573547124862671 500
1729518764438 0.057172875851392746 501
1729518768784 0.08313174545764923 502
1729518773133 0.14370858669281006 503
1729518777487 0.08886149525642395 504
1729518781833 0.12239976227283478 505
1729518786192 0.10707664489746094 506
1729518790539 0.07215750962495804 507
1729518794894 0.1524074375629425 508
1729518799253 0.14453929662704468 509
1729518803603 0.04664027690887451 510
1729518807960 0.08045020699501038 511
1729518812307 0.09144392609596252 512
1729518816653 0.054626449942588806 513
1729518820551 0.09217890352010727 514
1729518824908 0.09542608261108398 515
1729518829259 0.10452236980199814 516
1729518833609 0.12441708147525787 517
1729518837502 0.1112263947725296 518
1729518841865 0.09712071716785431 519
1729518846218 0.07044047862291336 520
1729518850569 0.10737474262714386 521
1729518854482 0.2463085800409317 522
1729518858380 0.1329108476638794 523
1729518862727 0.07948734611272812 524
1729518866623 0.18076154589653015 525
1729518870974 0.10556529462337494 526
1729518875327 0.18009476363658905 527
1729518879670 0.10978387296199799 528
1729518884019 0.1395770013332367 529
1729518888372 0.12421652674674988 530
1729518892723 0.175715371966362 531
1729518897076 0.11015686392784119 532
1729518901421 0.2053142786026001 533
1729518905762 0.08565498888492584 534
1729518910118 0.0950063169002533 535
1729518914470 0.11539356410503387 536
1729518918819 0.06220756471157074 537
1729518922723 0.20178447663784027 538
1729518927070 0.09993448108434677 539
1729518931420 0.07334457337856293 540
1729518935767 0.053434066474437714 541
1729518940116 0.14701995253562927 542
1729518944461 0.06591616570949554 543
1729518948810 0.0880795568227768 544
1729518953156 0.09037372469902039 545
1729518957498 0.05815467610955238 546
1729518961851 0.10898451507091522 547
1729518966202 0.11236231029033661 548
1729518970600 0.20656655728816986 549
1729518975004 0.052052706480026245 550
1729518979360 0.1401921659708023 551
1729518983722 0.06812606006860733 552
1729518987637 0.1266927421092987 553
1729518991984 0.11403560638427734 554
1729518996338 0.06114387512207031 555
1729519000672 0.13101831078529358 556
1729519005026 0.13008685410022736 557
1729519009374 0.05821491777896881 558
1729519013718 0.1021760106086731 559
1729519018047 0.06338228285312653 560
1729519022383 0.12578432261943817 561
1729519026736 0.12224280834197998 562
1729519031076 0.11625289916992188 563
1729519035417 0.09276941418647766 564
1729519039748 0.08416448533535004 565
1729519044076 0.07069484889507294 566
1729519048422 0.09749428182840347 567
1729519052760 0.06361962854862213 568
1729519057097 0.10078960657119751 569
1729519061425 0.1272325962781906 570
1729519065750 0.12746748328208923 571
1729519070103 0.09517350792884827 572
1729519074435 0.12868964672088623 573
1729519078772 0.09872248768806458 574
1729519083113 0.07715148478746414 575
1729519087434 0.07990647852420807 576
1729519091791 0.09244862198829651 577
1729519096126 0.09237794578075409 578
1729519100462 0.09758322685956955 579
1729519104809 0.12150518596172333 580
1729519109129 0.05203922465443611 581
1729519113487 0.1206212043762207 582
1729519117379 0.12516939640045166 583
1729519121712 0.10739344358444214 584
1729519126051 0.09801676124334335 585
1729519130385 0.06862194836139679 586
1729519134303 1.013266682624817 587
1729519138190 0.09592217206954956 588
1729519142523 0.08727370202541351 589
1729519146874 0.10220147669315338 590
1729519151223 0.09292639791965485 591
1729519155573 0.1258527636528015 592
1729519159913 0.05982912331819534 593
1729519164264 0.05618827044963837 594
1729519168611 0.09253505617380142 595
1729519172948 0.03457457572221756 596
1729519177292 0.0520005002617836 597
1729519181642 0.04801788926124573 598
1729519185990 0.04303319752216339 599
1729519190358 0.14533346891403198 600
1729519194264 0.45545634627342224 601
1729519198614 0.08335623145103455 602
1729519202969 0.09517350792884827 603
1729519207337 0.0919928029179573 604
1729519211693 0.0790710300207138 605
1729519215601 0.3032446801662445 606
1729519219965 0.06945529580116272 607
1729519224314 0.09147874265909195 608
1729519228667 0.08000881224870682 609
1729519232581 0.13801266252994537 610
1729519236483 0.0500817596912384 611
1729519240839 0.15012779831886292 612
1729519245174 0.04167015850543976 613
1729519249519 0.10457071661949158 614
1729519253869 0.15849460661411285 615
1729519258219 0.194427952170372 616
1729519262566 0.049817245453596115 617
1729519266471 0.134572833776474 618
1729519270819 0.07074296474456787 619
1729519275169 0.09616722911596298 620
1729519279525 0.08280855417251587 621
1729519283934 0.1283731758594513 622
1729519288287 0.06694817543029785 623
1729519292657 0.1298505961894989 624
1729519296572 0.20150744915008545 625
1729519300916 0.2719656527042389 626
1729519305247 0.08252285420894623 627
1729519309572 0.13298211991786957 628
1729519313473 0.11760599911212921 629
1729519317825 0.09951305389404297 630
1729519322175 0.11183872073888779 631
1729519326518 0.16895104944705963 632
1729519330871 0.15802833437919617 633
1729519335215 0.12494044005870819 634
1729519339120 0.1001819521188736 635
1729519343476 0.13844174146652222 636
1729519347827 0.0965687558054924 637
1729519352176 0.05701638385653496 638
1729519356531 0.14958876371383667 639
1729519360871 0.1120034009218216 640
1729519365208 0.053536880761384964 641
1729519369564 0.16525669395923615 642
1729519373897 0.07511208206415176 643
1729519378236 0.057517968118190765 644
1729519382595 0.08912289142608643 645
1729519386927 0.06970930099487305 646
1729519391280 0.05977076292037964 647
1729519395637 0.11007470637559891 648
1729519399977 0.05928250029683113 649
1729519404316 0.04861883074045181 650
1729519408656 0.10185924172401428 651
1729519413010 0.1216125637292862 652
1729519417346 0.035534948110580444 653
1729519421692 0.09330788254737854 654
1729519426045 0.09339253604412079 655
1729519430386 0.07888094335794449 656
1729519434741 0.14478203654289246 657
1729519439089 0.0741371363401413 658
1729519443429 0.06022217869758606 659
1729519447765 0.035920120775699615 660
1729519452155 0.0552411749958992 661
1729519456513 0.14420536160469055 662
1729519460860 0.09883987903594971 663
1729519465198 0.08479595184326172 664
1729519469533 0.06394150853157043 665
1729519473891 0.1326879858970642 666
1729519478247 0.09956959635019302 667
1729519482607 0.10316745936870575 668
1729519486507 0.0963645800948143 669
1729519490854 0.09764664620161057 670
1729519495201 0.09435710310935974 671
1729519499556 0.1637975424528122 672
1729519503463 0.1816728413105011 673
1729519507362 0.09507640451192856 674
1729519511714 0.07029026001691818 675
1729519516056 0.07165347039699554 676
1729519520410 0.09165439009666443 677
1729519524760 0.10499028116464615 678
1729519529108 0.0878257304430008 679
1729519533456 0.0461641401052475 680
1729519537813 0.1454821527004242 681
1729519542173 0.09651682525873184 682
1729519546520 0.07779578119516373 683
1729519550890 0.067551389336586 684
1729519555251 0.14576062560081482 685
1729519559631 0.159820094704628 686
1729519564034 0.047696612775325775 687
1729519568408 0.05439645051956177 688
1729519572739 0.09213380515575409 689
1729519577070 0.08944206684827805 690
1729519581421 0.13599303364753723 691
1729519585784 0.23721349239349365 692
1729519590118 0.09137275815010071 693
1729519594473 0.15014564990997314 694
1729519598793 0.1028132438659668 695
1729519603141 0.0798662006855011 696
1729519607493 0.11213342845439911 697
1729519611823 0.09935856610536575 698
1729519616156 0.06423632055521011 699
1729519620480 0.07133769989013672 700
1729519624826 0.05435030162334442 701
1729519629177 0.12069337069988251 702
1729519633512 0.09095025062561035 703
1729519637842 0.10792334377765656 704
1729519642176 0.07385629415512085 705
1729519646524 0.0692451149225235 706
1729519650879 0.12306660413742065 707
1729519655214 0.07741284370422363 708
1729519659541 0.08064017444849014 709
1729519663880 0.08872426301240921 710
1729519668224 0.16904111206531525 711
1729519672583 0.16299094259738922 712
1729519676915 0.10235321521759033 713
1729519681254 0.28609126806259155 714
1729519685587 0.09597356617450714 715
1729519689931 0.1389673799276352 716
1729519694286 0.12971758842468262 717
1729519698625 0.09847743809223175 718
1729519702953 0.09639601409435272 719
1729519707283 0.08260384202003479 720
1729519711631 0.05192079022526741 721
1729519715986 0.15882427990436554 722
1729519720321 0.08536544442176819 723
1729519724652 0.10334610939025879 724
1729519729000 0.08456126600503922 725
1729519733350 0.09100168943405151 726
1729519737694 0.12537726759910583 727
1729519742042 0.08769066631793976 728
1729519746391 0.06826028227806091 729
1729519750735 0.07615838944911957 730
1729519755082 0.08225752413272858 731
1729519759433 0.08052809536457062 732
1729519763771 0.037627123296260834 733
1729519768122 0.10737726092338562 734
1729519772470 0.093697190284729 735
1729519776814 0.07271449267864227 736
1729519780721 0.2160414308309555 737
1729519785072 0.08590497076511383 738
1729519789425 0.2099580466747284 739
1729519793778 0.09672808647155762 740
1729519798132 0.10030344128608704 741
1729519802473 0.04608246311545372 742
1729519806821 0.10076307505369186 743
1729519811173 0.10906568169593811 744
1729519815528 0.09484326094388962 745
1729519819876 0.1106942892074585 746
1729519824222 0.09694049507379532 747
1729519828583 0.09825072437524796 748
1729519832931 0.15511080622673035 749
1729519837280 0.14000728726387024 750
1729519841645 0.08486466109752655 751
1729519846015 0.0719422698020935 752
1729519850368 0.11981241405010223 753
1729519854716 0.06732018291950226 754
1729519858617 0.12573595345020294 755
1729519862984 0.14882399141788483 756
1729519867311 0.05376173555850983 757
1729519871662 0.16808775067329407 758
1729519876016 0.11809617280960083 759
1729519880373 0.11674578487873077 760
1729519884722 0.09715452045202255 761
1729519889082 0.1267162263393402 762
1729519893430 0.11733463406562805 763
1729519897775 0.06411805748939514 764
1729519901669 0.0718044862151146 765
1729519906024 0.08869431912899017 766
1729519910363 0.01443768385797739 767
1729519914719 0.14245294034481049 768
1729519919062 0.08619033545255661 769
1729519923413 0.12696869671344757 770
1729519927774 0.21288977563381195 771
1729519932129 0.14800472557544708 772
1729519936479 0.05664850398898125 773
1729519940835 0.0979795902967453 774
1729519945187 0.14986038208007812 775
1729519949536 0.11964896321296692 776
1729519953885 0.13226208090782166 777
1729519958238 0.06767316162586212 778
1729519962581 0.07077793776988983 779
1729519966934 0.11101320385932922 780
1729519971289 0.1785525530576706 781
1729519975642 0.15890182554721832 782
1729519980006 0.14817693829536438 783
1729519984360 0.11009735614061356 784
1729519988705 0.09882867336273193 785
1729519993057 0.11156026273965836 786
1729519997412 0.10172361135482788 787
1729520001785 0.14057858288288116 788
1729520005691 0.44923481345176697 789
1729520010038 0.1566569209098816 790
1729520014393 0.22398370504379272 791
1729520018745 0.10910684615373611 792
1729520023094 0.10628575086593628 793
1729520027447 0.14934392273426056 794
1729520031357 0.22887171804904938 795
1729520035710 0.10035364329814911 796
1729520040058 0.10607874393463135 797
1729520044411 0.09923338145017624 798
1729520048763 0.11192623525857925 799
1729520053107 0.07355332374572754 800
1729520057447 0.09572634100914001 801
1729520061781 0.05266900733113289 802
1729520066127 0.13200163841247559 803
1729520070473 0.09805421531200409 804
1729520074823 0.16233041882514954 805
1729520078730 0.2796594500541687 806
1729520083083 0.17236922681331635 807
1729520087443 0.14981809258460999 808
1729520091772 0.037761151790618896 809
1729520096109 0.04373933747410774 810
1729520100012 0.12860718369483948 811
1729520103915 0.16925939917564392 812
1729520108262 0.07996067404747009 813
1729520112608 0.07610907405614853 814
1729520116958 0.08102180063724518 815
1729520121313 0.1890597641468048 816
1729520125221 0.13827860355377197 817
1729520129564 0.08251161873340607 818
1729520133920 0.13946034014225006 819
1729520138262 0.10501343011856079 820
1729520142660 0.1553562581539154 821
1729520147023 0.24408291280269623 822
1729520151368 0.0813416913151741 823
1729520155724 0.1034633219242096 824
1729520160078 0.07445589452981949 825
1729520164420 0.16857868432998657 826
1729520168777 0.1501377820968628 827
1729520173116 0.06599988043308258 828
1729520177463 0.10316632688045502 829
1729520181365 0.09803227335214615 830
1729520185722 0.1644713580608368 831
1729520190080 0.09298337996006012 832
1729520194432 0.11763127893209457 833
1729520198779 0.07192207872867584 834
1729520203137 0.1117866262793541 835
1729520207483 0.06165338680148125 836
1729520211391 0.23467697203159332 837
1729520215733 0.06011492386460304 838
1729520220086 0.08652545511722565 839
1729520224433 0.09594447910785675 840
1729520228785 0.0890171155333519 841
1729520233149 0.15620727837085724 842
1729520237493 0.09217026084661484 843
1729520241399 0.13643096387386322 844
1729520245749 0.13094162940979004 845
1729520250100 0.09823548793792725 846
1729520254449 0.07687428593635559 847
1729520258789 0.10816358029842377 848
1729520263134 0.08934854716062546 849
1729520267480 0.0636654943227768 850
1729520271836 0.1395690143108368 851
1729520276190 0.0946648120880127 852
1729520280101 0.43793535232543945 853
1729520284435 0.04528532177209854 854
1729520288779 0.09001815319061279 855
1729520293134 0.14552652835845947 856
1729520297482 0.08366608619689941 857
