1729163624028 0.1235547661781311 1
1729163626588 0.10159483551979065 2
1729163629151 0.08273930102586746 3
1729163631718 0.09224054217338562 4
1729163634292 0.17733463644981384 5
1729163636866 0.11421450972557068 6
1729163639444 0.0960727408528328 7
1729163642025 0.3534063398838043 8
1729163644605 0.06654826551675797 9
1729163647193 0.11587560921907425 10
1729163649787 0.1864422708749771 11
1729163652381 0.1838296800851822 12
1729163654971 0.06196132302284241 13
1729163657568 0.08109124004840851 14
1729163660172 0.14270175993442535 15
1729163662777 0.10806038230657578 16
1729163665393 0.14014948904514313 17
1729163668000 0.10048681497573853 18
1729163670605 0.15820527076721191 19
1729163673215 0.10755600780248642 20
1729163675827 0.07764746248722076 21
1729163678435 0.16411559283733368 22
1729163681051 0.12332803010940552 23
1729163683669 0.08130260556936264 24
1729163686289 0.13969339430332184 25
1729163688908 0.09108919650316238 26
1729163691524 0.17168961465358734 27
1729163694135 0.0449446365237236 28
1729163696749 0.045725010335445404 29
1729163699365 0.2725919485092163 30
1729163701979 0.09465315192937851 31
1729163704599 0.11973483115434647 32
1729163707218 0.12963908910751343 33
1729163709833 0.029087817296385765 34
1729163712446 0.012775103561580181 35
1729163715063 0.07606835663318634 36
1729163717682 0.07479305565357208 37
1729163720299 0.11833953857421875 38
1729163722918 0.12324752658605576 39
1729163725537 0.03434465825557709 40
1729163728157 0.09293157607316971 41
1729163730781 0.15260660648345947 42
1729163733403 0.10358480364084244 43
1729163736019 0.07352801412343979 44
1729163738633 0.11472798883914948 45
1729163741253 0.054443735629320145 46
1729163743875 0.0778920128941536 47
1729163746500 0.05451390519738197 48
1729163749118 0.04864105209708214 49
1729163751742 0.11803559213876724 50
1729163754371 0.12949007749557495 51
1729163756993 0.1286916583776474 52
1729163759619 0.1279364675283432 53
1729163762237 0.05181056261062622 54
