1728887097979 0.1492660492658615 1
1728887434683 0.08072657883167267 2
1728887438990 0.16221432387828827 3
1728887443296 0.11793804168701172 4
1728887447586 0.10367622971534729 5
1728887451886 0.08448349684476852 6
1728887456195 0.2765348553657532 7
1728887459916 0.2858823537826538 8
1728887464205 0.06845374405384064 9
1728887467924 0.11851617693901062 10
1728887472232 0.1318289041519165 11
1728887476524 0.1260739415884018 12
1728887480228 0.1337938755750656 13
1728887484525 0.04861901327967644 14
1728887488816 0.08132290095090866 15
1728887493098 0.05915302038192749 16
1728887497411 0.1342591643333435 17
1728887501703 0.10171395540237427 18
1728887505973 0.07245984673500061 19
1728887509677 0.10809610784053802 20
1728887513973 0.10085409134626389 21
1728887518255 0.07678383588790894 22
1728887522539 0.14179302752017975 23
1728887526840 0.09467674791812897 24
1728887531152 0.09859268367290497 25
1728887535449 0.09913745522499084 26
1728887539164 0.11360891163349152 27
1728887542876 0.14716804027557373 28
1728887547176 0.09203892946243286 29
1728887551474 0.09497779607772827 30
1728887555776 0.09008179605007172 31
1728887560069 0.0761559009552002 32
1728887564374 0.16824252903461456 33
1728887568676 0.10879570990800858 34
1728887572977 0.08570930361747742 35
1728887577274 0.2069300413131714 36
1728887581580 0.0841926708817482 37
1728887585888 0.13389363884925842 38
1728887590190 0.0926637351512909 39
1728887594487 0.03632064908742905 40
1728887598801 0.10420043766498566 41
1728887602516 0.21444177627563477 42
1728887606827 0.07154987752437592 43
1728887611136 0.11450199782848358 44
1728887614855 0.1414722502231598 45
1728887619181 0.13154961168766022 46
1728887623505 0.09119264781475067 47
1728887627824 0.13759084045886993 48
1728887632149 0.1463312953710556 49
1728887636465 0.10550376772880554 50
1728887640787 0.06946249306201935 51
1728887645106 0.09560650587081909 52
1728887649422 0.10812677443027496 53
1728887653730 0.11247271299362183 54
1728887658053 0.06925130635499954 55
1728887662383 0.09816043078899384 56
1728887666699 0.10538370162248611 57
1728887671021 0.10655967891216278 58
1728887675328 0.08496756106615067 59
1728887679654 0.05411398783326149 60
1728887683979 0.1282365769147873 61
1728887688302 0.15073880553245544 62
1728887692623 0.04508184269070625 63
1728887696944 0.10116394609212875 64
1728887701270 0.07975082099437714 65
1728887705587 0.018995219841599464 66
1728887709899 0.08258896321058273 67
1728887713635 0.1869746446609497 68
1728887717961 0.08627966046333313 69
1728887722286 0.10528647899627686 70
1728887726604 0.10001139342784882 71
1728887730932 0.11492374539375305 72
1728887735259 0.21824230253696442 73
1728887739584 0.1532348096370697 74
1728887743904 0.1286601424217224 75
1728887748227 0.07281993329524994 76
1728887752536 0.07132193446159363 77
1728887756867 0.11882949620485306 78
1728887761196 0.06714045256376266 79
1728887765524 0.13572563230991364 80
1728887769839 0.10968826711177826 81
1728887774142 0.017917610704898834 82
1728887778465 0.10849051177501678 83
1728887782818 0.15573562681674957 84
1728887787131 0.050913579761981964 85
1728887791466 0.13645732402801514 86
1728887795795 0.0918755829334259 87
1728887800111 0.14280523359775543 88
1728887803846 0.38627195358276367 89
1728887807579 0.10360640287399292 90
1728887811887 0.09038934111595154 91
1728887816220 0.1680944859981537 92
1728887820521 0.03348689526319504 93
1728887824826 0.07809730619192123 94
1728887828562 0.26448455452919006 95
1728887832874 0.07429708540439606 96
1728887837171 0.15743625164031982 97
1728887841486 0.10692895948886871 98
1728887845810 0.10653021186590195 99
1728887850113 0.09652196615934372 100
1728887853837 0.11626125127077103 101
1728887858156 0.09609833359718323 102
1728887862473 0.1295652687549591 103
1728887866799 0.16743043065071106 104
1728887871132 0.06920886039733887 105
1728887875442 0.08592480421066284 106
1728887879747 0.08091181516647339 107
1728887884078 0.10997834801673889 108
1728887888386 0.1467716097831726 109
1728887892692 0.08364041149616241 110
1728887896994 0.13660885393619537 111
1728887901314 0.09667310118675232 112
1728887905623 0.0967712253332138 113
1728887909917 0.013236964121460915 114
1728887914236 0.11837266385555267 115
1728887918559 0.09859694540500641 116
1728887922875 0.09143970906734467 117
1728887927186 0.11802968382835388 118
1728887931526 0.1487789899110794 119
1728887935833 0.06406983733177185 120
1728887940166 0.13338252902030945 121
1728887944477 0.13105225563049316 122
1728887948802 0.0636293813586235 123
1728887953124 0.1155952513217926 124
1728887956847 0.29180634021759033 125
1728887961189 0.09926580637693405 126
1728887964900 0.1318991482257843 127
1728887969224 0.1372745931148529 128
1728887973538 0.08200134336948395 129
1728887977856 0.11927828937768936 130
1728887982179 0.1007787361741066 131
1728887985906 0.15238191187381744 132
1728887990234 0.10671240836381912 133
1728887994571 0.1702236533164978 134
1728887998307 0.15980026125907898 135
1728888002617 0.08024877309799194 136
1728888006345 0.10324443131685257 137
1728888010674 0.11869798600673676 138
1728888014993 0.10425254702568054 139
1728888019327 0.10136621445417404 140
1728888023649 0.1130838617682457 141
1728888027977 0.1204284057021141 142
1728888032300 0.1843009740114212 143
1728888036627 0.15507981181144714 144
1728888040941 0.08859169483184814 145
1728888045259 0.073698490858078 146
1728888049587 0.062087103724479675 147
1728888053908 0.11905808746814728 148
1728888058229 0.09811262786388397 149
1728888062554 0.1271451860666275 150
1728888066886 0.07738027721643448 151
1728888071213 0.23377226293087006 152
1728888075534 0.11211568117141724 153
1728888079850 0.17177757620811462 154
1728888084163 0.08994096517562866 155
1728888088503 0.20929589867591858 156
