1731420872913 0.20939990878105164 1
1731420876121 0.207758367061615 2
1731420878879 0.19854426383972168 3
1731420881858 0.18412235379219055 4
1731420884495 0.20008569955825806 5
1731420887106 0.18541643023490906 6
1731420889695 0.26515650749206543 7
1731420892288 0.2295391708612442 8
1731420894880 0.1962420642375946 9
1731420897474 0.19984878599643707 10
1731420900072 0.23860056698322296 11
1731420902669 0.22359904646873474 12
1731420905270 0.2290814220905304 13
1731420907880 0.20812948048114777 14
1731420910485 0.22675204277038574 15
1731420913093 0.195919007062912 16
1731420915715 0.22179973125457764 17
1731420918328 0.21463467180728912 18
1731420920936 0.18416103720664978 19
1731420923547 0.22110536694526672 20
1731420926166 0.2585584819316864 21
1731420928787 0.21931107342243195 22
1731420931415 0.18928608298301697 23
1731420934027 0.21939611434936523 24
1731420936644 0.17600449919700623 25
1731420939254 0.2384648323059082 26
1731420941869 0.23970040678977966 27
1731420944481 0.2531037926673889 28
1731420947095 0.20573166012763977 29
1731420949719 0.18403655290603638 30
1731420952328 0.22487831115722656 31
1731420954951 0.17548392713069916 32
1731420957572 0.20787131786346436 33
1731420960185 0.20421388745307922 34
1731420962809 0.23916283249855042 35
1731420965431 0.19003158807754517 36
1731420968052 0.17114171385765076 37
1731420970670 0.19652706384658813 38
1731420973288 0.1785152554512024 39
1731420975932 0.19602620601654053 40
1731420978548 0.22249449789524078 41
1731420981167 0.18904975056648254 42
1731420983780 0.270828515291214 43
1731420986394 0.23099961876869202 44
1731420989012 0.2105095386505127 45
1731420991629 0.21275430917739868 46
1731420994256 0.1569652259349823 47
1731420996879 0.19517937302589417 48
1731420999487 0.22550776600837708 49
1731421002102 0.18684624135494232 50
1731421004726 0.19680047035217285 51
1731421007349 0.22920522093772888 52
1731421009972 0.18270093202590942 53
1731421012589 0.17542511224746704 54
1731421015208 0.21905626356601715 55
1731421017830 0.21544435620307922 56
1731421020450 0.19268298149108887 57
1731421023073 0.18806996941566467 58
1731421025707 0.19355085492134094 59
1731421028329 0.2420312464237213 60
1731421030945 0.16845518350601196 61
1731421033563 0.17502838373184204 62
1731421036181 0.28363147377967834 63
1731421038804 0.1950845718383789 64
1731421041430 0.2059209644794464 65
1731421044053 0.23725219070911407 66
1731421046672 0.2403494417667389 67
1731421049287 0.22080013155937195 68
1731421051912 0.2239288091659546 69
1731421054533 0.17688342928886414 70
1731421057163 0.2533276677131653 71
1731421059784 0.20817886292934418 72
1731421062403 0.19330856204032898 73
1731421065018 0.1775849610567093 74
1731421067647 0.19903656840324402 75
1731421070285 0.22089123725891113 76
1731421072900 0.26194441318511963 77
1731421075522 0.20769067108631134 78
1731421078143 0.1917918175458908 79
1731421080766 0.18759475648403168 80
1731421083386 0.19253414869308472 81
1731421085993 0.17733857035636902 82
1731421088634 0.2262798547744751 83
1731421091263 0.17748765647411346 84
1731421093879 0.1726323515176773 85
1731421096494 0.2924679219722748 86
1731421099115 0.1856554001569748 87
1731421101745 0.19608831405639648 88
1731421104375 0.21928587555885315 89
1731421106992 0.17782220244407654 90
1731421109617 0.1810053288936615 91
1731421112234 0.2188487946987152 92
1731421114864 0.2128523588180542 93
1731421117508 0.20031166076660156 94
1731421120131 0.2409774661064148 95
1731421122752 0.18367120623588562 96
1731421125387 0.23259010910987854 97
1731421128011 0.166217640042305 98
1731421130631 0.21925349533557892 99
1731421133267 0.2499367594718933 100
1731421135890 0.17922857403755188 101
1731421138512 0.19779247045516968 102
1731421141151 0.20547208189964294 103
1731421143786 0.212297260761261 104
1731421146413 0.2376382052898407 105
1731421149044 0.164556086063385 106
1731421151667 0.266714870929718 107
1731421154289 0.2386121302843094 108
1731421156931 0.19393905997276306 109
1731421159570 0.22490693628787994 110
1731421162188 0.22601273655891418 111
1731421164833 0.18316009640693665 112
1731421167450 0.21430404484272003 113
1731421170077 0.2795727849006653 114
1731421172692 0.22642630338668823 115
1731421175324 0.1936609447002411 116
1731421177952 0.2041623592376709 117
1731421180585 0.22748571634292603 118
1731421183252 0.2571893036365509 119
1731421185869 0.22114868462085724 120
1731421188489 0.20857000350952148 121
1731421191121 0.25667548179626465 122
1731421193755 0.1743088662624359 123
1731421196376 0.2087784707546234 124
1731421199002 0.20966990292072296 125
1731421201619 0.23012098670005798 126
1731421204245 0.2097509205341339 127
1731421206859 0.21425724029541016 128
1731421209484 0.2756116986274719 129
1731421212110 0.23197625577449799 130
1731421214735 0.21987581253051758 131
1731421217368 0.20525407791137695 132
1731421220011 0.23605135083198547 133
1731421222637 0.2100822925567627 134
1731421225253 0.23311185836791992 135
1731421227881 0.16802628338336945 136
1731421230508 0.1840120553970337 137
1731421233158 0.22134599089622498 138
1731421235778 0.23548544943332672 139
1731421238405 0.20166295766830444 140
1731421241034 0.19431006908416748 141
1731421243668 0.1876523196697235 142
1731421246284 0.19726994633674622 143
1731421248910 0.1946025937795639 144
1731421251535 0.1806311160326004 145
1731421254154 0.24610134959220886 146
1731421256774 0.22216227650642395 147
1731421259403 0.1932297945022583 148
1731421262030 0.19493630528450012 149
1731421264648 0.2163432240486145 150
1731421267266 0.2568252682685852 151
1731421269882 0.24023787677288055 152
1731421272494 0.21352577209472656 153
1731421275114 0.2154054194688797 154
1731421277742 0.25545743107795715 155
1731421280381 0.2202017903327942 156
1731421283012 0.21928367018699646 157
1731421285639 0.20855116844177246 158
1731421288259 0.17720629274845123 159
1731421290876 0.2298462688922882 160
1731421293496 0.23847292363643646 161
1731421296131 0.189969003200531 162
1731421298749 0.2201080173254013 163
1731421301415 0.22262559831142426 164
1731421304026 0.20689082145690918 165
1731421306645 0.2377789169549942 166
1731421309259 0.22108924388885498 167
1731421311877 0.18950945138931274 168
1731421314505 0.20147867500782013 169
1731421317135 0.17898240685462952 170
1731421319757 0.20782577991485596 171
1731421322381 0.19969099760055542 172
1731421325008 0.18769535422325134 173
1731421327631 0.1987447291612625 174
1731421330249 0.22096258401870728 175
1731421332876 0.1978079229593277 176
1731421335505 0.2759348452091217 177
1731421338123 0.20442761480808258 178
1731421340749 0.20545127987861633 179
1731421343380 0.21366938948631287 180
1731421346014 0.17283110320568085 181
1731421348634 0.21800261735916138 182
1731421351263 0.18698552250862122 183
1731421353886 0.24592755734920502 184
1731421356507 0.1770857721567154 185
1731421359129 0.2016243040561676 186
1731421361754 0.17973870038986206 187
1731421364375 0.22539761662483215 188
1731421366996 0.2431616336107254 189
1731421369651 0.17730820178985596 190
1731421372279 0.21542084217071533 191
1731421374898 0.17672845721244812 192
1731421377521 0.20406293869018555 193
1731421380147 0.20591363310813904 194
1731421382775 0.2245415300130844 195
1731421385418 0.21280822157859802 196
1731421388057 0.2281070202589035 197
1731421390687 0.19639846682548523 198
1731421393313 0.18780851364135742 199
1731421395938 0.217451810836792 200
1731421398575 0.1989280879497528 201
1731421401206 0.2073574960231781 202
1731421403834 0.2056363821029663 203
1731421406482 0.18862952291965485 204
1731421409111 0.2387845516204834 205
1731421411740 0.17740756273269653 206
1731421414361 0.21623140573501587 207
1731421416980 0.2113698571920395 208
1731421419631 0.17942100763320923 209
1731421422252 0.19374004006385803 210
1731421424875 0.21027891337871552 211
1731421427489 0.21947956085205078 212
1731421430124 0.2158430516719818 213
1731421432755 0.23306015133857727 214
1731421435375 0.21749240159988403 215
1731421437995 0.24063530564308167 216
1731421440611 0.2807066738605499 217
1731421443252 0.18395096063613892 218
1731421445878 0.20102600753307343 219
1731421448490 0.20688338577747345 220
1731421451111 0.20733101665973663 221
1731421453748 0.24748876690864563 222
1731421456379 0.2616041898727417 223
1731421459011 0.262338250875473 224
1731421461636 0.2061776965856552 225
1731421464259 0.21169820427894592 226
1731421466872 0.1994268149137497 227
1731421469492 0.20172548294067383 228
1731421472120 0.19528412818908691 229
1731421474742 0.17358270287513733 230
1731421477360 0.1911209225654602 231
1731421479993 0.20746776461601257 232
1731421482616 0.20684923231601715 233
1731421485239 0.18998615443706512 234
1731421487870 0.195235013961792 235
1731421490485 0.20775742828845978 236
1731421493117 0.18914514780044556 237
1731421495753 0.19278478622436523 238
1731421498377 0.2283288985490799 239
1731421500996 0.18551959097385406 240
1731421503628 0.2306390106678009 241
1731421506253 0.23006978631019592 242
1731421508877 0.18434160947799683 243
1731421511498 0.19705134630203247 244
1731421514127 0.18944188952445984 245
1731421516737 0.2479720264673233 246
1731421519360 0.17806826531887054 247
1731421521987 0.18407797813415527 248
1731421524615 0.16494542360305786 249
1731421527238 0.19683638215065002 250
1731421529853 0.23509082198143005 251
1731421532476 0.2214464396238327 252
1731421535101 0.2034713327884674 253
1731421537733 0.20008844137191772 254
1731421540348 0.1698373258113861 255
1731421542961 0.2183888852596283 256
1731421545617 0.21651998162269592 257
1731421548239 0.21085095405578613 258
1731421550855 0.19328317046165466 259
1731421553473 0.24157008528709412 260
1731421556090 0.22235319018363953 261
1731421558716 0.19141653180122375 262
1731421561339 0.27777978777885437 263
1731421563957 0.24745801091194153 264
1731421566591 0.20237606763839722 265
1731421569229 0.18201830983161926 266
1731421571852 0.24634993076324463 267
1731421574472 0.22954735159873962 268
1731421577084 0.22136342525482178 269
1731421579710 0.22732314467430115 270
1731421582334 0.20388120412826538 271
1731421584956 0.18048717081546783 272
1731421587576 0.2087152600288391 273
1731421590211 0.21550506353378296 274
1731421592838 0.22657251358032227 275
1731421595440 0.19141054153442383 276
1731421598063 0.3316514492034912 277
1731421600695 0.2033628523349762 278
1731421603315 0.2040174901485443 279
1731421605937 0.21756288409233093 280
1731421608558 0.2506651282310486 281
1731421611180 0.23598304390907288 282
1731421613799 0.18858560919761658 283
1731421616417 0.2154993712902069 284
1731421619034 0.22240294516086578 285
1731421621668 0.1844165176153183 286
1731421624276 0.21689707040786743 287
1731421626891 0.2005179226398468 288
1731421629518 0.2160194367170334 289
1731421632135 0.21461394429206848 290
1731421634764 0.22313374280929565 291
1731421637381 0.20842856168746948 292
1731421640010 0.16564150154590607 293
1731421642624 0.20822674036026 294
1731421645251 0.22370584309101105 295
1731421647874 0.18965061008930206 296
1731421650511 0.2049211859703064 297
1731421653141 0.21501266956329346 298
1731421655762 0.20568159222602844 299
1731421658381 0.17373263835906982 300
1731421661016 0.24490821361541748 301
1731421663641 0.19315966963768005 302
1731421666253 0.25846418738365173 303
1731421668874 0.21674327552318573 304
1731421671491 0.21542000770568848 305
1731421674112 0.1933695375919342 306
1731421676739 0.22260376811027527 307
1731421679354 0.173127681016922 308
1731421681979 0.22032801806926727 309
1731421684611 0.19887134432792664 310
1731421687234 0.27392858266830444 311
1731421689856 0.20605866611003876 312
1731421692481 0.20686988532543182 313
1731421695099 0.18471013009548187 314
1731421697715 0.2475675791501999 315
1731421700340 0.26943400502204895 316
1731421702970 0.1857891082763672 317
1731421705601 0.2103102207183838 318
1731421708214 0.24607539176940918 319
1731421710831 0.20667624473571777 320
1731421713446 0.21639753878116608 321
1731421716072 0.19624561071395874 322
1731421718689 0.21252617239952087 323
1731421721309 0.2632884979248047 324
1731421723925 0.1922031044960022 325
1731421726543 0.19183966517448425 326
1731421729165 0.2361130714416504 327
1731421731779 0.24633324146270752 328
1731421734393 0.2306380569934845 329
1731421737009 0.1892358660697937 330
1731421739628 0.18545086681842804 331
1731421742231 0.2494499683380127 332
1731421744841 0.21976912021636963 333
1731421747463 0.19743455946445465 334
1731421750089 0.21460166573524475 335
1731421752702 0.21125438809394836 336
1731421755304 0.22695937752723694 337
1731421757908 0.20815220475196838 338
1731421760515 0.21087190508842468 339
1731421763144 0.22352230548858643 340
1731421765757 0.29480892419815063 341
1731421768382 0.1730663776397705 342
1731421770995 0.208956778049469 343
1731421773613 0.20093664526939392 344
1731421776234 0.22533300518989563 345
1731421778852 0.2727677822113037 346
1731421781466 0.2155759036540985 347
1731421784088 0.2210693359375 348
1731421786701 0.2882620394229889 349
1731421789319 0.20503562688827515 350
1731421791934 0.20615246891975403 351
1731421794539 0.23444201052188873 352
1731421797159 0.222393199801445 353
1731421799780 0.21073608100414276 354
1731421802388 0.16387063264846802 355
1731421805013 0.2031213641166687 356
1731421807623 0.17337366938591003 357
1731421810241 0.2305273413658142 358
1731421812859 0.2147868275642395 359
1731421815473 0.17358916997909546 360
1731421818096 0.2043740451335907 361
1731421820716 0.1962234079837799 362
1731421823351 0.19333839416503906 363
1731421825969 0.22519150376319885 364
1731421828593 0.18998393416404724 365
1731421831232 0.1936129629611969 366
1731421833854 0.20036658644676208 367
1731421836464 0.20621086657047272 368
1731421839075 0.23463793098926544 369
1731421841700 0.23223407566547394 370
1731421844312 0.20633664727210999 371
1731421846951 0.2348065823316574 372
1731421849574 0.21730190515518188 373
1731421852193 0.1955062747001648 374
1731421854815 0.24907401204109192 375
1731421857433 0.22460995614528656 376
1731421860040 0.20711857080459595 377
1731421862654 0.21235758066177368 378
1731421865266 0.24739623069763184 379
1731421867895 0.24372608959674835 380
1731421870500 0.22577877342700958 381
1731421873123 0.21656982600688934 382
1731421875756 0.1904303878545761 383
1731421878382 0.2027062475681305 384
1731421880992 0.22837987542152405 385
1731421883614 0.1916077584028244 386
1731421886230 0.19192129373550415 387
1731421888846 0.22941328585147858 388
1731421891462 0.25101569294929504 389
1731421894081 0.21469098329544067 390
1731421896714 0.18857347965240479 391
1731421899326 0.21862173080444336 392
1731421901950 0.1681603491306305 393
1731421904556 0.21393290162086487 394
1731421907188 0.18052589893341064 395
1731421909812 0.20087876915931702 396
1731421912444 0.1944030225276947 397
1731421915066 0.17192773520946503 398
1731421917683 0.265593945980072 399
1731421920302 0.22815939784049988 400
1731421922921 0.19285248219966888 401
1731421925540 0.2060333490371704 402
1731421928161 0.27808278799057007 403
1731421930782 0.21040105819702148 404
1731421933403 0.16955748200416565 405
1731421936024 0.21591638028621674 406
1731421938643 0.22291655838489532 407
1731421941276 0.2301185131072998 408
1731421943897 0.21545574069023132 409
1731421946515 0.1937035620212555 410
1731421949128 0.19731765985488892 411
1731421951746 0.21512076258659363 412
1731421954363 0.1794692575931549 413
1731421956990 0.19719085097312927 414
1731421959619 0.17853060364723206 415
1731421962236 0.21460480988025665 416
1731421964856 0.23248961567878723 417
1731421967479 0.21445941925048828 418
1731421970089 0.21297404170036316 419
1731421972708 0.20500175654888153 420
1731421975344 0.21917787194252014 421
1731421977965 0.1769716441631317 422
1731421980584 0.19738566875457764 423
1731421983220 0.2209295928478241 424
1731421985843 0.23824822902679443 425
1731421988469 0.18516135215759277 426
1731421991100 0.22324764728546143 427
1731421993736 0.2345876842737198 428
1731421996355 0.20374692976474762 429
1731421998984 0.21856318414211273 430
1731422001619 0.2039831578731537 431
1731422004245 0.18141832947731018 432
1731422006864 0.22936581075191498 433
1731422009495 0.2402990758419037 434
1731422012114 0.17837244272232056 435
1731422014746 0.19688944518566132 436
1731422017363 0.2274814248085022 437
1731422019993 0.20979706943035126 438
1731422022607 0.21798500418663025 439
1731422025245 0.19335298240184784 440
1731422027874 0.2380388379096985 441
1731422030506 0.2114623785018921 442
1731422033123 0.23543502390384674 443
1731422035744 0.23453408479690552 444
1731422038368 0.21390891075134277 445
1731422040993 0.21886146068572998 446
1731422043623 0.17787876725196838 447
1731422046260 0.18352791666984558 448
1731422048879 0.1858002245426178 449
1731422051495 0.15663498640060425 450
1731422054119 0.23363372683525085 451
1731422056740 0.2585255205631256 452
1731422059368 0.2256910800933838 453
1731422061987 0.25881755352020264 454
1731422064603 0.20379164814949036 455
1731422067221 0.16898949444293976 456
1731422069845 0.23732778429985046 457
1731422072468 0.23411622643470764 458
1731422075088 0.2094792127609253 459
1731422077714 0.20000647008419037 460
1731422080327 0.16622641682624817 461
1731422082938 0.19677577912807465 462
1731422085559 0.2691667973995209 463
1731422088165 0.2210647463798523 464
1731422090787 0.185566246509552 465
1731422093404 0.23690319061279297 466
1731422096008 0.20246827602386475 467
1731422098644 0.21690788865089417 468
1731422101249 0.18342481553554535 469
1731422103871 0.2155109941959381 470
1731422106475 0.1841716170310974 471
1731422109089 0.2555845379829407 472
1731422111699 0.17578651010990143 473
1731422114316 0.21776913106441498 474
1731422116925 0.23337557911872864 475
1731422119546 0.21138355135917664 476
1731422122169 0.24590153992176056 477
1731422124784 0.20364129543304443 478
1731422127400 0.1843959391117096 479
1731422130025 0.1666671335697174 480
1731422132638 0.2018766701221466 481
1731422135258 0.23877772688865662 482
1731422137884 0.2142990678548813 483
1731422140497 0.24502691626548767 484
1731422143119 0.24873128533363342 485
1731422145738 0.16845040023326874 486
1731422148372 0.2050132304430008 487
1731422150987 0.22534827888011932 488
1731422153605 0.18145021796226501 489
1731422156213 0.25437313318252563 490
1731422158826 0.17723974585533142 491
1731422161445 0.19692151248455048 492
1731422164058 0.21007511019706726 493
1731422166687 0.20138849318027496 494
1731422169306 0.18645556271076202 495
1731422171922 0.2203381210565567 496
1731422174545 0.20274268090724945 497
1731422177158 0.24499231576919556 498
1731422179780 0.22031044960021973 499
1731422182402 0.2042454183101654 500
1731422185041 0.22565947473049164 501
1731422187663 0.19753745198249817 502
1731422190283 0.2468915730714798 503
1731422192903 0.2318616509437561 504
1731422195534 0.24710717797279358 505
1731422198165 0.21119429171085358 506
1731422200766 0.17297329008579254 507
1731422203390 0.241673082113266 508
1731422206005 0.2143588811159134 509
1731422208634 0.24654769897460938 510
1731422211248 0.18944068253040314 511
1731422213877 0.25703734159469604 512
1731422216494 0.2063891887664795 513
1731422219108 0.22704851627349854 514
1731422221736 0.20774498581886292 515
1731422224363 0.19600918889045715 516
1731422226982 0.23309117555618286 517
1731422229607 0.20319052040576935 518
1731422232225 0.17798951268196106 519
1731422234846 0.23873814940452576 520
1731422237465 0.20793890953063965 521
1731422240107 0.20255890488624573 522
1731422242728 0.2333706021308899 523
1731422245363 0.1837444305419922 524
1731422247986 0.214735209941864 525
1731422250618 0.2160729020833969 526
1731422253254 0.22643746435642242 527
1731422255870 0.1992146074771881 528
1731422258492 0.1906847059726715 529
1731422261108 0.1967146247625351 530
1731422263727 0.19642633199691772 531
1731422266359 0.2421587109565735 532
1731422268975 0.2138087898492813 533
1731422271602 0.18289193511009216 534
1731422274228 0.2681085467338562 535
1731422276844 0.20838971436023712 536
1731422279468 0.16223251819610596 537
1731422282086 0.23676741123199463 538
1731422284701 0.18456050753593445 539
1731422287322 0.2035684734582901 540
1731422289947 0.21738538146018982 541
1731422292570 0.201991468667984 542
1731422295194 0.21797412633895874 543
1731422297809 0.2076386958360672 544
1731422300418 0.1780763566493988 545
1731422303031 0.17558424174785614 546
1731422305648 0.21640749275684357 547
1731422308267 0.2044954001903534 548
1731422310890 0.22291946411132812 549
1731422313510 0.17045196890830994 550
1731422316131 0.23278187215328217 551
1731422318749 0.1836947798728943 552
1731422321367 0.1970692127943039 553
1731422323986 0.21494603157043457 554
1731422326598 0.20373323559761047 555
1731422329212 0.15131092071533203 556
1731422331848 0.18695306777954102 557
1731422334476 0.19151383638381958 558
1731422337092 0.23087751865386963 559
1731422339710 0.23657190799713135 560
1731422342332 0.19049037992954254 561
1731422344941 0.16451233625411987 562
1731422347568 0.24390576779842377 563
1731422350201 0.19525058567523956 564
1731422352820 0.25461602210998535 565
1731422355428 0.24739070236682892 566
1731422358031 0.212289497256279 567
1731422360639 0.20419201254844666 568
1731422363269 0.20536470413208008 569
1731422365897 0.18517538905143738 570
1731422368515 0.2151467502117157 571
1731422371133 0.22492732107639313 572
1731422373753 0.18497219681739807 573
1731422376372 0.19724151492118835 574
1731422378994 0.22403204441070557 575
1731422381637 0.19731077551841736 576
1731422384240 0.15327823162078857 577
1731422386843 0.22885414958000183 578
1731422389452 0.20346572995185852 579
1731422392078 0.2226296067237854 580
1731422394691 0.2536450922489166 581
1731422397313 0.17375418543815613 582
1731422399928 0.258700430393219 583
1731422402542 0.19659754633903503 584
1731422405171 0.20770761370658875 585
1731422407802 0.21569421887397766 586
1731422410408 0.1998845338821411 587
1731422413015 0.2363622933626175 588
1731422415643 0.212570920586586 589
1731422418255 0.2350427806377411 590
1731422420870 0.24222543835639954 591
1731422423476 0.19950377941131592 592
1731422426090 0.17948873341083527 593
1731422428715 0.19502416253089905 594
1731422431327 0.20812150835990906 595
1731422433949 0.24155539274215698 596
1731422436560 0.22118434309959412 597
1731422439179 0.15265262126922607 598
1731422441789 0.21264177560806274 599
1731422444396 0.27687880396842957 600
1731422447016 0.14704671502113342 601
1731422449643 0.19269993901252747 602
1731422452289 0.3248494863510132 603
1731422454901 0.17968100309371948 604
1731422457519 0.22702208161354065 605
1731422460125 0.19147968292236328 606
1731422462755 0.21140143275260925 607
1731422465369 0.22541603446006775 608
1731422467979 0.1792440414428711 609
1731422470593 0.1836363524198532 610
1731422473210 0.23065659403800964 611
1731422475850 0.22276315093040466 612
1731422478470 0.23989343643188477 613
1731422481089 0.2050778567790985 614
1731422483693 0.21817702054977417 615
1731422486335 0.24156196415424347 616
1731422488960 0.2830117344856262 617
1731422491572 0.19665929675102234 618
1731422494198 0.19126009941101074 619
1731422496813 0.21561899781227112 620
1731422499444 0.2282238006591797 621
1731422502073 0.2048262655735016 622
1731422504689 0.19049814343452454 623
1731422507331 0.21064114570617676 624
1731422509953 0.1716003715991974 625
1731422512573 0.18823152780532837 626
1731422515183 0.22610585391521454 627
1731422517792 0.17801515758037567 628
1731422520405 0.17865774035453796 629
1731422523046 0.19815964996814728 630
1731422525652 0.19304552674293518 631
1731422528265 0.21557947993278503 632
1731422530886 0.20267242193222046 633
1731422533492 0.24103578925132751 634
1731422536110 0.20634230971336365 635
1731422538722 0.18466684222221375 636
1731422541341 0.24541527032852173 637
1731422543957 0.22119712829589844 638
1731422546583 0.16292330622673035 639
1731422549203 0.22585441172122955 640
1731422551812 0.1936659961938858 641
1731422554435 0.267083078622818 642
1731422557065 0.1891671121120453 643
1731422559693 0.20385931432247162 644
1731422562323 0.28276526927948 645
1731422564947 0.18759891390800476 646
1731422567568 0.2158089280128479 647
1731422570196 0.2007078230381012 648
1731422572840 0.19622385501861572 649
1731422575468 0.1596122831106186 650
1731422578091 0.20608185231685638 651
1731422580705 0.17557045817375183 652
1731422583331 0.2039024829864502 653
1731422585953 0.2820780873298645 654
1731422588572 0.18297678232192993 655
1731422591196 0.1793595552444458 656
1731422593838 0.22688262164592743 657
1731422596465 0.23252087831497192 658
1731422599080 0.21639011800289154 659
1731422601720 0.16045288741588593 660
1731422604337 0.21472790837287903 661
1731422606968 0.2005886435508728 662
1731422609582 0.2104531079530716 663
1731422612196 0.2159576416015625 664
1731422614836 0.2283720076084137 665
1731422617454 0.24751058220863342 666
1731422620079 0.20619149506092072 667
1731422622688 0.21677713096141815 668
1731422625322 0.250487744808197 669
1731422627946 0.26641348004341125 670
1731422630567 0.1992022693157196 671
1731422633193 0.2206374704837799 672
1731422635826 0.20570899546146393 673
1731422638462 0.21432149410247803 674
1731422641088 0.2006969004869461 675
1731422643714 0.205282062292099 676
1731422646345 0.21248239278793335 677
1731422648975 0.21141362190246582 678
1731422651590 0.2579527199268341 679
1731422654215 0.19684001803398132 680
1731422656828 0.20895788073539734 681
1731422659455 0.16256314516067505 682
1731422662092 0.21676814556121826 683
1731422664716 0.17355625331401825 684
1731422667348 0.19846931099891663 685
1731422669968 0.25797414779663086 686
1731422672591 0.187160924077034 687
1731422675211 0.22424785792827606 688
1731422677838 0.18398940563201904 689
1731422680466 0.18418343365192413 690
1731422683080 0.19009241461753845 691
1731422685695 0.17549538612365723 692
1731422688305 0.1689731776714325 693
1731422690909 0.21216052770614624 694
1731422693511 0.17491604387760162 695
1731422696117 0.1869615912437439 696
1731422698730 0.22292593121528625 697
1731422701339 0.2300553321838379 698
1731422703952 0.2516157627105713 699
1731422706552 0.16661034524440765 700
1731422709153 0.19760192930698395 701
1731422711759 0.20396853983402252 702
1731422714366 0.16078868508338928 703
1731422716975 0.22481215000152588 704
1731422719579 0.19872498512268066 705
1731422722193 0.1898183375597 706
1731422724804 0.20180709660053253 707
1731422727410 0.19467906653881073 708
1731422730020 0.19421321153640747 709
1731422732621 0.22031459212303162 710
1731422735224 0.17033986747264862 711
1731422737833 0.30136868357658386 712
1731422740440 0.22626110911369324 713
1731422743046 0.18047207593917847 714
1731422745644 0.19872426986694336 715
1731422748269 0.17993082106113434 716
1731422750867 0.23211869597434998 717
1731422753473 0.2938151955604553 718
1731422756080 0.1949855089187622 719
1731422758686 0.20073434710502625 720
1731422761291 0.20424075424671173 721
1731422763898 0.1985447108745575 722
1731422766506 0.18470975756645203 723
1731422770247 0.2063053697347641 724
1731422786768 0.181065171957016 725
1731422789754 0.233921080827713 726
1731422792721 0.2233743667602539 727
1731422795614 0.22032269835472107 728
1731422798329 0.19982194900512695 729
1731422801013 0.17314058542251587 730
1731422803680 0.225867360830307 731
1731422806324 0.215866357088089 732
1731422808941 0.1969332993030548 733
1731422811566 0.1815195083618164 734
1731422814183 0.20565107464790344 735
1731422816801 0.19370076060295105 736
1731422819447 0.21934624016284943 737
1731422822068 0.1980425864458084 738
1731422824691 0.20168691873550415 739
1731422827330 0.1586364060640335 740
1731422829959 0.1883922815322876 741
1731422832589 0.21061299741268158 742
1731422835215 0.2087184339761734 743
1731422837846 0.18718647956848145 744
1731422840473 0.21733058989048004 745
1731422843104 0.1989428848028183 746
1731422845735 0.20185363292694092 747
1731422848361 0.21941088140010834 748
1731422851007 0.25806576013565063 749
1731422853647 0.2335718274116516 750
1731422856282 0.23342129588127136 751
1731422858909 0.18398189544677734 752
1731422861551 0.22806160151958466 753
1731422864195 0.20401200652122498 754
1731422866838 0.18551227450370789 755
1731422869475 0.1983536183834076 756
1731422872104 0.21767297387123108 757
1731422874739 0.18533125519752502 758
1731422877372 0.22064772248268127 759
1731422880015 0.20541951060295105 760
1731422882634 0.18683402240276337 761
1731422885268 0.20271453261375427 762
1731422887916 0.2447196990251541 763
1731422890549 0.24619433283805847 764
1731422893195 0.21157291531562805 765
1731422895812 0.17201277613639832 766
1731422898454 0.21478083729743958 767
1731422901083 0.20637302100658417 768
1731422903721 0.2744376063346863 769
1731422906346 0.20688623189926147 770
1731422908979 0.19443060457706451 771
1731422911616 0.2848125100135803 772
1731422914248 0.19942666590213776 773
1731422916874 0.1938202977180481 774
1731422919518 0.1972997635602951 775
1731422922150 0.23299401998519897 776
1731422924797 0.219285786151886 777
1731422927430 0.3037477433681488 778
1731422930079 0.27005094289779663 779
1731422932722 0.1917715072631836 780
1731422935358 0.1814572513103485 781
1731422937985 0.16916397213935852 782
1731422940619 0.2054641842842102 783
1731422943248 0.22602525353431702 784
1731422945891 0.18189550936222076 785
1731422948532 0.24630311131477356 786
1731422951173 0.1897476464509964 787
1731422953801 0.2111937701702118 788
1731422956458 0.23200425505638123 789
1731422959093 0.18717175722122192 790
1731422961723 0.1989101767539978 791
1731422964372 0.2241220474243164 792
1731422966998 0.21972006559371948 793
1731422969638 0.23071783781051636 794
1731422972291 0.24035358428955078 795
1731422974941 0.20762823522090912 796
1731422977578 0.2485191822052002 797
1731422980197 0.19961854815483093 798
1731422982833 0.18990325927734375 799
1731422985479 0.23650532960891724 800
1731422988110 0.17011378705501556 801
1731422990740 0.17004022002220154 802
1731422993377 0.18378816545009613 803
1731422996010 0.19076970219612122 804
1731422998658 0.177150696516037 805
1731423001283 0.24258309602737427 806
1731423003943 0.18362769484519958 807
1731423006568 0.2016577422618866 808
1731423009190 0.18092605471611023 809
1731423011807 0.20856912434101105 810
1731423014456 0.19960655272006989 811
1731423017091 0.20920144021511078 812
1731423019747 0.1876296103000641 813
1731423022377 0.18972846865653992 814
1731423025029 0.18144866824150085 815
1731423027656 0.20231974124908447 816
1731423030287 0.18621578812599182 817
1731423032910 0.19091668725013733 818
1731423035538 0.19027161598205566 819
1731423038175 0.22036829590797424 820
1731423040800 0.19654670357704163 821
1731423043426 0.17228004336357117 822
1731423046051 0.22946691513061523 823
1731423048668 0.1756584644317627 824
1731423051313 0.20371444523334503 825
1731423053951 0.17758400738239288 826
1731423056572 0.257654070854187 827
1731423059182 0.18345211446285248 828
1731423061816 0.2500881552696228 829
1731423064441 0.2010345458984375 830
1731423067052 0.2036234736442566 831
1731423069708 0.1929856240749359 832
1731423072335 0.2764143943786621 833
1731423074967 0.20845335721969604 834
1731423077611 0.2335163652896881 835
1731423080231 0.18096256256103516 836
1731423082857 0.1798563003540039 837
1731423085485 0.21921417117118835 838
1731423088132 0.2340424358844757 839
1731423090762 0.208928644657135 840
1731423093384 0.2616046965122223 841
1731423096015 0.20789483189582825 842
1731423098671 0.22374805808067322 843
1731423101330 0.19688688218593597 844
1731423103953 0.1759796440601349 845
1731423106585 0.23097066581249237 846
1731423109209 0.20578141510486603 847
1731423111844 0.2001812905073166 848
1731423114492 0.2521709203720093 849
1731423117113 0.2334967851638794 850
1731423119763 0.17419463396072388 851
1731423122399 0.25182217359542847 852
1731423125039 0.19227778911590576 853
1731423127669 0.21754038333892822 854
1731423130304 0.24731257557868958 855
1731423132943 0.18516886234283447 856
1731423135574 0.20406338572502136 857
1731423138221 0.21753719449043274 858
1731423140871 0.18653041124343872 859
1731423143499 0.24909959733486176 860
1731423146150 0.23435431718826294 861
1731423148787 0.173664391040802 862
1731423151405 0.22000545263290405 863
1731423154036 0.2223789095878601 864
1731423156662 0.20488017797470093 865
1731423159293 0.23654963076114655 866
1731423161935 0.17904552817344666 867
1731423164559 0.19967159628868103 868
1731423167181 0.25626373291015625 869
1731423169820 0.19639216363430023 870
1731423172452 0.22043825685977936 871
1731423175095 0.21201665699481964 872
1731423177736 0.20846134424209595 873
1731423180372 0.23423604667186737 874
1731423183004 0.2042032927274704 875
1731423185642 0.2238456904888153 876
1731423188281 0.20163454115390778 877
1731423190912 0.1735980212688446 878
1731423193543 0.16942673921585083 879
1731423196191 0.19656674563884735 880
1731423198827 0.21219098567962646 881
1731423201465 0.2032388150691986 882
1731423204121 0.2122529149055481 883
1731423206753 0.2031707465648651 884
1731423209390 0.1825239658355713 885
1731423212033 0.2157495617866516 886
1731423214682 0.25095993280410767 887
1731423217334 0.2011730819940567 888
1731423219965 0.19658443331718445 889
1731423222590 0.18188750743865967 890
1731423225241 0.22420734167099 891
1731423227882 0.19697530567646027 892
1731423230503 0.21255716681480408 893
1731423233140 0.21117255091667175 894
1731423235773 0.1966177523136139 895
1731423238403 0.2238856852054596 896
1731423241033 0.2449495941400528 897
1731423243661 0.17460179328918457 898
1731423246297 0.20515944063663483 899
1731423248932 0.19568529725074768 900
1731423251576 0.18546655774116516 901
1731423254205 0.14689376950263977 902
1731423256846 0.2184171974658966 903
1731423259485 0.17572322487831116 904
1731423262117 0.20607754588127136 905
1731423264748 0.25573527812957764 906
1731423267384 0.2521236538887024 907
1731423270049 0.1874217391014099 908
1731423272682 0.20846416056156158 909
1731423275318 0.1742197871208191 910
1731423277956 0.23404499888420105 911
1731423280599 0.20057663321495056 912
1731423283241 0.17547863721847534 913
1731423285865 0.2017046958208084 914
1731423288494 0.2131967842578888 915
1731423291144 0.2564946115016937 916
1731423293788 0.2049286663532257 917
1731423296423 0.17545610666275024 918
1731423299049 0.1786079853773117 919
1731423301682 0.18584749102592468 920
1731423304321 0.19434680044651031 921
1731423306963 0.24621251225471497 922
1731423309603 0.21713955700397491 923
1731423312265 0.19108708202838898 924
1731423314911 0.25886648893356323 925
1731423317551 0.18066973984241486 926
1731423320172 0.21359267830848694 927
1731423322811 0.1930619478225708 928
1731423325443 0.2080686092376709 929
1731423328096 0.25207990407943726 930
1731423330726 0.21362121403217316 931
1731423333346 0.26373445987701416 932
1731423335990 0.2570115625858307 933
1731423338622 0.21423304080963135 934
1731423341265 0.23749908804893494 935
1731423343904 0.2169334590435028 936
1731423346545 0.18147969245910645 937
1731423349170 0.2090880274772644 938
1731423351801 0.2077385038137436 939
1731423354439 0.16756217181682587 940
1731423357085 0.20857879519462585 941
1731423359745 0.24982768297195435 942
1731423362382 0.23057501018047333 943
1731423365014 0.19855818152427673 944
1731423367658 0.19696751236915588 945
1731423370289 0.1788451224565506 946
1731423372915 0.21507331728935242 947
1731423375545 0.24430693686008453 948
1731423378198 0.18770943582057953 949
1731423380845 0.22905930876731873 950
1731423383475 0.22779805958271027 951
1731423386096 0.25216031074523926 952
1731423388735 0.21015030145645142 953
1731423391373 0.1801975667476654 954
1731423394025 0.21622779965400696 955
1731423396677 0.20755156874656677 956
1731423399313 0.21969851851463318 957
1731423401945 0.23086512088775635 958
1731423404566 0.19753606617450714 959
1731423407210 0.22540006041526794 960
1731423409845 0.25730156898498535 961
1731423412486 0.18354982137680054 962
1731423415124 0.17053265869617462 963
1731423417769 0.1836647093296051 964
1731423420412 0.23131707310676575 965
1731423423059 0.1959095150232315 966
1731423425700 0.23558050394058228 967
1731423428346 0.21527433395385742 968
1731423430980 0.1749386340379715 969
1731423433614 0.2001405656337738 970
1731423436265 0.20097589492797852 971
1731423438894 0.22993344068527222 972
1731423441543 0.1934502124786377 973
1731423444184 0.2255248725414276 974
1731423446815 0.25345441699028015 975
1731423449454 0.1942235827445984 976
1731423452098 0.2321249544620514 977
1731423454733 0.2220376431941986 978
1731423457365 0.2614692151546478 979
1731423460010 0.21696710586547852 980
1731423462643 0.20109444856643677 981
1731423465285 0.22982670366764069 982
1731423467907 0.20016127824783325 983
1731423470543 0.1944299340248108 984
1731423473187 0.21361860632896423 985
1731423475816 0.21303558349609375 986
1731423478464 0.22976894676685333 987
1731423481109 0.18443547189235687 988
1731423483746 0.1638759970664978 989
1731423486384 0.18176177144050598 990
1731423489005 0.16385182738304138 991
1731423491627 0.23129132390022278 992
1731423494260 0.22285602986812592 993
1731423496907 0.1632242649793625 994
1731423499549 0.2549477517604828 995
1731423502177 0.19636043906211853 996
1731423504808 0.15553337335586548 997
1731423507459 0.2253444343805313 998
1731423510107 0.20646724104881287 999
1731423512749 0.2556440234184265 1000
1731423547210 0.21175792813301086 1001
1731423549804 0.2281307429075241 1002
1731423552423 0.2031193971633911 1003
1731423555016 0.18495285511016846 1004
1731423557625 0.18153850734233856 1005
1731423560235 0.19885846972465515 1006
1731423562851 0.2366209775209427 1007
1731423565480 0.2136632204055786 1008
1731423568106 0.2149256467819214 1009
1731423570732 0.20347341895103455 1010
1731423573351 0.1903897225856781 1011
1731423575989 0.19692271947860718 1012
1731423578625 0.2763217091560364 1013
1731423581250 0.22092685103416443 1014
1731423583868 0.2336423099040985 1015
1731423586483 0.18957984447479248 1016
1731423589101 0.2925175428390503 1017
1731423591725 0.20449921488761902 1018
1731423594363 0.20087209343910217 1019
1731423597005 0.20462815463542938 1020
1731423599621 0.22008629143238068 1021
1731423602241 0.2271667867898941 1022
1731423604881 0.241461843252182 1023
1731423607503 0.20174221694469452 1024
1731423610153 0.2613202631473541 1025
1731423612795 0.20309902727603912 1026
1731423615425 0.2091902792453766 1027
1731423618051 0.2149561643600464 1028
1731423620681 0.20988890528678894 1029
1731423623317 0.20289532840251923 1030
1731423625952 0.2430664598941803 1031
1731423628596 0.24629563093185425 1032
1731423631224 0.21853801608085632 1033
1731423633846 0.2285311073064804 1034
1731423636488 0.17898157238960266 1035
1731423639126 0.2174132764339447 1036
1731423641750 0.22714391350746155 1037
1731423644396 0.1565624475479126 1038
1731423647027 0.20696264505386353 1039
1731423649651 0.20974880456924438 1040
1731423652303 0.22968178987503052 1041
1731423654925 0.19977030158042908 1042
1731423657551 0.2786964178085327 1043
1731423660203 0.2247307449579239 1044
1731423662856 0.20776252448558807 1045
1731423665511 0.23486560583114624 1046
1731423668138 0.16473598778247833 1047
1731423670780 0.23130866885185242 1048
1731423673423 0.1575375497341156 1049
1731423676043 0.20022621750831604 1050
1731423678687 0.22323903441429138 1051
1731423681337 0.19439387321472168 1052
1731423683989 0.21169261634349823 1053
1731423686611 0.24002891778945923 1054
1731423689240 0.1898011565208435 1055
1731423691884 0.22301511466503143 1056
1731423694526 0.21423107385635376 1057
1731423697171 0.2162512242794037 1058
1731423699818 0.21377918124198914 1059
1731423702448 0.3248577415943146 1060
1731423705080 0.19949087500572205 1061
1731423707713 0.2432546615600586 1062
1731423710349 0.215162992477417 1063
1731423712976 0.1878083348274231 1064
1731423715603 0.22762428224086761 1065
1731423718229 0.19941553473472595 1066
1731423720881 0.21147973835468292 1067
1731423723530 0.25543349981307983 1068
1731423726166 0.2235632836818695 1069
1731423728807 0.2414417564868927 1070
1731423731440 0.20368921756744385 1071
1731423734081 0.23672427237033844 1072
1731423736731 0.1851295530796051 1073
1731423739382 0.26855576038360596 1074
1731423742002 0.17249619960784912 1075
1731423744627 0.24052736163139343 1076
1731423747265 0.21190941333770752 1077
1731423749909 0.20752692222595215 1078
1731423752562 0.239807590842247 1079
1731423755198 0.20702770352363586 1080
1731423757851 0.19155284762382507 1081
1731423760477 0.24789127707481384 1082
1731423763106 0.19436804950237274 1083
1731423765757 0.1940881758928299 1084
1731423768404 0.24618330597877502 1085
1731423771031 0.20043064653873444 1086
1731423773658 0.21968376636505127 1087
1731423776304 0.2550308406352997 1088
1731423778948 0.22524204850196838 1089
1731423781584 0.22982876002788544 1090
1731423784230 0.22433505952358246 1091
1731423786875 0.19116242229938507 1092
1731423789491 0.19582054018974304 1093
1731423792122 0.23129794001579285 1094
1731423794753 0.1922953724861145 1095
1731423797394 0.21912875771522522 1096
1731423800037 0.2151554822921753 1097
1731423802673 0.19460059702396393 1098
1731423805312 0.2102597951889038 1099
1731423807942 0.26364341378211975 1100
1731423810570 0.21463201940059662 1101
1731423813202 0.19696976244449615 1102
1731423815820 0.24355937540531158 1103
1731423818454 0.20363560318946838 1104
1731423821076 0.278329461812973 1105
1731423823721 0.1852206587791443 1106
1731423826351 0.236973375082016 1107
1731423829015 0.20574253797531128 1108
1731423831650 0.1757131814956665 1109
1731423834290 0.19693748652935028 1110
1731423836942 0.20982010662555695 1111
1731423839585 0.1990431547164917 1112
1731423842226 0.19056451320648193 1113
1731423844862 0.21209445595741272 1114
1731423847491 0.21945971250534058 1115
1731423850128 0.17584964632987976 1116
1731423852753 0.20536194741725922 1117
1731423855385 0.22633269429206848 1118
1731423858031 0.21201658248901367 1119
1731423860650 0.21524062752723694 1120
1731423863285 0.17554232478141785 1121
1731423865929 0.16707411408424377 1122
1731423868561 0.20847561955451965 1123
1731423871205 0.20837944746017456 1124
1731423873840 0.21685318648815155 1125
1731423876506 0.21842226386070251 1126
1731423879147 0.21470555663108826 1127
1731423881782 0.1624220907688141 1128
1731423884413 0.21418407559394836 1129
1731423887052 0.2231331616640091 1130
1731423889686 0.18687044084072113 1131
1731423892314 0.19334089756011963 1132
1731423894947 0.2113790363073349 1133
1731423897585 0.20121383666992188 1134
1731423900248 0.20663467049598694 1135
1731423902894 0.23790758848190308 1136
1731423905539 0.20274129509925842 1137
1731423908174 0.23806259036064148 1138
1731423910809 0.18121598660945892 1139
1731423913451 0.2123233675956726 1140
1731423916086 0.19054222106933594 1141
1731423918713 0.22419872879981995 1142
1731423921357 0.18190568685531616 1143
1731423923984 0.21016600728034973 1144
1731423926617 0.19451913237571716 1145
1731423929272 0.17430952191352844 1146
1731423931900 0.22358939051628113 1147
1731423934531 0.19277110695838928 1148
1731423937165 0.19408072531223297 1149
1731423939790 0.2199135720729828 1150
1731423942439 0.205211341381073 1151
1731423945069 0.18377825617790222 1152
1731423947718 0.18680724501609802 1153
1731423950367 0.1837635189294815 1154
1731423953018 0.212114155292511 1155
1731423955654 0.20514827966690063 1156
1731423958292 0.20161956548690796 1157
1731423960936 0.19588759541511536 1158
1731423963590 0.20306918025016785 1159
1731423966217 0.21337798237800598 1160
1731423968860 0.2050507366657257 1161
1731423971504 0.21666690707206726 1162
1731423974141 0.21351823210716248 1163
1731423976780 0.2671392560005188 1164
1731423979425 0.23882754147052765 1165
1731423982045 0.2656014561653137 1166
1731423984706 0.17590218782424927 1167
1731423987348 0.16166311502456665 1168
1731423989991 0.1960015743970871 1169
1731423992743 0.21650134027004242 1170
1731423995386 0.24603766202926636 1171
1731423998037 0.2872425615787506 1172
1731424000690 0.21056893467903137 1173
1731424003325 0.18621212244033813 1174
1731424005966 0.17150914669036865 1175
1731424008605 0.20065614581108093 1176
1731424011241 0.1969752162694931 1177
1731424013871 0.20948396623134613 1178
1731424016494 0.20997673273086548 1179
1731424019123 0.26978129148483276 1180
1731424021761 0.1987013816833496 1181
1731424024394 0.28638169169425964 1182
1731424027032 0.19276989996433258 1183
1731424029660 0.16329950094223022 1184
1731424032293 0.2547360956668854 1185
1731424034930 0.20581218600273132 1186
1731424037571 0.23456867039203644 1187
1731424040213 0.20785433053970337 1188
1731424042853 0.18054717779159546 1189
1731424045488 0.19775071740150452 1190
1731424048145 0.2151457965373993 1191
1731424050773 0.2039806991815567 1192
1731424053413 0.18057560920715332 1193
1731424056046 0.24445517361164093 1194
1731424058688 0.23972705006599426 1195
1731424061320 0.19876903295516968 1196
1731424063950 0.24815219640731812 1197
1731424066576 0.2103712409734726 1198
1731424069215 0.21213096380233765 1199
1731424071866 0.21532726287841797 1200
1731424074494 0.21497607231140137 1201
1731424077153 0.20020928978919983 1202
1731424079797 0.17838525772094727 1203
1731424082433 0.22807294130325317 1204
1731424085063 0.22225718200206757 1205
1731424087698 0.20870545506477356 1206
1731424090342 0.19763194024562836 1207
1731424092979 0.22633695602416992 1208
1731424095619 0.1878816783428192 1209
1731424098256 0.18584874272346497 1210
1731424100891 0.23148421943187714 1211
1731424103529 0.1836988627910614 1212
1731424106153 0.20294103026390076 1213
1731424108794 0.17315879464149475 1214
1731424111451 0.22839191555976868 1215
1731424114097 0.18157103657722473 1216
1731424116756 0.2198004424571991 1217
1731424119401 0.22237536311149597 1218
1731424122036 0.2039583921432495 1219
1731424124680 0.18263843655586243 1220
1731424127316 0.19679129123687744 1221
1731424129962 0.24644994735717773 1222
1731424132615 0.1922331154346466 1223
1731424135249 0.17587557435035706 1224
1731424137892 0.18526454269886017 1225
1731424140543 0.17199748754501343 1226
1731424143201 0.19423234462738037 1227
1731424145831 0.17895400524139404 1228
1731424148451 0.20629838109016418 1229
1731424151079 0.19738483428955078 1230
1731424153707 0.1987888216972351 1231
1731424156342 0.19579815864562988 1232
1731424158965 0.18351906538009644 1233
1731424161594 0.18848267197608948 1234
1731424164233 0.18726816773414612 1235
1731424166863 0.2210950255393982 1236
1731424169499 0.1672753542661667 1237
1731424172120 0.22846421599388123 1238
1731424174752 0.16109898686408997 1239
1731424177388 0.21456730365753174 1240
1731424180038 0.19769856333732605 1241
1731424182671 0.19194072484970093 1242
1731424185298 0.2542613744735718 1243
1731424187925 0.2058602273464203 1244
1731424190545 0.20380476117134094 1245
1731424193163 0.20468592643737793 1246
1731424195789 0.22788572311401367 1247
1731424198423 0.21048268675804138 1248
1731424201060 0.20167283713817596 1249
1731424203721 0.18641360104084015 1250
1731424206341 0.2178688496351242 1251
1731424208965 0.1992589235305786 1252
1731424211591 0.1870039850473404 1253
1731424214226 0.2716103196144104 1254
1731424216861 0.2176334261894226 1255
1731424219493 0.19796708226203918 1256
1731424222133 0.2272738814353943 1257
1731424224770 0.19854982197284698 1258
1731424227404 0.19198064506053925 1259
1731424230033 0.20197619497776031 1260
1731424232658 0.20136462152004242 1261
1731424235270 0.19176536798477173 1262
1731424237930 0.22115707397460938 1263
1731424240565 0.19944503903388977 1264
1731424243209 0.18903596699237823 1265
1731424245836 0.18427366018295288 1266
1731424248478 0.22058634459972382 1267
1731424251114 0.20981119573116302 1268
1731424253766 0.2053360641002655 1269
1731424256397 0.1928270310163498 1270
1731424259049 0.2196139693260193 1271
1731424261674 0.25183114409446716 1272
1731424264311 0.20278605818748474 1273
1731424266943 0.24525858461856842 1274
1731424269587 0.2189796268939972 1275
1731424272220 0.21328943967819214 1276
1731424274853 0.23195840418338776 1277
1731424277494 0.18769660592079163 1278
1731424280119 0.18653307855129242 1279
1731424282766 0.20088769495487213 1280
1731424285414 0.20749236643314362 1281
1731424288045 0.1894066035747528 1282
1731424290677 0.17903006076812744 1283
1731424293327 0.21360772848129272 1284
1731424295974 0.20173612236976624 1285
1731424298604 0.21337103843688965 1286
1731424301237 0.18843373656272888 1287
1731424303871 0.2080077975988388 1288
1731424306516 0.19214820861816406 1289
1731424309154 0.21840953826904297 1290
1731424311787 0.20349085330963135 1291
1731424314410 0.19674991071224213 1292
1731424317036 0.1836889684200287 1293
1731424319654 0.223202183842659 1294
1731424322298 0.2881588935852051 1295
1731424324929 0.21955963969230652 1296
1731424327574 0.20294395089149475 1297
1731424330201 0.18011057376861572 1298
1731424332841 0.21869245171546936 1299
1731424335467 0.2587432265281677 1300
1731424338108 0.18986503779888153 1301
1731424340764 0.20300619304180145 1302
1731424343405 0.18521645665168762 1303
1731424346035 0.2194698601961136 1304
1731424348679 0.18452025949954987 1305
1731424351319 0.21123673021793365 1306
1731424353970 0.28259459137916565 1307
1731424356595 0.18868961930274963 1308
1731424359225 0.1724107712507248 1309
1731424361854 0.1683495193719864 1310
1731424364489 0.1933140754699707 1311
1731424367133 0.16475683450698853 1312
1731424369787 0.21773463487625122 1313
1731424372418 0.24749529361724854 1314
1731424375046 0.21601346135139465 1315
1731424377688 0.22662293910980225 1316
1731424380334 0.21707263588905334 1317
1731424382965 0.209711953997612 1318
1731424385601 0.22061759233474731 1319
1731424388238 0.21214942634105682 1320
1731424390889 0.19379913806915283 1321
1731424393537 0.20548033714294434 1322
1731424396197 0.2065545916557312 1323
1731424398834 0.19798387587070465 1324
1731424401469 0.21534037590026855 1325
1731424404086 0.17872005701065063 1326
1731424406718 0.21776826679706573 1327
1731424409355 0.20784825086593628 1328
1731424412002 0.21358409523963928 1329
1731424414645 0.1871470808982849 1330
1731424417298 0.18317505717277527 1331
1731424419933 0.22582043707370758 1332
1731424422567 0.17802399396896362 1333
1731424425195 0.1813378632068634 1334
1731424427840 0.2060701847076416 1335
1731424430467 0.18711110949516296 1336
1731424433099 0.2479768991470337 1337
1731424435739 0.19935065507888794 1338
1731424438378 0.17860974371433258 1339
1731424441009 0.19000446796417236 1340
1731424443637 0.17451447248458862 1341
1731424446278 0.19273999333381653 1342
1731424448938 0.207597553730011 1343
1731424451569 0.21564558148384094 1344
1731424454200 0.23202481865882874 1345
1731424456837 0.18921270966529846 1346
1731424459478 0.22468850016593933 1347
1731424462120 0.18066522479057312 1348
1731424464756 0.20577363669872284 1349
1731424467389 0.17136028409004211 1350
1731424470018 0.23360051214694977 1351
1731424472666 0.20614522695541382 1352
1731424475302 0.17507730424404144 1353
1731424477940 0.207552969455719 1354
1731424480586 0.19540485739707947 1355
1731424483230 0.25178062915802 1356
1731424485858 0.2255060374736786 1357
1731424488496 0.1952754408121109 1358
1731424491137 0.2074112892150879 1359
1731424493777 0.1824536770582199 1360
1731424496418 0.21183618903160095 1361
1731424499076 0.1915021538734436 1362
1731424501732 0.26075735688209534 1363
1731424504379 0.21975582838058472 1364
1731424507014 0.23734506964683533 1365
1731424509651 0.23156437277793884 1366
1731424512292 0.19897757470607758 1367
1731424514920 0.18673746287822723 1368
1731424517552 0.19963467121124268 1369
1731424520201 0.25150781869888306 1370
1731424522838 0.1821599304676056 1371
1731424525475 0.1841234266757965 1372
1731424528091 0.23649345338344574 1373
1731424530721 0.1999642252922058 1374
1731424533363 0.20258155465126038 1375
1731424536000 0.21442914009094238 1376
1731424538636 0.23932750523090363 1377
1731424541269 0.21576319634914398 1378
1731424543911 0.17431418597698212 1379
1731424546553 0.2324952781200409 1380
1731424549182 0.23711660504341125 1381
1731424551822 0.20804095268249512 1382
1731424554470 0.20596130192279816 1383
1731424557115 0.18233433365821838 1384
1731424559764 0.19147759675979614 1385
1731424562405 0.19068080186843872 1386
1731424565043 0.21728643774986267 1387
1731424567697 0.19962053000926971 1388
1731424570337 0.21531417965888977 1389
1731424572976 0.1741427630186081 1390
1731424575604 0.1815902292728424 1391
1731424578247 0.22520965337753296 1392
1731424580885 0.17032667994499207 1393
1731424583513 0.22767320275306702 1394
1731424586172 0.2689359784126282 1395
1731424588813 0.1903676837682724 1396
1731424591468 0.21689316630363464 1397
1731424594103 0.21745669841766357 1398
1731424596761 0.1736997365951538 1399
1731424599415 0.17730136215686798 1400
1731424602044 0.21056914329528809 1401
1731424604690 0.21556389331817627 1402
1731424607332 0.22923558950424194 1403
1731424609981 0.22716376185417175 1404
1731424612619 0.19545409083366394 1405
1731424615261 0.26248618960380554 1406
1731424617899 0.1849706470966339 1407
1731424620546 0.18132928013801575 1408
1731424623190 0.2160201072692871 1409
1731424625822 0.20397725701332092 1410
1731424628459 0.20616060495376587 1411
1731424631099 0.22499406337738037 1412
1731424633741 0.19422011077404022 1413
1731424636371 0.2158253788948059 1414
1731424639012 0.18644315004348755 1415
1731424641657 0.18635323643684387 1416
1731424644279 0.15314564108848572 1417
1731424646898 0.1802348494529724 1418
1731424649519 0.21479642391204834 1419
1731424652149 0.18337437510490417 1420
1731424654769 0.19361791014671326 1421
1731424657388 0.23760604858398438 1422
1731424660008 0.17850419878959656 1423
1731424662629 0.19423800706863403 1424
1731424665254 0.2329045832157135 1425
1731424667879 0.21401971578598022 1426
1731424670505 0.19324646890163422 1427
1731424673128 0.16234605014324188 1428
1731424675751 0.20155617594718933 1429
1731424678360 0.1872524619102478 1430
1731424680986 0.2059134989976883 1431
1731424683613 0.19115450978279114 1432
1731424686236 0.19394680857658386 1433
1731424688856 0.20412614941596985 1434
1731424691473 0.2080456018447876 1435
1731424694098 0.1851164698600769 1436
1731424696720 0.1918880045413971 1437
1731424699341 0.1788225620985031 1438
1731424701969 0.1701517254114151 1439
1731424704589 0.1863148808479309 1440
1731424707210 0.21662980318069458 1441
1731424709834 0.22722667455673218 1442
1731424712459 0.20445165038108826 1443
1731424715079 0.19929566979408264 1444
1731424717700 0.23085716366767883 1445
1731424720316 0.1866994947195053 1446
1731424722938 0.20957335829734802 1447
1731424726235 0.20065048336982727 1448
1731424743595 0.21710142493247986 1449
1731424746373 0.1869274079799652 1450
1731424749309 0.21710732579231262 1451
1731424752100 0.2448272407054901 1452
1731424754803 0.1576148420572281 1453
1731424757501 0.17864978313446045 1454
1731424760131 0.19282299280166626 1455
1731424762765 0.20297956466674805 1456
1731424765380 0.21934568881988525 1457
1731424768003 0.19030168652534485 1458
1731424770610 0.257890522480011 1459
1731424773248 0.21225343644618988 1460
1731424775868 0.21142743527889252 1461
1731424778490 0.19787994027137756 1462
1731424781117 0.18605628609657288 1463
1731424783748 0.25940901041030884 1464
1731424786374 0.21395757794380188 1465
1731424788997 0.16485470533370972 1466
1731424791634 0.20505870878696442 1467
1731424794265 0.19518756866455078 1468
1731424796908 0.20537811517715454 1469
1731424799530 0.19886380434036255 1470
1731424802170 0.16347970068454742 1471
1731424804805 0.19644354283809662 1472
1731424807431 0.25104856491088867 1473
1731424810058 0.24137771129608154 1474
1731424812677 0.23709335923194885 1475
1731424815321 0.19360104203224182 1476
1731424817946 0.18843983113765717 1477
1731424820587 0.24253906309604645 1478
1731424823205 0.2278556525707245 1479
1731424825830 0.18543948233127594 1480
1731424828454 0.24566999077796936 1481
1731424831074 0.20774759352207184 1482
1731424833711 0.2065512090921402 1483
1731424836337 0.19054074585437775 1484
1731424838965 0.224482923746109 1485
1731424841594 0.20592869818210602 1486
1731424844217 0.18728405237197876 1487
1731424846854 0.19241361320018768 1488
1731424849478 0.23336365818977356 1489
1731424852109 0.22993946075439453 1490
1731424854749 0.22099393606185913 1491
1731424857376 0.19752511382102966 1492
1731424860008 0.1741051971912384 1493
1731424862630 0.16772957146167755 1494
1731424865266 0.19846120476722717 1495
1731424867895 0.25225725769996643 1496
1731424870535 0.2033318281173706 1497
1731424873170 0.2572610378265381 1498
1731424875796 0.21874412894248962 1499
1731424878422 0.189507856965065 1500
1731424881053 0.18320100009441376 1501
1731424883683 0.24597826600074768 1502
1731424886318 0.23194187879562378 1503
1731424888946 0.18478244543075562 1504
1731424891578 0.21297356486320496 1505
1731424894211 0.21087557077407837 1506
1731424896837 0.24291342496871948 1507
1731424899462 0.2152862548828125 1508
1731424902092 0.19318853318691254 1509
1731424904724 0.21567101776599884 1510
1731424907361 0.19323968887329102 1511
1731424909982 0.22755850851535797 1512
1731424912608 0.20438045263290405 1513
1731424915242 0.22675089538097382 1514
1731424917881 0.19942627847194672 1515
1731424920513 0.2253374457359314 1516
1731424923143 0.19162830710411072 1517
1731424925774 0.2076505422592163 1518
1731424928405 0.2002825289964676 1519
1731424931033 0.2327713519334793 1520
1731424933680 0.24170313775539398 1521
1731424936317 0.20627786219120026 1522
1731424938954 0.1832568496465683 1523
1731424941580 0.20798879861831665 1524
1731424944211 0.2623898983001709 1525
1731424946837 0.18535378575325012 1526
1731424949472 0.24990615248680115 1527
1731424952104 0.19527769088745117 1528
1731424954733 0.19704695045948029 1529
1731424957363 0.18965420126914978 1530
1731424960006 0.21074730157852173 1531
1731424962644 0.22745487093925476 1532
1731424965267 0.23573434352874756 1533
1731424967909 0.2424870729446411 1534
1731424970537 0.2141992151737213 1535
1731424973184 0.14521487057209015 1536
1731424975807 0.1935642808675766 1537
1731424978434 0.20907139778137207 1538
1731424981073 0.2154570072889328 1539
1731424983687 0.22380679845809937 1540
1731424986311 0.2796920835971832 1541
1731424988945 0.19244584441184998 1542
1731424991581 0.2356807291507721 1543
1731424994225 0.27909141778945923 1544
1731424996845 0.16250789165496826 1545
1731424999479 0.20006167888641357 1546
1731425002105 0.17078790068626404 1547
1731425004715 0.17434823513031006 1548
1731425007337 0.21742257475852966 1549
1731425009967 0.27951085567474365 1550
1731425012599 0.22964784502983093 1551
1731425015225 0.16137726604938507 1552
1731425017866 0.21925722062587738 1553
1731425020494 0.18957385420799255 1554
1731425023136 0.20446611940860748 1555
1731425025765 0.1935826539993286 1556
1731425028403 0.19210284948349 1557
1731425031034 0.23362451791763306 1558
1731425033657 0.20759713649749756 1559
1731425036276 0.2057274430990219 1560
1731425038904 0.20939649641513824 1561
1731425041520 0.1701619178056717 1562
1731425044154 0.22980129718780518 1563
1731425046780 0.1792866289615631 1564
1731425049415 0.16706401109695435 1565
1731425052066 0.2526143789291382 1566
1731425054695 0.2004881203174591 1567
1731425057320 0.22894564270973206 1568
1731425059955 0.17282629013061523 1569
1731425062577 0.18820486962795258 1570
1731425065210 0.2094046175479889 1571
1731425067860 0.20870615541934967 1572
1731425070484 0.20927709341049194 1573
1731425073131 0.2338595986366272 1574
1731425075779 0.16925889253616333 1575
1731425078403 0.19186070561408997 1576
1731425081035 0.19325271248817444 1577
1731425083662 0.19285252690315247 1578
1731425086287 0.22834526002407074 1579
1731425088912 0.19079998135566711 1580
1731425091531 0.2592184841632843 1581
1731425094171 0.16392028331756592 1582
1731425096801 0.227899968624115 1583
1731425099448 0.18221326172351837 1584
1731425102061 0.20416203141212463 1585
1731425104675 0.17668651044368744 1586
1731425107301 0.21044251322746277 1587
1731425109928 0.22438164055347443 1588
1731425112546 0.21490171551704407 1589
1731425115175 0.20611312985420227 1590
1731425117804 0.17344409227371216 1591
1731425120442 0.20660912990570068 1592
1731425123072 0.22328723967075348 1593
1731425125685 0.22661274671554565 1594
1731425128325 0.22471624612808228 1595
1731425130951 0.16976672410964966 1596
1731425133551 0.2610622048377991 1597
1731425136185 0.20299389958381653 1598
1731425138837 0.20213299989700317 1599
1731425141475 0.1590965986251831 1600
1731425144251 0.2306807041168213 1601
1731425146876 0.2038109004497528 1602
1731425149502 0.187247633934021 1603
1731425152128 0.1776752918958664 1604
1731425154773 0.18951818346977234 1605
1731425157410 0.1912733018398285 1606
1731425160037 0.20769724249839783 1607
1731425162662 0.2389685958623886 1608
1731425165300 0.2083965539932251 1609
1731425167915 0.2367686927318573 1610
1731425170569 0.2137429118156433 1611
1731425173188 0.17936384677886963 1612
1731425175828 0.19463394582271576 1613
1731425178470 0.22079063951969147 1614
1731425181109 0.2199317216873169 1615
1731425183738 0.19679613411426544 1616
1731425186368 0.18983334302902222 1617
1731425188997 0.22234052419662476 1618
1731425191626 0.22239243984222412 1619
1731425194268 0.19555625319480896 1620
1731425196898 0.19722360372543335 1621
1731425199521 0.20827451348304749 1622
1731425202156 0.22552445530891418 1623
1731425204801 0.17558011412620544 1624
1731425207430 0.20961637794971466 1625
1731425210060 0.21860352158546448 1626
1731425212677 0.21076226234436035 1627
1731425215308 0.19015902280807495 1628
1731425217939 0.2293124496936798 1629
1731425220571 0.19803723692893982 1630
1731425223191 0.2659206986427307 1631
1731425225803 0.2162747085094452 1632
1731425228428 0.19894999265670776 1633
1731425231056 0.16501259803771973 1634
1731425233680 0.20963357388973236 1635
1731425236292 0.22545619308948517 1636
1731425238926 0.22838550806045532 1637
1731425241549 0.16074176132678986 1638
1731425244173 0.21996593475341797 1639
1731425246795 0.20863784849643707 1640
1731425249429 0.22633761167526245 1641
1731425252046 0.21242499351501465 1642
1731425254674 0.17401167750358582 1643
1731425257295 0.1978878229856491 1644
1731425259925 0.20031693577766418 1645
1731425262567 0.23256491124629974 1646
1731425265187 0.19203564524650574 1647
1731425267807 0.17689436674118042 1648
1731425270464 0.17879270017147064 1649
1731425273077 0.22163599729537964 1650
1731425275689 0.17663750052452087 1651
1731425278311 0.26372504234313965 1652
1731425280959 0.22140738368034363 1653
1731425283591 0.1926264464855194 1654
1731425286216 0.2322714924812317 1655
1731425288836 0.2013307809829712 1656
1731425291445 0.15977342426776886 1657
1731425294098 0.17201603949069977 1658
1731425296737 0.21259623765945435 1659
1731425299357 0.22205056250095367 1660
1731425301977 0.1923639476299286 1661
1731425304612 0.19133000075817108 1662
1731425307229 0.1729331910610199 1663
1731425309846 0.2018882930278778 1664
1731425312468 0.22169673442840576 1665
1731425315087 0.20495723187923431 1666
1731425317720 0.20593057572841644 1667
1731425320343 0.22239255905151367 1668
1731425322977 0.24780647456645966 1669
1731425325604 0.1818256825208664 1670
1731425328230 0.16927501559257507 1671
1731425330850 0.20982134342193604 1672
1731425333481 0.20851556956768036 1673
1731425336090 0.1921026110649109 1674
1731425338725 0.1899118423461914 1675
1731425341362 0.1743166446685791 1676
1731425343989 0.26572683453559875 1677
1731425346638 0.1996634304523468 1678
1731425349281 0.20484380424022675 1679
1731425351905 0.2746178209781647 1680
1731425354529 0.1828116476535797 1681
1731425357159 0.21872983872890472 1682
1731425359790 0.2465474009513855 1683
1731425362425 0.2248578518629074 1684
1731425365068 0.2824851870536804 1685
1731425367702 0.18452082574367523 1686
1731425370326 0.1817501336336136 1687
1731425372951 0.22928521037101746 1688
1731425375571 0.24879461526870728 1689
1731425378207 0.24146994948387146 1690
1731425380836 0.2565968632698059 1691
1731425383462 0.2510099709033966 1692
1731425386101 0.1709715574979782 1693
1731425388741 0.20727795362472534 1694
1731425391393 0.22684919834136963 1695
1731425394030 0.22800704836845398 1696
1731425396668 0.19694772362709045 1697
1731425399297 0.2443247139453888 1698
1731425401930 0.18426799774169922 1699
1731425404555 0.15800592303276062 1700
1731425407192 0.20670601725578308 1701
1731425409830 0.18141256272792816 1702
1731425412457 0.20352882146835327 1703
1731425415090 0.21077683568000793 1704
1731425417726 0.199215829372406 1705
1731425420385 0.19101691246032715 1706
1731425423018 0.20965197682380676 1707
1731425425634 0.21522152423858643 1708
1731425428269 0.21468296647071838 1709
1731425430904 0.18928468227386475 1710
1731425433534 0.1773218959569931 1711
1731425436159 0.2644801139831543 1712
1731425438787 0.24320104718208313 1713
1731425441426 0.2918131947517395 1714
1731425444067 0.1904486119747162 1715
1731425446700 0.18401849269866943 1716
1731425449339 0.1741051971912384 1717
1731425451970 0.23198896646499634 1718
1731425454593 0.17880672216415405 1719
1731425457202 0.19339114427566528 1720
1731425459846 0.23512239754199982 1721
1731425462490 0.1896267831325531 1722
1731425465126 0.21700292825698853 1723
1731425467748 0.22666695713996887 1724
1731425470381 0.2511375844478607 1725
1731425473014 0.21924786269664764 1726
1731425475656 0.266012042760849 1727
1731425478312 0.17523342370986938 1728
1731425480924 0.19150882959365845 1729
1731425483551 0.25919273495674133 1730
1731425486193 0.21502941846847534 1731
1731425488825 0.21033085882663727 1732
1731425491470 0.20900920033454895 1733
1731425494112 0.2161899358034134 1734
1731425496731 0.18164242804050446 1735
1731425499358 0.1800185739994049 1736
1731425501981 0.17767497897148132 1737
1731425504611 0.19784900546073914 1738
1731425507242 0.20085135102272034 1739
1731425509866 0.1707606464624405 1740
1731425512513 0.2345491647720337 1741
1731425515182 0.21099045872688293 1742
1731425517822 0.2665477991104126 1743
1731425520443 0.2688077390193939 1744
1731425523073 0.19405397772789001 1745
1731425525692 0.19431626796722412 1746
1731425528333 0.24261285364627838 1747
1731425530959 0.19123749434947968 1748
1731425533583 0.18958024680614471 1749
1731425536211 0.22358863055706024 1750
1731425538836 0.18960116803646088 1751
1731425541460 0.19340839982032776 1752
1731425544092 0.24365343153476715 1753
1731425546721 0.18316948413848877 1754
1731425549357 0.18571117520332336 1755
1731425551986 0.20280714333057404 1756
1731425554636 0.22143562138080597 1757
1731425557272 0.227664053440094 1758
1731425559908 0.2031049132347107 1759
1731425562548 0.20804426074028015 1760
1731425565164 0.19639548659324646 1761
1731425567813 0.22511610388755798 1762
1731425570441 0.21017487347126007 1763
1731425573078 0.2107427567243576 1764
1731425575719 0.20552432537078857 1765
1731425578354 0.22853660583496094 1766
1731425580984 0.23823723196983337 1767
1731425583620 0.20561853051185608 1768
1731425586260 0.23206311464309692 1769
1731425588905 0.22117963433265686 1770
1731425591527 0.1928580403327942 1771
1731425594144 0.18614736199378967 1772
1731425596772 0.22320111095905304 1773
1731425599397 0.2256227731704712 1774
1731425602035 0.19437861442565918 1775
1731425604672 0.22848960757255554 1776
1731425607295 0.20105651021003723 1777
1731425609933 0.18178971111774445 1778
1731425612545 0.19655844569206238 1779
1731425615188 0.2651768922805786 1780
1731425617826 0.18768668174743652 1781
