1730562348330 0.1127549260854721 1
1730562352963 0.1354515105485916 2
1730562357599 0.05106063187122345 3
1730562362230 0.07909815013408661 4
1730562366901 0.14859941601753235 5
1730562371557 0.15529613196849823 6
1730562376229 0.07995665073394775 7
1730562380913 0.03815266117453575 8
1730562385620 0.13966330885887146 9
1730562390326 0.08839373290538788 10
1730562395043 0.11470577120780945 11
1730562399765 0.12335708737373352 12
1730562404473 0.11917947232723236 13
1730562409182 0.018665645271539688 14
1730562413902 0.11211609840393066 15
1730562418627 0.056556105613708496 16
1730562423356 0.08483016490936279 17
1730562428081 0.05263504385948181 18
1730562432799 0.06151645630598068 19
1730562437527 0.1161380335688591 20
1730562442262 0.09728378057479858 21
1730562446997 0.10548629611730576 22
1730562451725 0.09054920077323914 23
1730562456455 0.09519663453102112 24
1730562461191 0.15302330255508423 25
1730562465954 0.09881903231143951 26
1730562470700 0.1615544706583023 27
1730562475434 0.17270784080028534 28
1730562480146 0.1272132247686386 29
1730562484870 0.01903613656759262 30
1730562489612 0.13357318937778473 31
1730562494342 0.0861007496714592 32
1730562499086 0.0852915495634079 33
1730562503830 0.11372384428977966 34
1730562508547 0.16035304963588715 35
1730562513284 0.08403122425079346 36
1730562518034 0.1318621039390564 37
1730562522744 0.08369840681552887 38
1730562527483 0.11774825304746628 39
1730562532226 0.07586251944303513 40
1730562536967 0.14244426786899567 41
1730562541715 0.07022324949502945 42
1730562546450 0.1060609221458435 43
1730562551191 0.09078629314899445 44
1730562555935 0.0559440478682518 45
1730562560685 0.22715505957603455 46
1730562565422 0.015004834160208702 47
1730562570162 0.06240272521972656 48
1730562574899 0.18431326746940613 49
1730562579612 0.10540372133255005 50
1730562584345 0.07776768505573273 51
1730562589079 0.09669467806816101 52
1730562593822 0.11254729330539703 53
1730562598553 0.0735652893781662 54
1730562603297 0.35549691319465637 55
1730562608038 0.11477860808372498 56
1730562612781 0.09908302128314972 57
1730562617510 0.08045224845409393 58
1730562622249 0.08458958566188812 59
1730562626996 0.2655006945133209 60
1730562631737 0.06567365676164627 61
1730562636446 0.011733363382518291 62
1730562641184 0.13054028153419495 63
1730562645926 0.1346506029367447 64
1730562650668 0.07778863608837128 65
1730562655412 0.10501417517662048 66
1730562660148 0.15943428874015808 67
1730562664892 0.0816180408000946 68
1730562669654 0.09666702151298523 69
1730562674394 0.13316762447357178 70
1730562679148 0.14048652350902557 71
1730562683892 0.06699268519878387 72
1730562688629 0.22518134117126465 73
1730562693346 0.08052513003349304 74
1730562698089 0.06955087929964066 75
1730562702828 0.03171117231249809 76
1730562707566 0.05475665256381035 77
1730562712321 0.08868958801031113 78
1730562717055 0.11830466985702515 79
1730562721805 0.12551599740982056 80
1730562726550 0.07769636809825897 81
1730562731281 0.018866658210754395 82
1730562735993 0.07267323136329651 83
1730562740733 0.1022879034280777 84
1730562745476 0.16138647496700287 85
1730562750201 0.0766199454665184 86
1730562754948 0.10845410078763962 87
1730562759705 0.14246752858161926 88
1730562764440 0.15163296461105347 89
1730562769174 0.05270247906446457 90
1730562773924 0.07741066068410873 91
1730562778656 0.07613850384950638 92
1730562783390 0.07421402633190155 93
1730562788106 0.06938917934894562 94
1730562792837 0.08031683415174484 95
1730562797572 0.06656771153211594 96
1730562802313 0.0738193541765213 97
1730562807056 0.0565367117524147 98
1730562811801 0.12158706039190292 99
1730562816538 0.10144741088151932 100
1730562821282 0.07352834194898605 101
1730562826022 0.12106926739215851 102
1730562830752 0.09831245988607407 103
1730562835497 0.10481497645378113 104
1730562840246 0.1055375188589096 105
1730562844985 0.08548907190561295 106
1730562849736 0.1107030063867569 107
1730562854481 0.07543633878231049 108
1730562859227 0.21421852707862854 109
1730562863951 0.048624299466609955 110
1730562868705 0.1489855945110321 111
1730562873437 0.10506784915924072 112
1730562878177 0.09287421405315399 113
1730562882903 0.007920092903077602 114
1730562887642 0.11113198101520538 115
1730562892377 0.14707915484905243 116
1730562897120 0.07714858651161194 117
1730562901859 0.1051241010427475 118
1730562906597 0.06929430365562439 119
1730562911334 0.07788801938295364 120
1730562916067 0.06533700227737427 121
1730562920793 0.05267615243792534 122
1730562925538 0.0552915558218956 123
1730562930278 0.07602673768997192 124
1730562935020 0.10603933036327362 125
1730562939767 0.12732839584350586 126
1730562944506 0.07172324508428574 127
1730562949234 0.06444850564002991 128
1730562953969 0.07463355362415314 129
1730562958695 0.08116193115711212 130
1730562963432 0.05078602209687233 131
1730562968176 0.08794520050287247 132
1730562972923 0.10536585003137589 133
1730562977641 0.0976751372218132 134
1730562982379 0.08455036580562592 135
1730562987124 0.07037222385406494 136
1730562991865 0.09249337017536163 137
1730562996613 0.11534494161605835 138
1730563001367 0.16869127750396729 139
1730563006110 0.1572943925857544 140
1730563010845 0.09337680041790009 141
1730563015591 0.06756667792797089 142
1730563020337 0.10836047679185867 143
1730563025074 0.07260841131210327 144
1730563029810 0.07161246985197067 145
1730563034550 0.22810974717140198 146
1730563039292 0.05308931693434715 147
1730563044042 0.08846768736839294 148
1730563048797 0.1538672149181366 149
1730563053524 0.10471872240304947 150
1730563058263 0.10227341949939728 151
1730563062982 0.14517641067504883 152
1730563067713 0.10246483981609344 153
1730563072447 0.08090460300445557 154
1730563077193 0.07838024199008942 155
1730563081935 0.18240219354629517 156
1730563086679 0.0886382907629013 157
1730563091414 0.03229351341724396 158
1730563096154 0.20198868215084076 159
1730563100897 0.06928326189517975 160
1730563105642 0.07515734434127808 161
1730563110381 0.14399084448814392 162
1730563115127 0.07664921879768372 163
1730563119864 0.0715349093079567 164
1730563124606 0.08930091559886932 165
1730563129348 0.08402222394943237 166
1730563134077 0.06243714690208435 167
1730563138822 0.06712261587381363 168
1730563143572 0.11471881717443466 169
1730563148312 0.09017835557460785 170
1730563153063 0.1305202841758728 171
1730563157811 0.06333643198013306 172
1730563162551 0.07790365815162659 173
1730563167291 0.06831032037734985 174
1730563172044 0.07235177606344223 175
1730563176782 0.08996035158634186 176
1730563181518 0.05152605101466179 177
1730563186252 0.15376856923103333 178
1730563190987 0.09215328097343445 179
1730563195723 0.020029403269290924 180
1730563200463 0.10442877560853958 181
1730563205203 0.09680837392807007 182
1730563209940 0.08962379395961761 183
1730563214686 0.17423665523529053 184
1730563219440 0.29888916015625 185
1730563224186 0.10183907300233841 186
1730563228946 0.14876523613929749 187
1730563233695 0.08882030844688416 188
1730563238431 0.07002698630094528 189
1730563243165 0.09136444330215454 190
1730563247880 0.13384057581424713 191
1730563252632 0.1798911988735199 192
1730563257359 0.07491280883550644 193
1730563262108 0.14473268389701843 194
1730563266847 0.06631935387849808 195
1730563271578 0.09709130227565765 196
1730563276331 0.12215784192085266 197
1730563281076 0.07386408746242523 198
1730563285819 0.04880472272634506 199
1730563290572 0.11460914462804794 200
1730563295342 0.06954483687877655 201
1730563300076 0.01970049925148487 202
1730563304821 0.14142198860645294 203
1730563309560 0.14042076468467712 204
1730563314325 0.09945963323116302 205
1730563319054 0.061798177659511566 206
1730563323795 0.08343632519245148 207
1730563328548 0.08820749819278717 208
1730563333294 0.09918628633022308 209
1730563338041 0.09460288286209106 210
1730563342798 0.10120513290166855 211
1730563347557 0.08838249742984772 212
1730563352284 0.3237881064414978 213
1730563357040 0.35021036863327026 214
1730563361786 0.09191234409809113 215
1730563366516 0.10449081659317017 216
1730563371236 0.09899471700191498 217
1730563375983 0.07865482568740845 218
1730563380745 0.12779198586940765 219
1730563385502 0.1181725561618805 220
1730563390248 0.09546591341495514 221
1730563394983 0.018791664391756058 222
1730563399743 0.09727958589792252 223
1730563404495 0.11467276513576508 224
1730563409238 0.07548747211694717 225
1730563413966 0.06481185555458069 226
1730563418714 0.12698334455490112 227
1730563423468 0.11224164068698883 228
1730563428226 0.12963557243347168 229
1730563432965 0.0607171431183815 230
1730563437720 0.11425086855888367 231
1730563442460 0.1600036919116974 232
1730563447174 0.087905652821064 233
1730563451905 0.07855229079723358 234
1730563456648 0.10159856081008911 235
1730563461386 0.13108700513839722 236
1730563466129 0.0675627663731575 237
1730563470871 0.09353405237197876 238
1730563475612 0.1024014949798584 239
1730563480356 0.07985812425613403 240
1730563485099 0.5503543615341187 241
1730563489835 0.11381546407938004 242
1730563494584 0.13173794746398926 243
1730563499300 0.10377481579780579 244
1730563504037 0.025592809543013573 245
1730563508758 0.12542296946048737 246
1730563513519 0.11608739197254181 247
1730563518272 0.21610687673091888 248
1730563523017 0.07358833402395248 249
1730563527776 0.2086348831653595 250
1730563532520 0.0947081595659256 251
1730563537249 0.09589314460754395 252
1730563541993 0.09787464886903763 253
1730563546721 0.05970519781112671 254
1730563551474 0.29490190744400024 255
1730563556206 0.049585260450839996 256
1730563560950 0.09356565773487091 257
1730563565690 0.14204145967960358 258
1730563570454 0.0642450600862503 259
1730563575185 0.07632206380367279 260
1730563579932 0.1040772795677185 261
1730563584643 0.07137509435415268 262
1730563589395 0.10018041729927063 263
1730563594141 0.15127375721931458 264
1730563598869 0.13238152861595154 265
1730563603607 0.07721325755119324 266
1730563608353 0.06528950482606888 267
1730563613075 0.08336137235164642 268
1730563617812 0.07043907046318054 269
1730563622556 0.12525789439678192 270
1730563627292 0.10292056202888489 271
1730563632028 0.07282427698373795 272
1730563636763 0.06380276381969452 273
1730563641513 0.1514490693807602 274
1730563646235 0.08218337595462799 275
1730563650956 0.19100426137447357 276
1730563655689 0.11524675786495209 277
1730563660448 0.1220046654343605 278
1730563665207 0.1526058316230774 279
1730563669942 0.06687554717063904 280
1730563674684 0.11979818344116211 281
1730563679418 0.03647530823945999 282
1730563684160 0.07057562470436096 283
1730563688904 0.14482563734054565 284
1730563693647 0.07740174978971481 285
1730563698386 0.15023565292358398 286
1730563703142 0.053882673382759094 287
1730563707892 0.08686630427837372 288
1730563712622 0.0620233416557312 289
1730563717363 0.2251080870628357 290
1730563722081 0.20969605445861816 291
1730563726812 0.09863205254077911 292
1730563731563 0.0690511167049408 293
1730563736314 0.15672624111175537 294
1730563741048 0.030120234936475754 295
1730563745789 0.05225595459342003 296
1730563750602 0.10244075208902359 297
1730563755344 0.08255938440561295 298
1730563760078 0.14198383688926697 299
1730563764815 0.0821491926908493 300
1730563769560 0.08776265382766724 301
1730563774275 0.01660892181098461 302
1730563779026 0.07945788651704788 303
1730563783775 0.1762668788433075 304
1730563788514 0.0753021240234375 305
1730563793262 0.12022186815738678 306
1730563797980 0.3141034245491028 307
1730563802723 0.10352610051631927 308
1730563807458 0.2471727877855301 309
1730563812194 0.04012267291545868 310
1730563816946 0.12874692678451538 311
1730563821693 0.2307175099849701 312
1730563826440 0.08208489418029785 313
1730563831164 0.1104760468006134 314
1730563835908 0.12936323881149292 315
1730563840655 0.07893235236406326 316
1730563845389 0.11001700162887573 317
1730563850109 0.09320518374443054 318
1730563854850 0.10206549614667892 319
1730563859593 0.17550013959407806 320
1730563864332 0.35630184412002563 321
1730563869070 0.13464482128620148 322
1730563873815 0.26914599537849426 323
1730563878542 0.1389128863811493 324
1730563883265 0.16934093832969666 325
1730563888016 0.1524757444858551 326
1730563892757 0.14897236227989197 327
1730563897498 0.11497048288583755 328
1730563902252 0.11698901653289795 329
1730563906986 0.04915723204612732 330
1730563911729 0.11668362468481064 331
1730563916466 0.03951854258775711 332
1730563921197 0.10790090262889862 333
1730563925928 0.05345173925161362 334
1730563930688 0.237155944108963 335
1730563935422 0.07044651359319687 336
1730563940151 0.06384755671024323 337
1730563944895 0.09494875371456146 338
1730563949603 0.07843035459518433 339
1730563954342 0.11957121640443802 340
1730563959086 0.08435508608818054 341
1730563963829 0.1316276490688324 342
1730563968571 0.09032838046550751 343
1730563973308 0.04796820133924484 344
1730563978029 0.06589651107788086 345
1730563982768 0.11176162958145142 346
1730563987520 0.16486945748329163 347
1730563992256 0.06944406777620316 348
1730563997005 0.07803435623645782 349
1730564001752 0.4048680067062378 350
1730564006491 0.049021653831005096 351
1730564011263 0.22021451592445374 352
1730564015968 0.025078866630792618 353
1730564020713 0.38445383310317993 354
1730564025455 0.06398852169513702 355
1730564030199 0.10492417961359024 356
1730564034957 0.09499651938676834 357
1730564039701 0.12326642870903015 358
1730564044430 0.09006594121456146 359
1730564049151 0.1425386667251587 360
1730564053884 0.09514394402503967 361
1730564058612 0.09596721827983856 362
1730564063349 0.12615227699279785 363
1730564068091 0.08239264041185379 364
1730564072834 0.10195218026638031 365
1730564077564 0.07170169055461884 366
1730564082300 0.10161736607551575 367
1730564087043 0.11754897981882095 368
1730564091765 0.07917210459709167 369
1730564096490 0.06265190243721008 370
1730564101240 0.18570497632026672 371
1730564105980 0.22736778855323792 372
1730564110712 0.08480401337146759 373
1730564115456 0.1123000830411911 374
1730564120202 0.048954591155052185 375
1730564124960 0.16793853044509888 376
1730564129687 0.06145523115992546 377
1730564134428 0.09855963289737701 378
1730564139155 0.11269547045230865 379
1730564143888 0.09416525065898895 380
1730564148624 0.12969568371772766 381
1730564153358 0.07309920340776443 382
1730564158093 0.10041826963424683 383
1730564162826 0.06353066861629486 384
1730564167559 0.06466633081436157 385
1730564172290 0.08438315987586975 386
1730564177047 0.12640926241874695 387
1730564181789 0.13246899843215942 388
1730564186528 0.18340325355529785 389
1730564191257 0.08666141331195831 390
1730564195985 0.04754693806171417 391
1730564200732 0.09569015353918076 392
1730564205462 0.10702132433652878 393
1730564210196 0.08356186747550964 394
1730564214943 0.11663234233856201 395
1730564219680 0.09011340141296387 396
1730564224426 0.07820361107587814 397
1730564229166 0.14810706675052643 398
1730564233921 0.12193501740694046 399
1730564238660 0.09488024562597275 400
1730564243405 0.09563234448432922 401
1730564248136 0.08654877543449402 402
1730564252869 0.07864395529031754 403
1730564257592 0.14023315906524658 404
1730564262335 0.09302288293838501 405
1730564267075 0.075132817029953 406
1730564271813 0.0800362080335617 407
1730564276553 0.10450440645217896 408
1730564281296 0.10552729666233063 409
1730564286025 0.13409066200256348 410
1730564290773 0.2882809638977051 411
1730564295504 0.017302703112363815 412
1730564300266 0.028505844995379448 413
1730564305022 0.1378101110458374 414
1730564309764 0.08727651834487915 415
1730564314518 0.2091873586177826 416
1730564319251 0.06505831331014633 417
1730564323976 0.02357182651758194 418
1730564328712 0.08297783136367798 419
1730564333462 0.21742719411849976 420
1730564338208 0.1417946219444275 421
1730564342958 0.08863458037376404 422
1730564347696 0.16630926728248596 423
1730564352431 0.04603036493062973 424
1730564357176 0.07730118185281754 425
1730564361905 0.07656680047512054 426
1730564366649 0.23071825504302979 427
1730564371382 0.07787437736988068 428
1730564376096 0.11148001253604889 429
1730564380847 0.11193881928920746 430
1730564385575 0.085859015583992 431
1730564390310 0.07572475075721741 432
1730564395061 0.1677960306406021 433
1730564399779 0.17731988430023193 434
1730564404514 0.08107896894216537 435
1730564409268 0.16167765855789185 436
1730564414002 0.11951913684606552 437
1730564418743 0.13429683446884155 438
1730564423499 0.20448069274425507 439
1730564428258 0.10248515009880066 440
1730564433005 0.15017825365066528 441
1730564437751 0.06721267104148865 442
1730564442485 0.10982644557952881 443
1730564447205 0.0050195655785501 444
1730564451931 0.030052419751882553 445
1730564456664 0.07559612393379211 446
1730564461395 0.07232001423835754 447
1730564466123 0.09072913229465485 448
1730564470852 0.08914397656917572 449
1730564475570 0.1712377518415451 450
1730564480301 0.08409125357866287 451
1730564485034 0.06973634660243988 452
1730564489787 0.1118651032447815 453
1730564494510 0.017730243504047394 454
1730564499269 0.09296418726444244 455
1730564504004 0.07084395736455917 456
1730564508745 0.12682990729808807 457
1730564513481 0.06270324438810349 458
1730564518199 0.11967115104198456 459
1730564522937 0.08324547111988068 460
1730564527668 0.06241169571876526 461
1730564532399 0.09698192775249481 462
1730564537155 0.10883447527885437 463
1730564541897 0.07662960886955261 464
1730564546635 0.09777703881263733 465
1730564551384 0.07615697383880615 466
1730564556119 0.07107140123844147 467
1730564560849 0.06431050598621368 468
1730564565607 0.46630939841270447 469
1730564570355 0.11513452231884003 470
1730564575104 0.1581185758113861 471
1730564579835 0.08373231440782547 472
1730564584571 0.05755480378866196 473
1730564589317 0.06450733542442322 474
1730564594059 0.08778591454029083 475
1730564598795 0.04644209146499634 476
1730564603521 0.11602012813091278 477
1730564608268 0.15039053559303284 478
1730564612987 0.075069360435009 479
1730564617718 0.06265972554683685 480
1730564622435 0.11881951987743378 481
1730564627165 0.0571022555232048 482
1730564631904 0.0487620085477829 483
1730564636649 0.05907672643661499 484
1730564641398 0.08431954681873322 485
1730564646141 0.08658839762210846 486
1730564650879 0.08892320096492767 487
1730564655620 0.10867810994386673 488
1730564660370 0.07056067883968353 489
1730564665106 0.08789925277233124 490
1730564669835 0.060203298926353455 491
1730564674574 0.08272261917591095 492
1730564679312 0.028907466679811478 493
1730564684062 0.23472246527671814 494
1730564688797 0.07923650741577148 495
1730564693545 0.07766185700893402 496
1730564698306 0.14620929956436157 497
1730564703040 0.07701301574707031 498
1730564707777 0.09505854547023773 499
1730564712519 0.049757666885852814 500
1730564717258 0.055118244141340256 501
1730564721963 0.09980476647615433 502
1730564726699 0.13570833206176758 503
1730564731417 0.05347084254026413 504
1730564736158 0.06906414031982422 505
1730564740895 0.10456375777721405 506
1730564745626 0.12785977125167847 507
1730564750364 0.09711344540119171 508
1730564755102 0.1243867576122284 509
1730564759837 0.07771989703178406 510
1730564764567 0.09429308772087097 511
1730564769304 0.08752307295799255 512
1730564774051 0.1302153766155243 513
1730564778784 0.1344548910856247 514
1730564783542 0.1073048859834671 515
1730564788276 0.06251931190490723 516
1730564793007 0.08374416083097458 517
1730564797743 0.13709942996501923 518
1730564802486 0.06770787388086319 519
1730564807213 0.05830914527177811 520
1730564811939 0.07928955554962158 521
1730564816699 0.2255922257900238 522
1730564821435 0.06637613475322723 523
1730564826170 0.21318775415420532 524
1730564830911 0.16648109257221222 525
1730564835661 0.09721963107585907 526
1730564840408 0.10908558964729309 527
1730564845166 0.15991631150245667 528
1730564849905 0.09428364038467407 529
1730564854646 0.060963332653045654 530
1730564859387 0.10280191898345947 531
1730564864131 0.14417001605033875 532
1730564868868 0.0678032636642456 533
1730564873601 0.11839353293180466 534
1730564878346 0.07119370996952057 535
1730564883079 0.07436224818229675 536
1730564887827 0.15256141126155853 537
1730564892579 0.0966271385550499 538
1730564897320 0.0664585530757904 539
1730564902049 0.084348663687706 540
1730564906782 0.06214679777622223 541
1730564911538 0.15969786047935486 542
1730564916284 0.08333352208137512 543
1730564921019 0.06496402621269226 544
1730564925745 0.10344900190830231 545
1730564930476 0.3005792498588562 546
1730564935207 0.08322495967149734 547
1730564939960 0.06834525614976883 548
1730564944707 0.10303086042404175 549
1730564949456 0.08693699538707733 550
1730564954175 0.10442781448364258 551
1730564958909 0.05292097106575966 552
1730564963649 0.10262380540370941 553
1730564968399 0.07552742958068848 554
1730564973141 0.10776197910308838 555
1730564977876 0.031958796083927155 556
1730564982621 0.06981270015239716 557
1730564987383 0.0932287946343422 558
1730564992109 0.17340096831321716 559
1730564996844 0.07153377681970596 560
1730565001596 0.11516255140304565 561
1730565006306 0.007894976064562798 562
1730565011039 0.07458215951919556 563
1730565015782 0.11638088524341583 564
1730565020519 0.04404667764902115 565
1730565025266 0.08545798063278198 566
1730565030010 0.09688014537096024 567
1730565034742 0.02801276557147503 568
1730565039484 0.06527158617973328 569
1730565044230 0.12405824661254883 570
1730565048983 0.10878220945596695 571
1730565053720 0.08014653623104095 572
1730565058469 0.09873966872692108 573
1730565063220 0.06581958383321762 574
1730565067970 0.18979910016059875 575
1730565072707 0.043167635798454285 576
1730565077454 0.11071382462978363 577
1730565082183 0.10725243389606476 578
1730565086925 0.0902809128165245 579
1730565091670 0.11223071813583374 580
1730565096406 0.07691127806901932 581
1730565101146 0.07663662731647491 582
1730565105882 0.059624023735523224 583
1730565110609 0.06557260453701019 584
1730565115345 0.06238889321684837 585
1730565120074 0.1484435349702835 586
1730565124805 0.11223925650119781 587
1730565129517 0.11798253655433655 588
1730565134260 0.06353406608104706 589
1730565139000 0.056084953248500824 590
1730565143761 0.103837750852108 591
1730565148513 0.2144249975681305 592
1730565153210 0.01171298511326313 593
1730565157962 0.07112329453229904 594
1730565162704 0.1442701369524002 595
1730565167444 0.09750865399837494 596
1730565172183 0.22737255692481995 597
1730565176929 0.0899336040019989 598
1730565181662 0.08226487785577774 599
1730565186406 0.12030106782913208 600
1730565191150 0.06356652081012726 601
1730565195889 0.07825121283531189 602
1730565200626 0.0551590695977211 603
1730565205382 0.09481467306613922 604
1730565210145 0.05783270299434662 605
1730565214864 0.10377749055624008 606
1730565219598 0.1597745567560196 607
1730565224348 0.05587240681052208 608
1730565229097 0.19138428568840027 609
1730565233840 0.09512989223003387 610
1730565238586 0.08940929174423218 611
1730565243327 0.07877866923809052 612
1730565248075 0.10435178875923157 613
1730565252810 0.05541006475687027 614
1730565257556 0.09786847978830338 615
1730565262291 0.10238653421401978 616
1730565267030 0.04976731911301613 617
1730565271777 0.08879828453063965 618
1730565276499 0.01819721795618534 619
1730565281240 0.09766848385334015 620
1730565285999 0.30675065517425537 621
1730565290748 0.1248144805431366 622
1730565295498 0.166940838098526 623
1730565300216 0.07810234278440475 624
1730565304966 0.09292252361774445 625
1730565309682 0.013108273036777973 626
1730565314429 0.15920908749103546 627
1730565319163 0.07972429692745209 628
1730565323911 0.26110023260116577 629
1730565328665 0.05070512369275093 630
1730565333391 0.7849096059799194 631
1730565338128 0.06570206582546234 632
1730565342888 0.1246575340628624 633
1730565347624 0.09708712995052338 634
1730565352366 0.043224480003118515 635
1730565357129 0.32406508922576904 636
1730565361859 0.0439557246863842 637
1730565366579 0.11616648733615875 638
1730565371304 0.1108761578798294 639
1730565376048 0.11522752046585083 640
1730565380783 0.1047799214720726 641
1730565385540 0.21756315231323242 642
1730565390286 0.08910165727138519 643
1730565395034 0.07146301120519638 644
1730565399780 0.07148735225200653 645
1730565404532 0.07264193892478943 646
1730565409273 0.06686894595623016 647
1730565414010 0.09959173947572708 648
1730565418761 0.09723873436450958 649
1730565423519 0.08735425770282745 650
1730565428271 0.1003221869468689 651
1730565433031 0.22688111662864685 652
1730565437787 0.06376475840806961 653
1730565442532 0.07671099901199341 654
1730565447284 0.10292734205722809 655
1730565452051 0.09848955273628235 656
1730565456778 0.12874972820281982 657
1730565461518 0.08945494145154953 658
1730565466283 0.12316498160362244 659
1730565471037 0.09899316728115082 660
1730565475791 0.11989399790763855 661
1730565480542 0.15175849199295044 662
1730565485286 0.10165437310934067 663
1730565490054 0.09732435643672943 664
1730565494801 0.10552924126386642 665
1730565499559 0.0624646320939064 666
1730565504309 0.11811796575784683 667
1730565509121 0.07567915320396423 668
1730565513855 0.0919719934463501 669
1730565518578 0.1064206212759018 670
1730565523324 0.11435754597187042 671
1730565528069 0.10631129145622253 672
1730565532800 0.32241639494895935 673
1730565537546 0.10441064089536667 674
1730565542269 0.08098601549863815 675
1730565546981 0.08839075267314911 676
1730565551720 0.05366497486829758 677
1730565556457 0.19536757469177246 678
1730565561197 0.21860742568969727 679
1730565565933 0.1445428431034088 680
1730565570677 0.06507280468940735 681
1730565575416 0.0566941499710083 682
1730565580157 0.108330138027668 683
1730565584900 0.15229389071464539 684
1730565589645 0.08526773750782013 685
1730565594405 0.07016024738550186 686
1730565599144 0.08567100763320923 687
1730565603884 0.08380262553691864 688
1730565608622 0.09989219903945923 689
1730565613347 0.15207532048225403 690
1730565618084 0.15413451194763184 691
1730565622810 0.2873835563659668 692
1730565627548 0.07039588689804077 693
1730565632287 0.09913073480129242 694
1730565637025 0.06456682831048965 695
1730565641775 0.11770698428153992 696
1730565646509 0.06135622411966324 697
1730565651260 0.08454319834709167 698
1730565656000 0.10396474599838257 699
1730565660772 0.10703790932893753 700
1730565665512 0.06234050542116165 701
1730565670257 0.23480281233787537 702
1730565675003 0.07706387341022491 703
1730565679745 0.09872876107692719 704
1730565684491 0.1004137471318245 705
1730565689248 0.08786054700613022 706
1730565693996 0.08144387602806091 707
1730565698731 0.07468616962432861 708
1730565703472 0.12498762458562851 709
1730565708217 0.06809920817613602 710
1730565712958 0.10015194118022919 711
1730565717715 0.06021788343787193 712
1730565722472 0.15425372123718262 713
1730565727214 0.08508682996034622 714
1730565731949 0.052475038915872574 715
1730565736689 0.06222676485776901 716
1730565741424 0.08679402619600296 717
1730565746161 0.0968138575553894 718
1730565750898 0.1070973202586174 719
1730565755637 0.134688138961792 720
1730565760384 0.06476818025112152 721
1730565765140 0.21174071729183197 722
1730565769880 0.08412011712789536 723
1730565774593 0.09388332068920135 724
1730565779326 0.05877545848488808 725
1730565784068 0.09778165817260742 726
1730565788808 0.07266898453235626 727
1730565793557 0.08539464324712753 728
1730565798296 0.08801067620515823 729
1730565803038 0.13579213619232178 730
1730565807781 0.19545681774616241 731
1730565812534 0.11249127984046936 732
1730565817276 0.08955162763595581 733
1730565822020 0.0843982845544815 734
1730565826747 0.1425202339887619 735
1730565831489 0.09285332262516022 736
1730565836236 0.09443125128746033 737
1730565840955 0.07557167112827301 738
1730565845702 0.15844157338142395 739
1730565850437 0.06147688999772072 740
1730565855185 0.13833777606487274 741
1730565859933 0.1613430380821228 742
1730565864672 0.06304135918617249 743
1730565869405 0.05641589313745499 744
1730565874152 0.11011174321174622 745
1730565878893 0.10100899636745453 746
1730565883643 0.09290020167827606 747
1730565888391 0.09193802624940872 748
1730565893146 0.07687962055206299 749
1730565897888 0.08003073185682297 750
1730565902633 0.14975565671920776 751
1730565907376 0.06861703097820282 752
1730565912109 0.06282766163349152 753
1730565916832 0.05670461058616638 754
1730565921570 0.053389307111501694 755
1730565926330 0.0989793986082077 756
1730565931071 0.07921862602233887 757
1730565935789 0.09469626843929291 758
1730565940537 0.09447181224822998 759
1730565945277 0.08551617711782455 760
1730565950008 0.12309129536151886 761
1730565954720 0.09063287079334259 762
1730565959443 0.07998938113451004 763
1730565964147 0.03341208025813103 764
1730565968885 0.09878630936145782 765
1730565973623 0.08558381348848343 766
1730565978365 0.03979415073990822 767
1730565983117 0.14106786251068115 768
1730565987859 0.10366570204496384 769
1730565992593 0.10052651166915894 770
1730565997347 0.14620590209960938 771
1730566002101 0.06647738069295883 772
1730566006827 0.16099673509597778 773
1730566011572 0.10612542182207108 774
1730566016314 0.06271199136972427 775
1730566021055 0.14978569746017456 776
1730566025794 0.06733861565589905 777
1730566030544 0.090673066675663 778
1730566035286 0.27207720279693604 779
1730566040022 0.07861441373825073 780
1730566044779 0.06811273097991943 781
1730566049511 0.07070420682430267 782
1730566054247 0.08342510461807251 783
1730566058991 0.08834737539291382 784
1730566063728 0.13502416014671326 785
1730566068469 0.07583151012659073 786
1730566073197 0.07021550089120865 787
1730566077933 0.06718455255031586 788
1730566082682 0.1426878422498703 789
1730566087411 0.13130289316177368 790
1730566092145 0.08556193858385086 791
1730566096889 0.06717255711555481 792
1730566101613 0.06629312038421631 793
1730566106357 0.08897919952869415 794
1730566111111 0.07353225350379944 795
1730566115853 0.08477374166250229 796
1730566120595 0.1447933465242386 797
1730566125316 0.4430467188358307 798
1730566130074 0.2666853666305542 799
1730566134815 0.06637901067733765 800
1730566139529 0.10870728641748428 801
1730566144287 0.07630125433206558 802
1730566149028 0.08879921585321426 803
1730566153758 0.10178183019161224 804
1730566158497 0.0804070383310318 805
1730566163231 0.07237930595874786 806
1730566167974 0.10142974555492401 807
1730566172711 0.07317090034484863 808
1730566177478 0.052273139357566833 809
1730566182218 0.11969141662120819 810
1730566186979 0.10136385262012482 811
1730566191750 0.1098129153251648 812
1730566196501 0.08732587099075317 813
1730566201254 0.07434086501598358 814
1730566205991 0.08626353740692139 815
1730566210718 0.10836386680603027 816
1730566215441 0.1889677196741104 817
1730566220178 0.07486671209335327 818
1730566224901 0.07432403415441513 819
1730566229635 0.09394612908363342 820
1730566234372 0.06314674764871597 821
1730566239111 0.08067145198583603 822
1730566243847 0.04651534929871559 823
1730566248576 0.09095065295696259 824
1730566253309 0.05591706186532974 825
1730566258053 0.10558518767356873 826
1730566262788 0.07480514794588089 827
1730566267523 0.12101523578166962 828
1730566272274 0.12381459772586823 829
1730566277020 0.09602773934602737 830
1730566281755 0.08860981464385986 831
1730566286510 0.06298314034938812 832
1730566291241 0.07601756602525711 833
1730566295970 0.08639839291572571 834
1730566300697 0.09950636327266693 835
1730566305428 0.07995183765888214 836
1730566310149 0.028363272547721863 837
1730566314879 0.15308310091495514 838
1730566319619 0.10982689261436462 839
1730566324350 0.09544549882411957 840
1730566329075 0.08171236515045166 841
1730566333822 0.41567060351371765 842
1730566338543 0.0766262337565422 843
1730566343292 0.14489707350730896 844
1730566348044 0.17572365701198578 845
1730566352765 0.10249063372612 846
1730566357505 0.06126393377780914 847
1730566362256 0.10844258219003677 848
1730566366992 0.07132193446159363 849
1730566371744 0.07052174210548401 850
1730566376493 0.0958423763513565 851
1730566381239 0.09724192321300507 852
1730566385969 0.10570357739925385 853
1730566390680 0.027895700186491013 854
1730566395423 0.10829216241836548 855
1730566400173 0.11852273344993591 856
1730566404920 0.048674821853637695 857
1730566409669 0.11197225004434586 858
1730566414396 0.01253802701830864 859
1730566419144 0.08748435229063034 860
1730566423893 0.09531903266906738 861
1730566428654 0.16539253294467926 862
1730566433401 0.056770723313093185 863
1730566438138 0.02825763449072838 864
1730566442890 0.05010610073804855 865
1730566447649 0.19788995385169983 866
1730566452393 0.06854167580604553 867
1730566457138 0.08545041084289551 868
1730566461885 0.06565847992897034 869
1730566466612 0.19579097628593445 870
1730566471353 0.1138094961643219 871
1730566476070 0.1029110997915268 872
1730566480822 0.31457817554473877 873
1730566485566 0.1209762841463089 874
1730566490304 0.06521908938884735 875
1730566495037 0.1305614411830902 876
1730566499789 0.05720348283648491 877
1730566504502 0.12168732285499573 878
1730566509240 0.06977488100528717 879
1730566513983 0.07122663408517838 880
1730566518722 0.05356220528483391 881
1730566523469 0.11926424503326416 882
1730566528210 0.08657161146402359 883
1730566532948 0.10008445382118225 884
1730566537685 0.07259465754032135 885
1730566542437 0.17217493057250977 886
1730566547177 0.08162413537502289 887
1730566551921 0.07545612752437592 888
1730566556670 0.1337551772594452 889
1730566561412 0.10097252577543259 890
1730566566130 0.1074124425649643 891
1730566570858 0.08699281513690948 892
1730566575610 0.09977223724126816 893
1730566580344 0.070186085999012 894
1730566585085 0.07212071120738983 895
1730566589818 0.10513981431722641 896
1730566594567 0.1302245706319809 897
1730566599297 0.07650443911552429 898
1730566604047 0.10718430578708649 899
1730566608791 0.13779594004154205 900
1730566613544 0.13951687514781952 901
1730566618295 0.1103484183549881 902
1730566623044 0.037522003054618835 903
1730566627787 0.11591680347919464 904
1730566632534 0.07206101715564728 905
1730566637282 0.032355982810258865 906
1730566642013 0.10259751975536346 907
1730566646750 0.08584193885326385 908
1730566651498 0.09169155359268188 909
1730566656241 0.09261438250541687 910
1730566660988 0.09881220757961273 911
1730566665720 0.10391384363174438 912
1730566670458 0.055997416377067566 913
1730566675201 0.08678188920021057 914
1730566679940 0.0939551442861557 915
1730566684686 0.1126847118139267 916
1730566689418 0.05643182992935181 917
1730566694163 0.09403237700462341 918
1730566698901 0.08015899360179901 919
1730566703648 0.15013888478279114 920
1730566708366 0.12520603835582733 921
1730566713101 0.07650389522314072 922
1730566717841 0.09632998704910278 923
1730566722590 0.09458009898662567 924
1730566727332 0.216376394033432 925
1730566732070 0.0863126665353775 926
1730566736824 0.21624261140823364 927
1730566741572 0.07847680151462555 928
1730566746313 0.10824588686227798 929
1730566751034 0.012509185820817947 930
1730566755756 0.06330088526010513 931
1730566760486 0.05809648334980011 932
1730566765237 0.08528007566928864 933
1730566769973 0.05703146010637283 934
1730566774723 0.09525351226329803 935
1730566779466 0.07364017516374588 936
1730566784195 0.08319167792797089 937
1730566788941 0.1536315381526947 938
1730566793676 1.0367257595062256 939
1730566798415 0.11636298894882202 940
1730566803156 0.03707084059715271 941
1730566807901 0.08544570207595825 942
1730566812642 0.062328606843948364 943
1730566817379 0.045956045389175415 944
1730566822119 0.07505466043949127 945
1730566826860 0.07902185618877411 946
1730566831605 0.06453587114810944 947
1730566836348 0.060842398554086685 948
1730566841090 0.1348925530910492 949
1730566845819 0.06882630288600922 950
1730566850567 0.16735130548477173 951
1730566855296 0.03145955130457878 952
1730566860033 0.08518929034471512 953
1730566864769 0.06814531236886978 954
1730566869511 0.15217752754688263 955
1730566874236 0.27580660581588745 956
1730566878981 0.10130418837070465 957
1730566883720 0.155656635761261 958
1730566888463 0.24051377177238464 959
1730566893212 0.10629182308912277 960
1730566897950 0.07190379500389099 961
1730566902690 0.08497686684131622 962
1730566907437 0.11740733683109283 963
1730566912174 0.10657083243131638 964
1730566916924 0.06613190472126007 965
1730566921665 0.2515528202056885 966
1730566926423 0.22562004625797272 967
1730566931162 0.06725259125232697 968
1730566935908 0.14740578830242157 969
1730566940650 0.09237238764762878 970
1730566945402 0.10902349650859833 971
1730566950142 0.12773554027080536 972
1730566954875 0.0844387337565422 973
1730566959636 0.12174738198518753 974
1730566964369 0.07682821899652481 975
1730566969115 0.07314686477184296 976
1730566973849 0.039390239864587784 977
1730566978591 0.09973418712615967 978
1730566983345 0.10936066508293152 979
1730566988086 0.11880180984735489 980
1730566992825 0.07713799923658371 981
1730566997563 0.0798284113407135 982
1730567002304 0.07746994495391846 983
1730567007057 0.07680722326040268 984
1730567011811 0.08207651227712631 985
1730567016558 0.09932535886764526 986
1730567021300 0.06682738661766052 987
1730567026045 0.08675245940685272 988
1730567030807 0.12051033973693848 989
1730567035560 0.0735558569431305 990
1730567040279 0.17422544956207275 991
1730567045018 0.07157956063747406 992
1730567049771 0.1118098646402359 993
1730567054501 0.08778566122055054 994
1730567059245 0.1511068344116211 995
1730567063982 0.05109375715255737 996
1730567068701 0.0625714659690857 997
1730567073451 0.08732475340366364 998
1730567078193 0.10698216408491135 999
1730567082911 0.11787734925746918 1000
