1730428140960 0.2431352287530899 1
1730428142396 0.22322016954421997 2
1730428143983 0.21882012486457825 3
1730428145461 0.18525703251361847 4
1730428146938 0.2267681062221527 5
1730428148423 0.16314929723739624 6
1730428149906 0.23794472217559814 7
1730428151395 0.3447014093399048 8
1730428152881 0.1137050986289978 9
1730428154369 0.30957338213920593 10
1730428155856 0.29931432008743286 11
1730428157337 0.12736013531684875 12
1730428158828 0.172452911734581 13
1730428160319 0.18058836460113525 14
1730428161803 0.2600919008255005 15
1730428163289 0.18421214818954468 16
1730428164779 0.15814271569252014 17
1730428166264 0.2204955518245697 18
1730428167749 0.18041181564331055 19
1730428169233 0.2889065146446228 20
1730428170716 0.40060004591941833 21
1730428172209 0.16574063897132874 22
1730428173695 0.19760951399803162 23
1730428175186 0.1808299720287323 24
1730428176677 0.17269332706928253 25
1730428178176 0.23886781930923462 26
1730428179667 0.20233158767223358 27
1730428181159 0.12427826225757599 28
1730428182650 0.1945190131664276 29
1730428184139 0.2018754780292511 30
1730428185630 0.2613973021507263 31
1730428187125 0.1977016031742096 32
1730428188620 0.1942453682422638 33
1730428190118 0.144352525472641 34
1730428191618 0.19720709323883057 35
1730428193117 0.19152194261550903 36
1730428194613 0.21860480308532715 37
1730428196106 0.1926085650920868 38
1730428197602 0.2547949552536011 39
1730428199097 0.16106675565242767 40
1730428200599 0.19612061977386475 41
1730428202098 0.1067235991358757 42
1730428203594 0.21015964448451996 43
1730428205090 0.3324321508407593 44
1730428206587 0.15315444767475128 45
1730428208088 0.2275499403476715 46
1730428209583 0.1938837766647339 47
1730428211082 0.19602441787719727 48
1730428212580 0.26582616567611694 49
1730428214081 0.2566738724708557 50
1730428215582 0.25405174493789673 51
1730428217087 0.23888373374938965 52
1730428218585 0.18951940536499023 53
1730428220080 0.18061292171478271 54
1730428221581 0.1765356957912445 55
1730428223083 0.21430668234825134 56
1730428224581 0.1833309531211853 57
1730428226083 0.22655558586120605 58
1730428227584 0.22427478432655334 59
1730428229086 0.21747002005577087 60
1730428230586 0.13512715697288513 61
1730428232085 0.21682533621788025 62
1730428233579 0.20464152097702026 63
1730428235084 0.18964669108390808 64
1730428236584 0.21599401533603668 65
1730428238082 0.20231446623802185 66
1730428239583 0.19081974029541016 67
1730428241086 0.18589437007904053 68
1730428242586 0.24888062477111816 69
1730428244088 0.13238611817359924 70
1730428245585 0.2849060297012329 71
1730428247084 0.17537236213684082 72
1730428248582 0.13801798224449158 73
1730428250084 0.16268163919448853 74
1730428251589 0.1776125133037567 75
1730428253090 0.27464020252227783 76
1730428254588 0.18890735507011414 77
1730428256089 0.18991762399673462 78
1730428257586 0.2273026704788208 79
1730428259087 0.22247247397899628 80
1730428260591 0.2291327267885208 81
1730428262093 0.15936218202114105 82
1730428263593 0.18236351013183594 83
1730428265093 0.17725816369056702 84
1730428266590 0.12901587784290314 85
1730428268086 0.5614750981330872 86
1730428269588 0.21861788630485535 87
1730428271089 0.22241927683353424 88
1730428272592 0.14096853137016296 89
1730428274093 0.18442296981811523 90
1730428275594 0.1883624792098999 91
1730428277096 0.1819894015789032 92
1730428278595 0.2846250534057617 93
1730428280092 0.2802070677280426 94
1730428281594 0.2296573519706726 95
1730428283093 0.1707918792963028 96
1730428284595 0.1967574805021286 97
1730428286096 0.21630623936653137 98
1730428287596 0.18432262539863586 99
1730428289101 0.20288121700286865 100
1730428290605 0.27172794938087463 101
1730428292105 0.15108060836791992 102
1730428293606 0.39042288064956665 103
1730428295107 0.21962162852287292 104
1730428296606 0.23835459351539612 105
1730428298108 0.14527755975723267 106
1730428299610 0.19264569878578186 107
1730428301113 0.23656705021858215 108
1730428302614 0.14949966967105865 109
1730428304118 0.22014567255973816 110
1730428305619 0.2054486870765686 111
1730428307122 0.15318650007247925 112
1730428308627 0.17356625199317932 113
1730428310128 0.16137707233428955 114
1730428311628 0.2631503939628601 115
1730428313129 0.2126888632774353 116
1730428314630 0.21243906021118164 117
1730428316132 0.294720858335495 118
1730428317638 0.3628219962120056 119
1730428319141 0.18295198678970337 120
1730428320643 0.19026264548301697 121
1730428322146 0.16032838821411133 122
1730428323649 0.21686366200447083 123
1730428325159 0.32483822107315063 124
1730428326662 0.21563634276390076 125
1730428328165 0.18061359226703644 126
1730428329669 0.21871516108512878 127
1730428331169 0.12016341835260391 128
1730428332668 0.22216516733169556 129
1730428334172 0.18349933624267578 130
1730428335679 0.18665048480033875 131
