1731493663985 0.2654736638069153 1
1731493665976 0.21891038119792938 2
1731493667810 0.2694944143295288 3
1731493669250 0.24036850035190582 4
1731493670876 0.19262301921844482 5
1731493672334 0.18691536784172058 6
1731493674171 0.2101171314716339 7
1731493676070 0.1997355818748474 8
1731493677903 0.18400448560714722 9
1731493679744 0.16200245916843414 10
1731493681177 0.20907911658287048 11
1731493683014 0.19295282661914825 12
1731493684855 0.23938387632369995 13
1731493686703 0.18852286040782928 14
1731493688544 0.25761422514915466 15
1731493690399 0.2542336583137512 16
1731493691831 0.17225070297718048 17
1731493693688 0.20064488053321838 18
1731493695531 0.2250523865222931 19
1731493697168 0.290443480014801 20
1731493699021 0.17286568880081177 21
1731493700877 0.22945985198020935 22
1731493702429 0.30654144287109375 23
1731493704283 0.19271516799926758 24
1731493706141 0.20883619785308838 25
1731493707993 0.1780809760093689 26
1731493709636 0.20414766669273376 27
1731493711399 0.20853102207183838 28
1731493713256 0.18287858366966248 29
1731493714704 0.2524973154067993 30
1731493716559 0.1888209581375122 31
1731493718417 0.17903773486614227 32
1731493719858 0.26459354162216187 33
1731493721717 0.19841353595256805 34
1731493723574 0.2507518529891968 35
1731493725425 0.2053404450416565 36
1731493727061 0.23414921760559082 37
1731493728923 0.22976742684841156 38
1731493730778 0.18174636363983154 39
1731493732641 0.21662497520446777 40
1731493734274 0.16837570071220398 41
1731493735818 0.16706645488739014 42
1731493737678 0.17841291427612305 43
1731493739543 0.1909250020980835 44
1731493741402 0.18365231156349182 45
1731493743265 0.20566952228546143 46
1731493745123 0.23270954191684723 47
1731493746984 0.22400644421577454 48
1731493748842 0.2541501522064209 49
1731493750603 0.17602750658988953 50
1731493752465 0.20541183650493622 51
1731493754335 0.2719722390174866 52
1731493756196 0.23547780513763428 53
1731493758056 0.22539657354354858 54
1731493759514 0.20222583413124084 55
1731493761389 0.20428574085235596 56
1731493763261 0.27045726776123047 57
1731493765134 0.2025211900472641 58
1731493766986 0.17827960848808289 59
1731493768747 0.2581741213798523 60
1731493770601 0.18810926377773285 61
1731493772467 0.24903497099876404 62
1731493774019 0.2595471143722534 63
