1731588479052 0.24559828639030457 1
1731588503479 0.20337729156017303 2
1731588505720 0.21006855368614197 3
1731588507405 0.1817145198583603 4
1731588509372 0.19288042187690735 5
1731588511064 0.18314847350120544 6
1731588513311 0.18773652613162994 7
1731588515565 0.2069893777370453 8
1731588517814 0.1745000034570694 9
1731588520078 0.1418435275554657 10
1731588521776 0.19207331538200378 11
1731588524067 0.1744009405374527 12
1731588526341 0.20590142905712128 13
1731588528612 0.21353058516979218 14
1731588530862 0.1919172704219818 15
1731588533128 0.199818417429924 16
1731588534825 0.20139150321483612 17
1731588537111 0.20678582787513733 18
1731588539383 0.17614266276359558 19
1731588541373 0.23232826590538025 20
1731588543649 0.21237222850322723 21
1731588545932 0.1896391361951828 22
1731588547789 0.22517646849155426 23
1731588550068 0.21391288936138153 24
1731588552352 0.17184656858444214 25
1731588554621 0.18115438520908356 26
1731588556606 0.16589121520519257 27
1731588558749 0.16858677566051483 28
1731588561021 0.17882688343524933 29
1731588562739 0.235103040933609 30
1731588565026 0.21022920310497284 31
1731588567319 0.21040739119052887 32
1731588569047 0.20832999050617218 33
1731588571338 0.16628116369247437 34
1731588573618 0.2320273369550705 35
1731588575915 0.2020481377840042 36
1731588577901 0.18934175372123718 37
1731588580200 0.19058921933174133 38
1731588582492 0.1754164844751358 39
1731588584783 0.1625722348690033 40
1731588586775 0.18206800520420074 41
1731588588639 0.14536023139953613 42
1731588590936 0.18441122770309448 43
1731588593223 0.17832669615745544 44
1731588595511 0.184007927775383 45
1731588597802 0.2328503578901291 46
1731588600079 0.23953796923160553 47
1731588602362 0.20765931904315948 48
1731588604659 0.1988847702741623 49
1731588606805 0.19379457831382751 50
1731588609088 0.18080422282218933 51
1731588611389 0.18903841078281403 52
1731588613673 0.17556388676166534 53
1731588615972 0.1799643337726593 54
1731588617703 0.1844179332256317 55
1731588619995 0.1738852858543396 56
1731588622291 0.20676638185977936 57
1731588624578 0.22275719046592712 58
1731588626884 0.26637715101242065 59
1731588629032 0.177754208445549 60
1731588631324 0.1691957414150238 61
1731588633624 0.21022191643714905 62
1731588635481 0.22050441801548004 63
1731588637792 0.21160905063152313 64
1731588640086 0.18436329066753387 65
1731588642393 0.214625284075737 66
1731588644395 0.18147486448287964 67
1731588646705 0.18408851325511932 68
1731588648996 0.17871436476707458 69
1731588651296 0.19538767635822296 70
1731588653582 0.187714084982872 71
1731588655866 0.1982162445783615 72
1731588658170 0.19629594683647156 73
1731588660021 0.20737704634666443 74
1731588662014 0.16307362914085388 75
1731588664323 0.18644197285175323 76
1731588666037 0.22116713225841522 77
1731588668324 0.23367102444171906 78
1731588670613 0.17151384055614471 79
1731588672901 0.17920634150505066 80
1731588675198 0.18985837697982788 81
1731588677493 0.18680159747600555 82
1731588679779 0.1911306530237198 83
1731588682080 0.1925242394208908 84
1731588684383 0.20040032267570496 85
1731588686681 0.1349916160106659 86
1731588688538 0.18465939164161682 87
1731588690861 0.22461768984794617 88
1731588693144 0.2123943269252777 89
1731588695439 0.195362851023674 90
1731588697741 0.1840934157371521 91
1731588700041 0.2554365396499634 92
1731588702328 0.16594618558883667 93
1731588704626 0.16593272984027863 94
1731588706915 0.19113239645957947 95
1731588709202 0.19991129636764526 96
1731588710907 0.17905108630657196 97
1731588713198 0.17942087352275848 98
1731588715491 0.16954903304576874 99
1731588717778 0.16820673644542694 100
1731588720080 0.17367905378341675 101
1731588722374 0.20924565196037292 102
1731588724670 0.22658178210258484 103
1731588726959 0.17109398543834686 104
1731588728813 0.21470755338668823 105
1731588731120 0.19463275372982025 106
1731588733102 0.18437950313091278 107
1731588734814 0.15452051162719727 108
1731588737115 0.2112702578306198 109
1731588739416 0.15472917258739471 110
1731588741284 0.1952390819787979 111
1731588743440 0.1596975028514862 112
1731588745721 0.16579189896583557 113
1731588747873 0.173699751496315 114
1731588750162 0.18927305936813354 115
1731588752458 0.16329044103622437 116
1731588754436 0.1685653179883957 117
1731588756716 0.18328504264354706 118
1731588758998 0.17244547605514526 119
1731588761292 0.1875065267086029 120
1731588763589 0.1849345862865448 121
1731588765580 0.21257895231246948 122
1731588767715 0.15618249773979187 123
1731588770001 0.1875130534172058 124
1731588771704 0.22031454741954803 125
1731588774003 0.18311960995197296 126
1731588776011 0.17015284299850464 127
1731588778297 0.1854274421930313 128
1731588780578 0.20275941491127014 129
1731588782723 0.18892376124858856 130
1731588784877 0.17216946184635162 131
1731588786875 0.16070574522018433 132
1731588789032 0.17987793684005737 133
1731588791334 0.16018745303153992 134
1731588793626 0.2253759354352951 135
1731588795920 0.17607244849205017 136
1731588798218 0.19893158972263336 137
1731588800512 0.20505329966545105 138
1731588802797 0.186359241604805 139
1731588804797 0.23397855460643768 140
1731588807093 0.1523992121219635 141
1731588809379 0.2301735281944275 142
1731588811665 0.20505771040916443 143
1731588813947 0.16268578171730042 144
1731588816230 0.25391048192977905 145
1731588818516 0.2027088850736618 146
1731588820795 0.18860170245170593 147
1731588823081 0.17226697504520416 148
1731588825375 0.25729602575302124 149
1731588827380 0.20326080918312073 150
1731588829671 0.17457063496112823 151
1731588831957 0.24003012478351593 152
1731588834249 0.17891709506511688 153
1731588836544 0.20717839896678925 154
1731588838839 0.18808886408805847 155
1731588841135 0.1858818233013153 156
1731588843423 0.2489314079284668 157
1731588845713 0.2058982253074646 158
1731588848019 0.1922062337398529 159
1731588850301 0.19563941657543182 160
1731588852582 0.16986244916915894 161
1731588854463 0.2072053700685501 162
1731588856770 0.2025984823703766 163
1731588859044 0.1815156787633896 164
1731588861333 0.1848246455192566 165
1731588863623 0.15501521527767181 166
1731588865911 0.20400036871433258 167
1731588868186 0.16489945352077484 168
1731588870483 0.21460680663585663 169
1731588872760 0.17863182723522186 170
1731588875051 0.23386438190937042 171
1731588877341 0.19368496537208557 172
1731588879199 0.17474287748336792 173
1731588881487 0.1612672507762909 174
1731588883777 0.17751115560531616 175
1731588886072 0.1883217692375183 176
1731588887935 0.19155868887901306 177
1731588890217 0.19455783069133759 178
1731588892514 0.20177440345287323 179
1731588894800 0.2028392255306244 180
1731588897095 0.1998462826013565 181
1731588899368 0.2055143415927887 182
1731588901357 0.223161980509758 183
1731588903505 0.17180569469928741 184
1731588905791 0.1938887983560562 185
1731588908079 0.16934506595134735 186
1731588909798 0.18811537325382233 187
1731588912098 0.19403980672359467 188
1731588914492 0.20864273607730865 189
1731588916782 0.22319822013378143 190
1731588918931 0.1754217892885208 191
1731588921216 0.21211430430412292 192
1731588923508 0.18425239622592926 193
1731588925787 0.16887687146663666 194
1731588928077 0.18061931431293488 195
1731588930359 0.19294914603233337 196
1731588932637 0.21390210092067719 197
1731588934931 0.20581822097301483 198
1731588936786 0.1885506808757782 199
1731588939076 0.17052997648715973 200
1731588941364 0.19014164805412292 201
1731588943666 0.18130740523338318 202
1731588945940 0.19375576078891754 203
1731588948232 0.19107748568058014 204
1731588950521 0.19997216761112213 205
1731588952828 0.21834494173526764 206
1731588955111 0.16934432089328766 207
1731588957404 0.1774556040763855 208
1731588959106 0.18995997309684753 209
1731588961394 0.20965823531150818 210
1731588963671 0.16357222199440002 211
1731588965951 0.18059676885604858 212
1731588968237 0.1717386096715927 213
1731588970511 0.20903214812278748 214
1731588972382 0.19112540781497955 215
1731588974697 0.18180817365646362 216
1731588976982 0.21829111874103546 217
1731588979277 0.17781275510787964 218
1731588981558 0.17100092768669128 219
1731588983843 0.22969147562980652 220
1731588985992 0.18554896116256714 221
1731588988294 0.1878029704093933 222
1731588990592 0.1764138638973236 223
1731588992880 0.18049494922161102 224
1731588995162 0.16804225742816925 225
1731588997462 0.17134620249271393 226
1731588999746 0.15854959189891815 227
1731589001478 0.17595414817333221 228
1731589003773 0.20164677500724792 229
1731589006060 0.19914783537387848 230
1731589008348 0.1758749932050705 231
1731589010058 0.17746314406394958 232
1731589011917 0.18591925501823425 233
1731589014219 0.24281373620033264 234
1731589016504 0.1867106705904007 235
1731589018786 0.22729775309562683 236
1731589020637 0.21390168368816376 237
1731589022948 0.20175310969352722 238
1731589024652 0.182607963681221 239
1731589026944 0.17142660915851593 240
1731589029225 0.22112354636192322 241
1731589031511 0.20705994963645935 242
1731589033803 0.20608285069465637 243
1731589035967 0.1864778697490692 244
1731589038261 0.1921534687280655 245
1731589039969 0.22416970133781433 246
1731589042264 0.18953277170658112 247
1731589044542 0.21578265726566315 248
1731589046828 0.1604875773191452 249
1731589049117 0.19475610554218292 250
1731589051399 0.1772443950176239 251
1731589053677 0.2247249335050583 252
1731589055952 0.18136948347091675 253
1731589058229 0.1826346069574356 254
1731589060520 0.2265470325946808 255
1731589062814 0.1939794272184372 256
1731589065112 0.21738144755363464 257
1731589067404 0.21146699786186218 258
1731589069683 0.18911519646644592 259
1731589071963 0.19059444963932037 260
1731589074259 0.163494274020195 261
1731589076543 0.18541452288627625 262
1731589078817 0.15220455825328827 263
1731589081102 0.2093924731016159 264
1731589083390 0.18297581374645233 265
1731589085389 0.18987612426280975 266
1731589087681 0.16741861402988434 267
1731589089973 0.19401009380817413 268
1731589092263 0.1784084588289261 269
1731589094552 0.16919788718223572 270
1731589096839 0.19830769300460815 271
1731589099126 0.1981615275144577 272
1731589101418 0.20168019831180573 273
1731589103710 0.17288832366466522 274
1731589106016 0.20717522501945496 275
1731589108299 0.191488116979599 276
1731589110578 0.20037998259067535 277
1731589112852 0.16436059772968292 278
1731589115154 0.21220262348651886 279
1731589117442 0.17538635432720184 280
1731589119739 0.1759013831615448 281
1731589122016 0.1886841505765915 282
1731589124295 0.1585986614227295 283
1731589126579 0.1772286295890808 284
1731589128721 0.24175041913986206 285
1731589131009 0.15894635021686554 286
1731589133304 0.19269892573356628 287
1731589135301 0.218665212392807 288
1731589137002 0.18075768649578094 289
1731589139283 0.20045536756515503 290
1731589141559 0.16111934185028076 291
1731589143834 0.16173526644706726 292
1731589146126 0.17494066059589386 293
1731589148410 0.18486444652080536 294
1731589150558 0.21943610906600952 295
1731589152843 0.21402300894260406 296
1731589155128 0.20486587285995483 297
1731589157423 0.23649848997592926 298
1731589159718 0.1760006695985794 299
1731589162001 0.24913305044174194 300
1731589164168 0.19152577221393585 301
1731589166033 0.26649507880210876 302
1731589168053 0.17401131987571716 303
1731589170044 0.17596425116062164 304
1731589172327 0.18277734518051147 305
1731589174064 0.20455417037010193 306
1731589176078 0.1825001984834671 307
1731589178375 0.20730337500572205 308
1731589180361 0.1854638010263443 309
1731589182654 0.18009941279888153 310
1731589184939 0.19260065257549286 311
1731589187224 0.19240988790988922 312
1731589189515 0.17954520881175995 313
1731589191800 0.17210103571414948 314
1731589194085 0.18192125856876373 315
1731589196240 0.22217686474323273 316
1731589198530 0.19306005537509918 317
1731589200820 0.1649937629699707 318
1731589202812 0.20989367365837097 319
1731589205102 0.23002247512340546 320
1731589207398 0.2102760672569275 321
1731589209247 0.1773732453584671 322
1731589211556 0.1689583659172058 323
1731589213844 0.17773516476154327 324
1731589216140 0.21247288584709167 325
1731589218432 0.2280687391757965 326
1731589220724 0.15465044975280762 327
1731589223013 0.19957642257213593 328
1731589225312 0.16098350286483765 329
1731589227601 0.24297058582305908 330
1731589229904 0.1968361735343933 331
1731589231899 0.2327827364206314 332
1731589233778 0.17161302268505096 333
1731589236099 0.17942389845848083 334
1731589237955 0.19231922924518585 335
1731589240278 0.19839686155319214 336
1731589242569 0.19413679838180542 337
1731589244860 0.1888888031244278 338
1731589247154 0.2155972272157669 339
1731589249300 0.19084784388542175 340
1731589251445 0.16572411358356476 341
1731589253720 0.1613900065422058 342
1731589256003 0.1631045788526535 343
1731589258285 0.21823768317699432 344
1731589260142 0.1819528043270111 345
1731589262418 0.21755792200565338 346
1731589264706 0.20702657103538513 347
1731589266994 0.18466728925704956 348
1731589269266 0.18319502472877502 349
1731589271561 0.18286947906017303 350
1731589273559 0.15826749801635742 351
1731589275852 0.17775371670722961 352
1731589278132 0.18139250576496124 353
1731589280418 0.18697340786457062 354
1731589282706 0.19852380454540253 355
1731589285008 0.24697880446910858 356
1731589287299 0.26026421785354614 357
1731589289585 0.21735331416130066 358
1731589291886 0.1597355306148529 359
1731589294183 0.18708650767803192 360
1731589296466 0.22386500239372253 361
1731589298618 0.1782699078321457 362
1731589300904 0.1752953976392746 363
1731589303196 0.21143120527267456 364
1731589305481 0.21467225253582 365
1731589307755 0.1995549350976944 366
1731589310044 0.196666419506073 367
1731589312360 0.21592693030834198 368
1731589314517 0.1695326715707779 369
1731589316803 0.22619566321372986 370
1731589319081 0.18542763590812683 371
1731589321366 0.16168498992919922 372
1731589323509 0.20498578250408173 373
1731589325374 0.18010790646076202 374
1731589327770 0.18621934950351715 375
1731589329636 0.17622010409832 376
1731589331919 0.15254801511764526 377
1731589334220 0.20252983272075653 378
1731589336506 0.204270139336586 379
1731589338648 0.19986885786056519 380
1731589340939 0.2294313609600067 381
1731589343242 0.23075050115585327 382
1731589345112 0.2200353592634201 383
1731589347401 0.1834896355867386 384
1731589349694 0.19142310321331024 385
1731589351993 0.20286138355731964 386
1731589353988 0.1847451627254486 387
1731589356272 0.17542359232902527 388
1731589358585 0.18764881789684296 389
1731589360884 0.16403627395629883 390
1731589362883 0.21096202731132507 391
1731589365170 0.1807185858488083 392
1731589366870 0.22678151726722717 393
1731589369169 0.19000095129013062 394
1731589371458 0.17856557667255402 395
1731589373752 0.23109549283981323 396
1731589376037 0.17808088660240173 397
1731589378320 0.214936301112175 398
1731589380619 0.2059139460325241 399
1731589382902 0.17674113810062408 400
1731589385194 0.19294723868370056 401
1731589387481 0.187285915017128 402
1731589389766 0.17827491462230682 403
1731589392049 0.21099738776683807 404
1731589394341 0.21224172413349152 405
1731589396500 0.17359665036201477 406
1731589398795 0.19168393313884735 407
1731589401069 0.15969505906105042 408
1731589403364 0.17624761164188385 409
1731589405511 0.2167092114686966 410
1731589407803 0.17318452894687653 411
1731589410103 0.20948857069015503 412
1731589411962 0.24191153049468994 413
1731589414247 0.18908950686454773 414
1731589416551 0.19030925631523132 415
1731589418846 0.1614975929260254 416
1731589421141 0.18484291434288025 417
1731589423456 0.19731777906417847 418
1731589425168 0.17749544978141785 419
1731589427460 0.1805284470319748 420
1731589429456 0.16152489185333252 421
1731589431755 0.18587945401668549 422
1731589434044 0.23426754772663116 423
1731589436034 0.19999632239341736 424
1731589438331 0.20081044733524323 425
1731589440056 0.21336819231510162 426
1731589442379 0.20442363619804382 427
1731589444681 0.19347402453422546 428
1731589446968 0.2032301276922226 429
1731589448825 0.19918282330036163 430
1731589451123 0.14699405431747437 431
1731589453420 0.20321528613567352 432
1731589455413 0.17276188731193542 433
1731589457567 0.1956537663936615 434
1731589459421 0.18833808600902557 435
1731589461702 0.18653948605060577 436
1731589463997 0.19675032794475555 437
1731589466283 0.15924012660980225 438
1731589468283 0.2014543116092682 439
1731589470582 0.17272402346134186 440
1731589472875 0.20694182813167572 441
1731589475174 0.18273429572582245 442
1731589477024 0.197308748960495 443
1731589479314 0.1750892698764801 444
1731589481617 0.2614779472351074 445
1731589483896 0.19519275426864624 446
1731589486194 0.1738845556974411 447
1731589488485 0.19873835146427155 448
1731589490768 0.18148455023765564 449
1731589493059 0.194363534450531 450
1731589495353 0.20876018702983856 451
1731589497069 0.18410103023052216 452
1731589499360 0.19977037608623505 453
1731589501645 0.22668731212615967 454
1731589503943 0.2019050270318985 455
1731589506235 0.21185998618602753 456
1731589508525 0.18484273552894592 457
1731589510820 0.22278517484664917 458
1731589513113 0.20813649892807007 459
1731589515406 0.1800909787416458 460
1731589517688 0.230223149061203 461
1731589519981 0.18670818209648132 462
1731589521690 0.2324257642030716 463
1731589524002 0.21653993427753448 464
1731589526284 0.3028121888637543 465
1731589528575 0.22471889853477478 466
1731589530870 0.19583314657211304 467
1731589533162 0.2028745710849762 468
1731589535447 0.19225336611270905 469
1731589537164 0.2081104964017868 470
1731589539461 0.1727205067873001 471
1731589541756 0.15725171566009521 472
1731589544045 0.18227843940258026 473
1731589546331 0.1736186444759369 474
1731589548625 0.21601800620555878 475
1731589550905 0.19965213537216187 476
1731589553192 0.21793195605278015 477
1731589555479 0.17311829328536987 478
1731589557200 0.22897033393383026 479
1731589559500 0.22126658260822296 480
1731589561799 0.18515366315841675 481
1731589564092 0.2018522173166275 482
1731589565808 0.20246140658855438 483
1731589568100 0.19828149676322937 484
1731589570242 0.19245027005672455 485
1731589572541 0.1783307045698166 486
1731589574832 0.21341004967689514 487
1731589577132 0.19201375544071198 488
1731589579424 0.17422708868980408 489
1731589581725 0.18815796077251434 490
1731589584008 0.20378030836582184 491
1731589586315 0.18833400309085846 492
1731589588604 0.16187724471092224 493
1731589590882 0.21325859427452087 494
1731589593187 0.19149936735630035 495
1731589595480 0.22003284096717834 496
1731589597777 0.17831863462924957 497
1731589600057 0.16158993542194366 498
1731589602357 0.20559360086917877 499
1731589604646 0.17290933430194855 500
1731589606944 0.18084539473056793 501
1731589608664 0.21545155346393585 502
1731589610684 0.22357377409934998 503
1731589612989 0.17393776774406433 504
1731589615281 0.1783539354801178 505
1731589617568 0.20042726397514343 506
1731589619847 0.2164894938468933 507
1731589622143 0.24612748622894287 508
1731589624290 0.2182321697473526 509
1731589626012 0.16921323537826538 510
1731589628314 0.20500215888023376 511
1731589630624 0.219870924949646 512
1731589632905 0.22205182909965515 513
1731589635201 0.19190376996994019 514
1731589637064 0.17785152792930603 515
1731589639369 0.21018005907535553 516
1731589641668 0.2198656052350998 517
1731589643391 0.19772513210773468 518
1731589645265 0.20259524881839752 519
1731589647282 0.2081383317708969 520
1731589649585 0.16066871583461761 521
1731589651877 0.1750388890504837 522
1731589654023 0.18092793226242065 523
1731589656321 0.1900574117898941 524
1731589658609 0.23344986140727997 525
1731589660887 0.1668752133846283 526
1731589663163 0.16664204001426697 527
1731589665455 0.20141193270683289 528
1731589667743 0.18352362513542175 529
1731589670040 0.2404729276895523 530
1731589672336 0.18746265769004822 531
1731589674500 0.21741196513175964 532
1731589676782 0.1841595619916916 533
1731589679065 0.20716795325279236 534
1731589681364 0.2092769891023636 535
1731589683648 0.19136913120746613 536
1731589685964 0.22678503394126892 537
1731589688245 0.1616097390651703 538
1731589690546 0.17505039274692535 539
1731589692560 0.21432918310165405 540
1731589694559 0.1618613600730896 541
1731589696848 0.2119532972574234 542
1731589698705 0.1767067313194275 543
1731589701025 0.19157899916172028 544
1731589703316 0.1694437861442566 545
1731589705609 0.16467952728271484 546
1731589707618 0.23228494822978973 547
1731589709927 0.13559585809707642 548
1731589712229 0.18424934148788452 549
1731589714534 0.2071341872215271 550
1731589716846 0.2108873724937439 551
1731589719130 0.1925925463438034 552
1731589721424 0.21058577299118042 553
1731589723420 0.20440395176410675 554
1731589725571 0.18796506524085999 555
1731589727847 0.19994546473026276 556
1731589730160 0.22407369315624237 557
1731589732447 0.1700304001569748 558
1731589734722 0.17177589237689972 559
1731589737013 0.2454250305891037 560
1731589739407 0.18998350203037262 561
1731589741698 0.18925000727176666 562
1731589743994 0.21794623136520386 563
1731589746284 0.22234687209129333 564
1731589748564 0.19811362028121948 565
1731589750840 0.17525069415569305 566
1731589753127 0.18674816191196442 567
1731589755419 0.18926937878131866 568
1731589757419 0.15472576022148132 569
1731589759711 0.16751942038536072 570
1731589762003 0.17856329679489136 571
1731589764302 0.1835293471813202 572
1731589766586 0.1970331370830536 573
1731589768883 0.18414661288261414 574
1731589771190 0.20051611959934235 575
1731589773488 0.2085057646036148 576
1731589775784 0.20720936357975006 577
1731589778062 0.19291602075099945 578
1731589780336 0.13830620050430298 579
1731589782644 0.17648762464523315 580
1731589784800 0.19390873610973358 581
1731589787077 0.2034282088279724 582
1731589789367 0.19519847631454468 583
1731589791660 0.19509534537792206 584
1731589793939 0.19963352382183075 585
1731589796230 0.21091021597385406 586
1731589798219 0.20693060755729675 587
1731589800508 0.2258211076259613 588
1731589802800 0.19549863040447235 589
1731589805100 0.17565543949604034 590
1731589807087 0.2097436636686325 591
1731589809381 0.17404907941818237 592
1731589811666 0.21359342336654663 593
1731589813955 0.21247677505016327 594
1731589815820 0.18926481902599335 595
1731589818093 0.19708110392093658 596
1731589820383 0.18076281249523163 597
1731589822534 0.19306322932243347 598
1731589824535 0.1750948131084442 599
1731589826830 0.17551033198833466 600
1731589828984 0.1786034256219864 601
1731589831263 0.20790784060955048 602
1731589833552 0.19638599455356598 603
1731589835850 0.19134405255317688 604
1731589837864 0.21654552221298218 605
1731589840164 0.20941394567489624 606
1731589842445 0.19487111270427704 607
1731589844743 0.20637179911136627 608
1731589847042 0.17754139006137848 609
1731589848915 0.2224656343460083 610
1731589851202 0.19261640310287476 611
1731589853491 0.22313514351844788 612
1731589855791 0.14828023314476013 613
1731589858078 0.2475404143333435 614
1731589860372 0.22704827785491943 615
1731589862657 0.18155905604362488 616
1731589864520 0.183585062623024 617
1731589866809 0.21147173643112183 618
1731589869091 0.22123941779136658 619
1731589871407 0.1593441367149353 620
1731589873271 0.2056090086698532 621
1731589875555 0.2297508865594864 622
1731589877844 0.1516922265291214 623
1731589879705 0.21120502054691315 624
1731589882002 0.23722343146800995 625
1731589883992 0.15122336149215698 626
1731589886288 0.19995073974132538 627
1731589888580 0.16744612157344818 628
1731589890430 0.19735245406627655 629
1731589892584 0.22094441950321198 630
1731589894731 0.18083013594150543 631
1731589897021 0.20495769381523132 632
1731589899318 0.19973835349082947 633
1731589901613 0.18327964842319489 634
1731589903910 0.24550564587116241 635
1731589905632 0.21581251919269562 636
1731589907644 0.20882414281368256 637
1731589909940 0.16393396258354187 638
1731589912248 0.21559341251850128 639
1731589914531 0.19573494791984558 640
1731589916811 0.1710955798625946 641
1731589919107 0.2205786406993866 642
1731589921399 0.20335569977760315 643
1731589923699 0.2074422985315323 644
1731589925982 0.19053849577903748 645
1731589927983 0.18913085758686066 646
1731589930263 0.22123749554157257 647
1731589932250 0.22604981064796448 648
1731589934535 0.19358302652835846 649
1731589936832 0.19171349704265594 650
1731589939105 0.1918685883283615 651
1731589941400 0.17747314274311066 652
1731589943710 0.21918000280857086 653
1731589945981 0.16976875066757202 654
1731589948142 0.18636813759803772 655
1731589950428 0.23362311720848083 656
1731589952424 0.21435321867465973 657
1731589954570 0.22541193664073944 658
1731589956284 0.16797146201133728 659
1731589958583 0.15598230063915253 660
1731589960866 0.1895468682050705 661
1731589962730 0.21021975576877594 662
1731589965025 0.2130054384469986 663
1731589967317 0.1833232194185257 664
1731589969608 0.1514347493648529 665
1731589971903 0.1667497307062149 666
1731589974203 0.17043738067150116 667
1731589976504 0.2062639445066452 668
1731589978791 0.19031812250614166 669
1731589981102 0.2516157031059265 670
1731589982823 0.2227296233177185 671
1731589984529 0.17815059423446655 672
1731589986825 0.2142983227968216 673
1731589989109 0.19927771389484406 674
1731589991410 0.19021107256412506 675
1731589993694 0.18637101352214813 676
1731589995703 0.1829240471124649 677
1731589998005 0.1642388105392456 678
1731590000294 0.18251006305217743 679
1731590002288 0.17808251082897186 680
1731590004592 0.22137774527072906 681
1731590006885 0.16966857016086578 682
1731590009166 0.16893912851810455 683
1731590011163 0.1583891212940216 684
1731590013445 0.16278499364852905 685
1731590015727 0.17468707263469696 686
1731590018009 0.24780668318271637 687
1731590020307 0.1847393661737442 688
1731590022591 0.18896105885505676 689
1731590024871 0.21262380480766296 690
1731590027166 0.20380839705467224 691
1731590029027 0.19290897250175476 692
1731590031306 0.22518281638622284 693
1731590033455 0.19559575617313385 694
1731590035746 0.14764755964279175 695
1731590038042 0.18193604052066803 696
1731590040331 0.18606418371200562 697
1731590042046 0.17858915030956268 698
1731590044349 0.17172834277153015 699
1731590046651 0.17761601507663727 700
1731590048948 0.21131403744220734 701
1731590051233 0.21239422261714935 702
1731590052955 0.18999212980270386 703
1731590055252 0.185708686709404 704
1731590057550 0.18530790507793427 705
1731590059848 0.19433924555778503 706
1731590061557 0.17671960592269897 707
1731590063423 0.22359389066696167 708
1731590065751 0.17466062307357788 709
1731590068040 0.19519884884357452 710
1731590070335 0.19154247641563416 711
1731590072633 0.16944493353366852 712
1731590074486 0.18839921057224274 713
1731590076787 0.15640537440776825 714
1731590079060 0.20082661509513855 715
1731590081366 0.20752693712711334 716
1731590083676 0.15411975979804993 717
1731590085399 0.21521838009357452 718
1731590087690 0.14951181411743164 719
1731590089981 0.2182387262582779 720
1731590092136 0.17988890409469604 721
1731590094421 0.22268636524677277 722
1731590096721 0.2009488046169281 723
1731590098723 0.22909530997276306 724
1731590101003 0.17119476199150085 725
1731590103293 0.1886439025402069 726
1731590105588 0.19408704340457916 727
1731590107728 0.18279148638248444 728
1731590110028 0.15556840598583221 729
1731590112321 0.16660313308238983 730
1731590114612 0.20499230921268463 731
1731590116905 0.22955316305160522 732
1731590119191 0.19213280081748962 733
1731590121482 0.1580580174922943 734
1731590123777 0.18447034060955048 735
1731590126071 0.16575616598129272 736
1731590128371 0.20721372961997986 737
1731590130669 0.2522134482860565 738
1731590132981 0.18123920261859894 739
1731590135286 0.17646099627017975 740
1731590137601 0.1733061969280243 741
1731590139918 0.2007848173379898 742
1731590142208 0.18021926283836365 743
1731590144220 0.20360858738422394 744
1731590146508 0.1678207367658615 745
1731590148801 0.15580743551254272 746
1731590150751 0.2165818214416504 747
1731590153053 0.20879803597927094 748
1731590155339 0.17051205039024353 749
1731590157330 0.18618902564048767 750
1731590159624 0.15973977744579315 751
1731590161926 0.21993519365787506 752
1731590164219 0.2015058696269989 753
1731590166501 0.20021037757396698 754
1731590168212 0.1823531836271286 755
1731590170491 0.17035385966300964 756
1731590172777 0.2029019296169281 757
1731590174768 0.18921686708927155 758
1731590177063 0.20897719264030457 759
1731590179359 0.18431152403354645 760
1731590181657 0.20259694755077362 761
1731590183372 0.23657672107219696 762
1731590185099 0.20414695143699646 763
1731590187406 0.19046692550182343 764
1731590189706 0.17135699093341827 765
1731590191995 0.20207516849040985 766
1731590194283 0.19202618300914764 767
1731590196289 0.20155541598796844 768
1731590198586 0.16975738108158112 769
1731590200874 0.1764262467622757 770
1731590203165 0.19552068412303925 771
1731590205446 0.160457581281662 772
1731590207731 0.18260535597801208 773
1731590210012 0.19844986498355865 774
1731590212312 0.16283755004405975 775
1731590214608 0.19234797358512878 776
1731590216907 0.21825355291366577 777
1731590219202 0.19470907747745514 778
1731590221487 0.16334053874015808 779
1731590223778 0.20519199967384338 780
1731590225775 0.2018374651670456 781
1731590228066 0.20669345557689667 782
1731590230362 0.17858652770519257 783
1731590232670 0.19178542494773865 784
1731590234961 0.20540456473827362 785
1731590237249 0.21205943822860718 786
1731590238960 0.18543128669261932 787
1731590241258 0.14970919489860535 788
1731590243548 0.16447322070598602 789
1731590245845 0.19570419192314148 790
1731590248144 0.18089741468429565 791
1731590250447 0.17040285468101501 792
1731590252603 0.1731880158185959 793
1731590254901 0.18372389674186707 794
1731590257187 0.195698544383049 795
1731590258905 0.22750695049762726 796
1731590261226 0.1850709617137909 797
1731590263519 0.16685231029987335 798
1731590265801 0.1957581788301468 799
1731590268074 0.16714490950107574 800
1731590270361 0.16341213881969452 801
1731590272346 0.1602707803249359 802
1731590274628 0.1854591816663742 803
1731590276907 0.1869385987520218 804
1731590279189 0.21404148638248444 805
1731590281467 0.17018672823905945 806
1731590283748 0.17920300364494324 807
1731590286029 0.1783556342124939 808
1731590287725 0.21672281622886658 809
1731590289587 0.17748185992240906 810
1731590291869 0.17543408274650574 811
1731590294139 0.16756543517112732 812
1731590296429 0.2041601836681366 813
1731590298713 0.19448311626911163 814
1731590300997 0.21973483264446259 815
1731590302849 0.16542749106884003 816
1731590304689 0.2016243189573288 817
1731590306970 0.18962261080741882 818
1731590309256 0.1659144163131714 819
1731590311258 0.1790994107723236 820
1731590313107 0.17873264849185944 821
1731590315391 0.1966627687215805 822
1731590317678 0.16455323994159698 823
1731590319972 0.17658202350139618 824
1731590322263 0.1903059184551239 825
1731590324545 0.17798849940299988 826
1731590327317 0.22580425441265106 827
1731590341709 0.19183871150016785 828
1731590344128 0.17705394327640533 829
1731590346241 0.19733674824237823 830
1731590348454 0.18952910602092743 831
1731590350768 0.18628591299057007 832
1731590353090 0.20042318105697632 833
1731590354947 0.2139808088541031 834
1731590357229 0.1554090827703476 835
1731590359527 0.19509805738925934 836
1731590361833 0.18787410855293274 837
1731590364119 0.16807277500629425 838
1731590366406 0.18583959341049194 839
1731590368692 0.18832530081272125 840
1731590370856 0.20263919234275818 841
1731590373162 0.1898195445537567 842
1731590375447 0.22670665383338928 843
1731590377444 0.22625258564949036 844
1731590379734 0.17388369143009186 845
1731590382031 0.18323621153831482 846
1731590384029 0.2116740196943283 847
1731590386323 0.19105415046215057 848
1731590388618 0.18795336782932281 849
1731590390930 0.17754587531089783 850
1731590393241 0.19827598333358765 851
1731590395533 0.18777436017990112 852
1731590397530 0.21155616641044617 853
1731590399837 0.22983568906784058 854
1731590402136 0.19975431263446808 855
1731590404448 0.18045037984848022 856
1731590406171 0.21329206228256226 857
1731590408168 0.20652081072330475 858
1731590410029 0.17754994332790375 859
1731590412327 0.22441060841083527 860
1731590414325 0.1808389574289322 861
1731590416619 0.18951331079006195 862
1731590418919 0.25006338953971863 863
1731590421091 0.20260228216648102 864
1731590423409 0.2054586112499237 865
1731590425712 0.17097099125385284 866
1731590428006 0.22299544513225555 867
1731590429891 0.1759447455406189 868
1731590432189 0.21955430507659912 869
1731590434483 0.18913453817367554 870
1731590436793 0.203297421336174 871
1731590439093 0.19173139333724976 872
1731590440961 0.1769188940525055 873
1731590443258 0.20324310660362244 874
1731590445547 0.17653176188468933 875
1731590447849 0.15536794066429138 876
1731590450147 0.17306335270404816 877
1731590452151 0.19100742042064667 878
1731590454466 0.18693740665912628 879
1731590456337 0.20172573626041412 880
1731590458187 0.19848603010177612 881
1731590460478 0.18110069632530212 882
1731590462772 0.15886449813842773 883
1731590465071 0.19796614348888397 884
1731590467371 0.1806156039237976 885
1731590469669 0.2007083147764206 886
1731590471668 0.1810576170682907 887
1731590473969 0.1694878488779068 888
1731590476262 0.16702279448509216 889
1731590478558 0.18094591796398163 890
1731590480554 0.17889125645160675 891
1731590482875 0.18247570097446442 892
1731590484590 0.16377004981040955 893
1731590486475 0.17166389524936676 894
1731590488766 0.17354974150657654 895
1731590490637 0.22484728693962097 896
1731590492779 0.1905161738395691 897
1731590495074 0.21375033259391785 898
1731590497377 0.17246298491954803 899
1731590499678 0.16756346821784973 900
1731590501968 0.18686112761497498 901
1731590504253 0.1990242749452591 902
1731590506546 0.17134317755699158 903
1731590508862 0.22914989292621613 904
1731590511156 0.167011097073555 905
1731590513475 0.19810384511947632 906
1731590515948 0.2170284539461136 907
1731590518172 0.20219330489635468 908
1731590520457 0.17225943505764008 909
1731590522772 0.1898772120475769 910
1731590525055 0.17662176489830017 911
1731590527354 0.18673960864543915 912
1731590529352 0.23193952441215515 913
1731590531647 0.1916619837284088 914
1731590533949 0.1600615233182907 915
1731590536231 0.15048617124557495 916
1731590538522 0.17101041972637177 917
1731590540816 0.17066843807697296 918
1731590542526 0.21814340353012085 919
1731590544828 0.17364461719989777 920
1731590547128 0.22880741953849792 921
1731590549428 0.201387420296669 922
1731590551722 0.21102337539196014 923
1731590554019 0.18475478887557983 924
1731590555739 0.2200513631105423 925
1731590558034 0.16315516829490662 926
1731590560347 0.20315174758434296 927
1731590562650 0.17400817573070526 928
1731590564941 0.25154078006744385 929
1731590567105 0.17783765494823456 930
1731590569397 0.16776172816753387 931
1731590571673 0.19914762675762177 932
1731590573972 0.20892685651779175 933
1731590576260 0.1730111986398697 934
1731590578254 0.2336576133966446 935
1731590580567 0.22603070735931396 936
1731590582852 0.17380806803703308 937
1731590585153 0.17844586074352264 938
1731590587012 0.18281906843185425 939
1731590589310 0.20244774222373962 940
1731590591616 0.20334216952323914 941
1731590593612 0.18633931875228882 942
1731590595899 0.20832559466362 943
1731590598184 0.18655146658420563 944
1731590600494 0.2311391532421112 945
1731590602795 0.19079281389713287 946
1731590605096 0.21373851597309113 947
1731590607416 0.18644408881664276 948
1731590609129 0.21361376345157623 949
1731590611424 0.19438551366329193 950
1731590613713 0.16238443553447723 951
1731590616011 0.18191474676132202 952
1731590618299 0.18351413309574127 953
1731590620587 0.15490730106830597 954
1731590622466 0.24108867347240448 955
1731590624768 0.1753850132226944 956
1731590627052 0.18933480978012085 957
1731590629355 0.1714669167995453 958
1731590631652 0.2041865736246109 959
1731590633949 0.18002070486545563 960
1731590636237 0.20176009833812714 961
1731590638531 0.16580329835414886 962
1731590640828 0.21590964496135712 963
1731590643118 0.20093806087970734 964
1731590645265 0.16731716692447662 965
1731590647569 0.19779127836227417 966
1731590649572 0.21075110137462616 967
1731590651870 0.17661182582378387 968
1731590654163 0.23835420608520508 969
1731590656452 0.19618958234786987 970
1731590658744 0.1688022017478943 971
1731590661033 0.15985631942749023 972
1731590663341 0.1799575239419937 973
1731590665631 0.20112662017345428 974
1731590667935 0.20770853757858276 975
1731590669945 0.2063884437084198 976
1731590672240 0.19079439342021942 977
1731590674534 0.20239490270614624 978
1731590676260 0.21470317244529724 979
1731590678579 0.18071512877941132 980
1731590680865 0.1896163672208786 981
1731590683174 0.1902664452791214 982
1731590685466 0.19236652553081512 983
1731590687754 0.20735225081443787 984
1731590690050 0.1691487580537796 985
1731590692344 0.21287278831005096 986
1731590694642 0.24191993474960327 987
1731590696923 0.1957467496395111 988
1731590699222 0.2305964231491089 989
1731590701515 0.19056233763694763 990
1731590703811 0.17784006893634796 991
1731590706115 0.1965189427137375 992
1731590708267 0.1580144762992859 993
1731590710570 0.19554050266742706 994
1731590712871 0.18753068149089813 995
1731590715188 0.28571486473083496 996
1731590717470 0.17131058871746063 997
1731590719756 0.1786986142396927 998
1731590722073 0.21341165900230408 999
1731590724357 0.17173001170158386 1000
1731590754879 0.2320794016122818 1001
1731590757140 0.16254332661628723 1002
1731590759410 0.17289046943187714 1003
1731590761387 0.20682577788829803 1004
1731590763661 0.21064125001430511 1005
1731590765923 0.2796124219894409 1006
1731590768200 0.19456560909748077 1007
1731590770501 0.16703647375106812 1008
1731590772769 0.19570697844028473 1009
1731590774753 0.17583446204662323 1010
1731590777058 0.17051902413368225 1011
1731590779336 0.15160143375396729 1012
1731590781619 0.2034485787153244 1013
1731590783490 0.21085669100284576 1014
1731590785802 0.20476044714450836 1015
1731590788083 0.16820169985294342 1016
1731590790368 0.21170242130756378 1017
1731590792658 0.17841073870658875 1018
1731590794939 0.18229635059833527 1019
1731590797241 0.21452972292900085 1020
1731590799249 0.2180209904909134 1021
1731590801559 0.166263148188591 1022
1731590803574 0.20419153571128845 1023
1731590805721 0.21543245017528534 1024
1731590808025 0.19452671706676483 1025
1731590810320 0.22862514853477478 1026
1731590812623 0.17390857636928558 1027
1731590814914 0.1767970472574234 1028
1731590817203 0.17909163236618042 1029
1731590819484 0.15531285107135773 1030
1731590821640 0.18346025049686432 1031
1731590823950 0.22233547270298004 1032
1731590826110 0.24828393757343292 1033
1731590828403 0.1846163421869278 1034
1731590830573 0.186497762799263 1035
1731590832882 0.179873988032341 1036
1731590834910 0.1966675966978073 1037
1731590837082 0.18055228888988495 1038
1731590839393 0.19811472296714783 1039
1731590841696 0.18771924078464508 1040
1731590843995 0.21119005978107452 1041
1731590846290 0.21857954561710358 1042
1731590848172 0.19428957998752594 1043
1731590850458 0.1812005192041397 1044
1731590852463 0.1887938678264618 1045
1731590854758 0.1957479864358902 1046
1731590857053 0.19858691096305847 1047
1731590859354 0.19178789854049683 1048
1731590861671 0.175581157207489 1049
1731590863979 0.18616755306720734 1050
1731590866259 0.18872515857219696 1051
1731590868569 0.20402134954929352 1052
1731590870865 0.18338756263256073 1053
1731590873152 0.1883070319890976 1054
1731590874892 0.19632329046726227 1055
1731590876759 0.16605350375175476 1056
1731590878491 0.2044018656015396 1057
1731590880803 0.20783479511737823 1058
1731590883101 0.1815381497144699 1059
1731590885409 0.1842583864927292 1060
1731590887696 0.1700078397989273 1061
1731590889998 0.23450610041618347 1062
1731590892150 0.22772464156150818 1063
1731590894456 0.22927069664001465 1064
1731590896755 0.22418905794620514 1065
1731590899055 0.17455963790416718 1066
1731590901358 0.19964511692523956 1067
1731590903513 0.19292600452899933 1068
1731590905811 0.19272653758525848 1069
1731590908105 0.14763185381889343 1070
1731590910408 0.21854960918426514 1071
1731590912705 0.20132215321063995 1072
1731590914424 0.21014586091041565 1073
1731590916738 0.17822113633155823 1074
1731590919029 0.2016596496105194 1075
1731590921317 0.21323831379413605 1076
1731590923456 0.19129446148872375 1077
1731590925475 0.2061334103345871 1078
1731590927770 0.20618580281734467 1079
1731590930056 0.15407279133796692 1080
1731590932337 0.1970345675945282 1081
1731590934633 0.17196224629878998 1082
1731590936932 0.21450667083263397 1083
1731590938955 0.21547186374664307 1084
1731590941257 0.17937372624874115 1085
1731590943410 0.18345822393894196 1086
1731590945692 0.1846141517162323 1087
1731590947975 0.18775351345539093 1088
1731590949982 0.23716621100902557 1089
1731590952289 0.20017684996128082 1090
1731590954584 0.19055455923080444 1091
1731590956888 0.1978340893983841 1092
1731590959197 0.16298985481262207 1093
1731590961492 0.20354288816452026 1094
1731590963492 0.22080068290233612 1095
1731590965789 0.2014048546552658 1096
1731590968092 0.19109968841075897 1097
1731590970247 0.15631568431854248 1098
1731590972553 0.2050347477197647 1099
1731590974837 0.18416713178157806 1100
1731590977149 0.19319313764572144 1101
1731590979456 0.21492746472358704 1102
1731590981763 0.24585454165935516 1103
1731590984063 0.24726957082748413 1104
1731590986365 0.2348662167787552 1105
1731590988661 0.22730988264083862 1106
1731590990957 0.13503770530223846 1107
1731590993254 0.1874442845582962 1108
1731590995278 0.16925381124019623 1109
1731590997562 0.20671957731246948 1110
1731590999852 0.1741594523191452 1111
1731591001723 0.19369882345199585 1112
1731591004031 0.18014056980609894 1113
1731591006314 0.21151261031627655 1114
1731591008605 0.17825056612491608 1115
1731591010751 0.20501185953617096 1116
1731591013040 0.15048745274543762 1117
1731591015338 0.22450785338878632 1118
1731591017647 0.17819993197917938 1119
1731591019950 0.17013056576251984 1120
1731591021818 0.18092282116413116 1121
1731591024116 0.18939940631389618 1122
1731591026402 0.1587390899658203 1123
1731591028698 0.19407321512699127 1124
1731591030833 0.1915234923362732 1125
1731591032827 0.19571201503276825 1126
1731591035148 0.18540796637535095 1127
1731591037435 0.18565145134925842 1128
1731591039157 0.16984252631664276 1129
1731591041478 0.1828344315290451 1130
1731591043766 0.16913633048534393 1131
1731591045924 0.17879487574100494 1132
1731591048083 0.18419800698757172 1133
1731591050377 0.1905669867992401 1134
1731591052672 0.19218306243419647 1135
1731591054969 0.1879924088716507 1136
1731591057257 0.16999949514865875 1137
1731591059562 0.20995528995990753 1138
1731591061854 0.15814600884914398 1139
1731591064159 0.20354796946048737 1140
1731591066457 0.1522202491760254 1141
1731591068309 0.23026075959205627 1142
1731591070615 0.23901154100894928 1143
1731591072914 0.18532794713974 1144
1731591074921 0.18275897204875946 1145
1731591077225 0.17782552540302277 1146
1731591079527 0.20243337750434875 1147
1731591081268 0.20978669822216034 1148
1731591083591 0.21478697657585144 1149
1731591085747 0.1750631034374237 1150
1731591088053 0.16761058568954468 1151
1731591090344 0.2017243206501007 1152
1731591092630 0.22016486525535583 1153
1731591094484 0.21295909583568573 1154
1731591096357 0.20801405608654022 1155
1731591098636 0.1818021684885025 1156
1731591100952 0.20737287402153015 1157
1731591103257 0.18857796490192413 1158
1731591105549 0.17794963717460632 1159
1731591107850 0.16109061241149902 1160
1731591109858 0.19495205581188202 1161
1731591112159 0.18525196611881256 1162
1731591114456 0.15915410220623016 1163
1731591116453 0.1937839835882187 1164
1731591118445 0.19810105860233307 1165
1731591120302 0.19376346468925476 1166
1731591122607 0.193288654088974 1167
1731591124897 0.24928125739097595 1168
1731591127211 0.1945519894361496 1169
1731591129213 0.22475366294384003 1170
1731591131516 0.19184495508670807 1171
1731591133516 0.20452003180980682 1172
1731591135801 0.22618107497692108 1173
1731591138104 0.17807286977767944 1174
1731591139813 0.19172175228595734 1175
1731591142114 0.17910505831241608 1176
1731591144416 0.23036131262779236 1177
1731591146714 0.17825354635715485 1178
1731591149021 0.21030355989933014 1179
1731591151297 0.21755068004131317 1180
1731591153588 0.17925412952899933 1181
1731591155865 0.1759142130613327 1182
1731591158173 0.18475355207920074 1183
1731591160474 0.14658567309379578 1184
1731591162773 0.1749092936515808 1185
1731591165071 0.1887272149324417 1186
1731591167358 0.21555188298225403 1187
1731591169519 0.19389323890209198 1188
1731591171805 0.23452800512313843 1189
1731591174098 0.17734648287296295 1190
1731591176382 0.19183634221553802 1191
1731591178399 0.21231211721897125 1192
1731591180695 0.19667868316173553 1193
1731591182991 0.17967857420444489 1194
1731591185300 0.2447614073753357 1195
1731591187596 0.1930193156003952 1196
1731591189891 0.1800810992717743 1197
1731591192196 0.1691814810037613 1198
1731591194497 0.19107526540756226 1199
1731591196218 0.2050727754831314 1200
1731591198516 0.20990626513957977 1201
1731591200518 0.1847446709871292 1202
1731591202832 0.2142508178949356 1203
1731591205139 0.19829484820365906 1204
1731591207442 0.17924050986766815 1205
1731591209736 0.1927977055311203 1206
1731591212037 0.21431931853294373 1207
1731591214328 0.20824532210826874 1208
1731591216617 0.17397083342075348 1209
1731591218908 0.22674424946308136 1210
1731591221212 0.19097678363323212 1211
1731591223518 0.22522816061973572 1212
1731591225834 0.20383475720882416 1213
1731591227848 0.20395995676517487 1214
1731591229574 0.20632605254650116 1215
1731591231882 0.17510156333446503 1216
1731591234171 0.16714709997177124 1217
1731591235884 0.21771340072155 1218
1731591238040 0.2051483690738678 1219
1731591240331 0.18802160024642944 1220
1731591242338 0.18259593844413757 1221
1731591244632 0.2129298597574234 1222
1731591246784 0.1875089854001999 1223
1731591248657 0.2198074609041214 1224
1731591250673 0.19729985296726227 1225
1731591252975 0.20353449881076813 1226
1731591254970 0.17098547518253326 1227
1731591257134 0.16518032550811768 1228
1731591259457 0.18734268844127655 1229
1731591261735 0.19063255190849304 1230
1731591263460 0.18558147549629211 1231
1731591265752 0.17221233248710632 1232
1731591268053 0.16670148074626923 1233
1731591270356 0.18565982580184937 1234
1731591272641 0.16938422620296478 1235
1731591274932 0.22946926951408386 1236
1731591277221 0.17666618525981903 1237
1731591279502 0.18255974352359772 1238
1731591281804 0.21136479079723358 1239
1731591283803 0.18734332919120789 1240
1731591286112 0.19680888950824738 1241
1731591288117 0.2053183913230896 1242
1731591290420 0.18508900701999664 1243
1731591292711 0.22772161662578583 1244
1731591295025 0.18270763754844666 1245
1731591297171 0.1594550609588623 1246
1731591299173 0.20373043417930603 1247
1731591301472 0.2129278928041458 1248
1731591303754 0.21669405698776245 1249
1731591306050 0.20944198966026306 1250
1731591308354 0.1756294071674347 1251
1731591310223 0.1965588480234146 1252
1731591312513 0.22942416369915009 1253
1731591314804 0.22371892631053925 1254
1731591316800 0.1827438920736313 1255
1731591319112 0.22769173979759216 1256
1731591321417 0.19377397000789642 1257
1731591323416 0.20584715902805328 1258
1731591325282 0.1710163652896881 1259
1731591327009 0.20051772892475128 1260
1731591329296 0.18894998729228973 1261
1731591331589 0.22115854918956757 1262
1731591333877 0.2374088019132614 1263
1731591336163 0.19297413527965546 1264
1731591338464 0.16803090274333954 1265
1731591340315 0.18025746941566467 1266
1731591342638 0.21130307018756866 1267
1731591344922 0.18828396499156952 1268
1731591347228 0.2133079469203949 1269
1731591349521 0.20456522703170776 1270
1731591351674 0.19446046650409698 1271
1731591353969 0.19527681171894073 1272
1731591356262 0.18334822356700897 1273
1731591358559 0.1882837563753128 1274
1731591360585 0.17369990050792694 1275
1731591362606 0.20921865105628967 1276
1731591364907 0.19104400277137756 1277
1731591367196 0.1848071962594986 1278
1731591369479 0.196718230843544 1279
1731591371327 0.2125854790210724 1280
1731591373631 0.1798781305551529 1281
1731591375914 0.16907471418380737 1282
1731591378222 0.18446625769138336 1283
1731591380535 0.1937294900417328 1284
1731591382834 0.18066416680812836 1285
1731591385122 0.19876448810100555 1286
1731591387430 0.20235945284366608 1287
1731591389731 0.18964597582817078 1288
1731591392034 0.20555098354816437 1289
1731591394331 0.1749299019575119 1290
1731591396494 0.16155879199504852 1291
1731591398800 0.1770278364419937 1292
1731591401121 0.19775547087192535 1293
1731591403430 0.1521727740764618 1294
1731591405437 0.19443124532699585 1295
1731591407741 0.16443590819835663 1296
1731591409458 0.18316854536533356 1297
1731591411757 0.17847055196762085 1298
1731591413760 0.18644803762435913 1299
1731591416064 0.18847505748271942 1300
1731591418356 0.1837945431470871 1301
1731591420657 0.1590391993522644 1302
1731591422961 0.1917238086462021 1303
1731591425255 0.1999758929014206 1304
1731591427547 0.18280132114887238 1305
1731591429829 0.1994210034608841 1306
1731591431692 0.21239031851291656 1307
1731591433991 0.1719670444726944 1308
1731591435707 0.16348369419574738 1309
1731591437428 0.20261897146701813 1310
1731591439723 0.1895548552274704 1311
1731591442016 0.1597048044204712 1312
1731591444318 0.1790282428264618 1313
1731591446614 0.22558900713920593 1314
1731591448925 0.1754818856716156 1315
1731591451234 0.1973745971918106 1316
1731591453527 0.14800533652305603 1317
1731591455822 0.17175163328647614 1318
1731591458118 0.19660551846027374 1319
1731591460124 0.20460957288742065 1320
1731591461987 0.1754593551158905 1321
1731591464016 0.19756196439266205 1322
1731591466177 0.19590838253498077 1323
1731591468471 0.2156808078289032 1324
1731591470765 0.1916821449995041 1325
1731591472500 0.19552333652973175 1326
1731591474783 0.18893606960773468 1327
1731591477078 0.18296559154987335 1328
1731591479377 0.18487708270549774 1329
1731591481665 0.2531162202358246 1330
1731591483963 0.21053339540958405 1331
1731591486258 0.20305092632770538 1332
1731591488553 0.22192944586277008 1333
1731591490845 0.20518909394741058 1334
1731591493133 0.17475448548793793 1335
1731591495433 0.19172662496566772 1336
1731591497710 0.19885501265525818 1337
1731591500015 0.17620119452476501 1338
1731591502034 0.19213059544563293 1339
1731591504337 0.22142356634140015 1340
1731591506055 0.20394963026046753 1341
1731591508213 0.19056595861911774 1342
1731591510519 0.187188521027565 1343
1731591512819 0.21044187247753143 1344
1731591515118 0.16539938747882843 1345
1731591517423 0.1627970188856125 1346
1731591519722 0.20440763235092163 1347
1731591522017 0.1984112709760666 1348
1731591524317 0.16200003027915955 1349
1731591526634 0.1860657036304474 1350
1731591528628 0.19172342121601105 1351
1731591530649 0.1848944127559662 1352
1731591532938 0.13507148623466492 1353
1731591535086 0.21401402354240417 1354
1731591537386 0.1719609946012497 1355
1731591539700 0.19776815176010132 1356
1731591542006 0.2028428465127945 1357
1731591544295 0.23213379085063934 1358
1731591546603 0.17669901251792908 1359
1731591548907 0.1782243549823761 1360
1731591551205 0.17812055349349976 1361
1731591553503 0.17595823109149933 1362
1731591555782 0.18931624293327332 1363
1731591558082 0.1850259006023407 1364
1731591559938 0.2056805044412613 1365
1731591562222 0.1778775006532669 1366
1731591564503 0.16877827048301697 1367
1731591566802 0.20937368273735046 1368
1731591569103 0.1557212620973587 1369
1731591571403 0.1825309693813324 1370
1731591573702 0.2032126635313034 1371
1731591575993 0.19296863675117493 1372
1731591578295 0.201664537191391 1373
1731591580167 0.17650489509105682 1374
1731591582473 0.1634107381105423 1375
1731591584215 0.19478818774223328 1376
1731591586532 0.16942638158798218 1377
1731591588834 0.18467411398887634 1378
1731591590993 0.1880871206521988 1379
1731591593298 0.20282241702079773 1380
1731591595167 0.20365208387374878 1381
1731591597462 0.18669769167900085 1382
1731591599759 0.1888533979654312 1383
1731591602052 0.19150356948375702 1384
1731591604359 0.21963828802108765 1385
1731591606658 0.18701380491256714 1386
1731591608961 0.17456218600273132 1387
1731591611258 0.19454774260520935 1388
1731591613561 0.21466879546642303 1389
1731591615861 0.18913628160953522 1390
1731591618175 0.17322835326194763 1391
1731591620050 0.18030159175395966 1392
1731591622360 0.21573922038078308 1393
1731591624662 0.23773305118083954 1394
1731591626965 0.18023590743541718 1395
1731591629262 0.21558111906051636 1396
1731591631561 0.20268556475639343 1397
1731591633847 0.18936853110790253 1398
1731591636144 0.18522565066814423 1399
1731591637878 0.17851130664348602 1400
1731591639896 0.20212939381599426 1401
1731591641895 0.2355387955904007 1402
1731591643895 0.2236521989107132 1403
1731591646180 0.19208687543869019 1404
1731591648180 0.15170899033546448 1405
1731591650502 0.1799534261226654 1406
1731591652793 0.15981096029281616 1407
1731591655089 0.19357137382030487 1408
1731591657384 0.18642033636569977 1409
1731591659681 0.1450173705816269 1410
1731591661975 0.1739834100008011 1411
1731591664267 0.1947786509990692 1412
1731591666558 0.20187386870384216 1413
1731591668867 0.1836462765932083 1414
1731591671157 0.1861686110496521 1415
1731591673450 0.16810783743858337 1416
1731591675750 0.20138080418109894 1417
1731591678051 0.1252569854259491 1418
1731591680056 0.20103925466537476 1419
1731591682376 0.23698076605796814 1420
1731591684679 0.18615223467350006 1421
1731591686979 0.22219543159008026 1422
1731591689280 0.20256546139717102 1423
1731591691573 0.18129070103168488 1424
1731591693872 0.23146040737628937 1425
1731591696178 0.18779036402702332 1426
1731591698048 0.199008509516716 1427
1731591700360 0.17044493556022644 1428
1731591702083 0.2004847675561905 1429
1731591704384 0.14936499297618866 1430
1731591706098 0.19956167042255402 1431
1731591708404 0.20126953721046448 1432
1731591710678 0.18120114505290985 1433
1731591712549 0.20719768106937408 1434
1731591714839 0.16734537482261658 1435
1731591716560 0.19208356738090515 1436
1731591718730 0.2084221988916397 1437
1731591721038 0.17706023156642914 1438
1731591723340 0.2031058967113495 1439
1731591725636 0.18985551595687866 1440
1731591727918 0.20032331347465515 1441
1731591730208 0.1773693710565567 1442
1731591732512 0.18790854513645172 1443
1731591734808 0.1912296563386917 1444
1731591736801 0.19871968030929565 1445
1731591738528 0.17028050124645233 1446
1731591740851 0.19805316627025604 1447
1731591743164 0.20618507266044617 1448
1731591745452 0.22033652663230896 1449
1731591747751 0.16382543742656708 1450
1731591749749 0.1681734025478363 1451
1731591752044 0.1580113172531128 1452
1731591754035 0.18061964213848114 1453
1731591756326 0.15713560581207275 1454
1731591758068 0.2169700413942337 1455
1731591760380 0.19575051963329315 1456
1731591762240 0.15861666202545166 1457
1731591763974 0.21968311071395874 1458
1731591766281 0.20551063120365143 1459
1731591768574 0.15523703396320343 1460
1731591770865 0.23094524443149567 1461
1731591773153 0.18859213590621948 1462
1731591775458 0.16159208118915558 1463
1731591777763 0.17013999819755554 1464
1731591779771 0.19095012545585632 1465
1731591782061 0.1840468794107437 1466
1731591784066 0.20893177390098572 1467
1731591786370 0.18197959661483765 1468
1731591788669 0.20970876514911652 1469
1731591790944 0.1648213267326355 1470
1731591793243 0.1798873394727707 1471
1731591795533 0.200595423579216 1472
1731591797253 0.1669258326292038 1473
1731591799129 0.21946866810321808 1474
1731591801438 0.16220706701278687 1475
1731591803727 0.18680986762046814 1476
1731591806036 0.27489060163497925 1477
1731591808327 0.1758279949426651 1478
1731591810622 0.1667981594800949 1479
1731591812627 0.1777166724205017 1480
1731591814924 0.15959207713603973 1481
1731591816931 0.1917777955532074 1482
1731591819213 0.17061394453048706 1483
1731591821371 0.18752391636371613 1484
1731591823230 0.23543140292167664 1485
1731591825520 0.22733552753925323 1486
1731591827825 0.18103255331516266 1487
1731591830106 0.25131887197494507 1488
1731591832414 0.261299192905426 1489
1731591834717 0.17606279253959656 1490
1731591837010 0.18217867612838745 1491
1731591839301 0.1980830878019333 1492
1731591841601 0.20114971697330475 1493
1731591843895 0.2115640789270401 1494
1731591846187 0.1736617237329483 1495
1731591848477 0.1764974445104599 1496
1731591850478 0.1939062476158142 1497
1731591852780 0.211904838681221 1498
1731591855072 0.17196466028690338 1499
1731591857366 0.1673547476530075 1500
1731591859663 0.2437230944633484 1501
1731591861975 0.19738538563251495 1502
1731591864284 0.1879296749830246 1503
1731591866576 0.2227117419242859 1504
1731591868870 0.19190248847007751 1505
1731591871035 0.20261113345623016 1506
1731591873340 0.1829993575811386 1507
1731591875626 0.17002929747104645 1508
1731591877934 0.15961892902851105 1509
1731591880221 0.18969935178756714 1510
1731591882520 0.17785553634166718 1511
1731591884831 0.21107210218906403 1512
1731591887134 0.15785153210163116 1513
1731591889437 0.19732269644737244 1514
1731591891723 0.20048744976520538 1515
1731591893604 0.2093626856803894 1516
1731591895333 0.18293584883213043 1517
1731591897661 0.15814965963363647 1518
1731591899956 0.17470115423202515 1519
1731591901824 0.1945638805627823 1520
1731591904128 0.18960079550743103 1521
1731591906438 0.21021077036857605 1522
1731591908745 0.1630556434392929 1523
1731591911052 0.20759043097496033 1524
1731591913334 0.19931535422801971 1525
1731591915627 0.22457703948020935 1526
1731591917933 0.15584036707878113 1527
1731591920237 0.18371924757957458 1528
1731591922538 0.18808063864707947 1529
1731591924838 0.22204475104808807 1530
1731591926996 0.1541396826505661 1531
1731591929307 0.16943539679050446 1532
1731591931601 0.18691004812717438 1533
1731591933897 0.23279139399528503 1534
1731591936053 0.2077782303094864 1535
1731591938360 0.17591287195682526 1536
1731591940654 0.21095818281173706 1537
1731591942944 0.15095680952072144 1538
1731591945244 0.1942037045955658 1539
1731591947545 0.16269803047180176 1540
1731591949840 0.1769125610589981 1541
1731591951845 0.1876145750284195 1542
1731591954140 0.2018255591392517 1543
1731591956166 0.27424925565719604 1544
1731591958474 0.19117945432662964 1545
1731591960774 0.16906318068504333 1546
1731591963047 0.18854710459709167 1547
1731591964914 0.1719711273908615 1548
1731591967216 0.21315690875053406 1549
1731591969492 0.17108267545700073 1550
1731591971785 0.17926453053951263 1551
1731591974073 0.20897655189037323 1552
1731591975796 0.18752917647361755 1553
1731591978106 0.18488554656505585 1554
1731591980407 0.15689128637313843 1555
1731591982705 0.17700549960136414 1556
1731591985000 0.17045573890209198 1557
1731591987304 0.20745649933815002 1558
1731591989617 0.1960459202528 1559
1731591991915 0.17840982973575592 1560
1731591994201 0.19862176477909088 1561
1731591995939 0.21512266993522644 1562
1731591998234 0.21580234169960022 1563
1731592000523 0.17836715281009674 1564
1731592002820 0.17233702540397644 1565
1731592005138 0.20399700105190277 1566
1731592007429 0.1897166669368744 1567
1731592009725 0.1839507669210434 1568
1731592012028 0.18448981642723083 1569
1731592014326 0.19414766132831573 1570
1731592016193 0.2118680626153946 1571
1731592018485 0.17405159771442413 1572
1731592020785 0.24783986806869507 1573
1731592023090 0.16116373240947723 1574
1731592025239 0.19692571461200714 1575
1731592027532 0.19300393760204315 1576
1731592029408 0.22568421065807343 1577
1731592031583 0.17448653280735016 1578
1731592033602 0.17738182842731476 1579
1731592035893 0.19826719164848328 1580
1731592038058 0.25082850456237793 1581
1731592039939 0.2204635590314865 1582
1731592042264 0.16718943417072296 1583
1731592044261 0.19496257603168488 1584
1731592046570 0.15358591079711914 1585
1731592048865 0.16687029600143433 1586
1731592051163 0.1829749494791031 1587
1731592053464 0.22458840906620026 1588
1731592055760 0.1903320997953415 1589
1731592058051 0.20223192870616913 1590
1731592060344 0.19261722266674042 1591
1731592062635 0.15157611668109894 1592
1731592064918 0.2010878622531891 1593
1731592067223 0.1919265240430832 1594
1731592069510 0.2124728560447693 1595
1731592071811 0.205573171377182 1596
1731592074091 0.22174867987632751 1597
1731592076394 0.21860744059085846 1598
1731592078697 0.17410142719745636 1599
1731592080996 0.17219047248363495 1600
1731592083311 0.21211393177509308 1601
1731592085609 0.13953793048858643 1602
1731592087885 0.23332947492599487 1603
1731592090185 0.18144167959690094 1604
1731592092483 0.21862150728702545 1605
1731592094350 0.18451516330242157 1606
1731592096652 0.20965537428855896 1607
1731592098959 0.17792576551437378 1608
1731592101247 0.22653669118881226 1609
1731592102982 0.19523225724697113 1610
1731592105284 0.18965519964694977 1611
1731592106998 0.16365818679332733 1612
1731592109315 0.15676400065422058 1613
1731592111620 0.17379625141620636 1614
1731592113906 0.17058567702770233 1615
1731592116219 0.2008981853723526 1616
1731592118205 0.18214599788188934 1617
1731592120368 0.19615182280540466 1618
1731592122681 0.1876935362815857 1619
1731592124974 0.22106853127479553 1620
1731592127259 0.19496728479862213 1621
1731592129563 0.15864823758602142 1622
1731592131279 0.1912599503993988 1623
1731592133586 0.21047653257846832 1624
1731592135881 0.1981310099363327 1625
1731592138167 0.2109082192182541 1626
1731592140466 0.19291456043720245 1627
1731592142761 0.18853801488876343 1628
1731592145056 0.17680113017559052 1629
1731592147349 0.19220338761806488 1630
1731592149624 0.16088040173053741 1631
1731592151907 0.175015389919281 1632
1731592154202 0.17745345830917358 1633
1731592156355 0.16707636415958405 1634
1731592158647 0.196607768535614 1635
1731592160937 0.17282071709632874 1636
1731592163228 0.24052254855632782 1637
1731592165512 0.1841554492712021 1638
1731592167801 0.21898186206817627 1639
1731592169944 0.2220834493637085 1640
1731592171659 0.19194014370441437 1641
1731592173949 0.1999843567609787 1642
1731592176241 0.18976372480392456 1643
1731592178528 0.2086677998304367 1644
1731592180807 0.17079941928386688 1645
1731592182957 0.1645575761795044 1646
1731592185252 0.23131348192691803 1647
1731592187537 0.18194858729839325 1648
1731592189820 0.1733848750591278 1649
1731592192107 0.22175480425357819 1650
1731592194396 0.18759407103061676 1651
1731592196687 0.17864279448986053 1652
1731592198976 0.17767509818077087 1653
1731592201891 0.20890387892723083 1654
1731592215213 0.2112656980752945 1655
1731592217680 0.1710117757320404 1656
1731592220141 0.19198307394981384 1657
1731592222590 0.18933852016925812 1658
1731592224933 0.19483940303325653 1659
1731592227252 0.2004048079252243 1660
1731592228970 0.16451291739940643 1661
1731592231263 0.21382036805152893 1662
1731592233553 0.17942580580711365 1663
1731592235261 0.194334477186203 1664
1731592237545 0.2138100415468216 1665
1731592239409 0.1687021553516388 1666
1731592241702 0.1961633861064911 1667
1731592244005 0.1845126897096634 1668
1731592246153 0.2531420588493347 1669
1731592248169 0.21051912009716034 1670
1731592250457 0.19382813572883606 1671
1731592252324 0.1576036810874939 1672
1731592254646 0.16504701972007751 1673
1731592256938 0.19751200079917908 1674
1731592258660 0.19173568487167358 1675
1731592260982 0.18030191957950592 1676
1731592263278 0.19886884093284607 1677
1731592265580 0.19260986149311066 1678
1731592267577 0.17069484293460846 1679
1731592269602 0.19471225142478943 1680
1731592271923 0.18488599359989166 1681
1731592274228 0.2244599610567093 1682
1731592276531 0.18957288563251495 1683
1731592278825 0.17617455124855042 1684
1731592281113 0.17253614962100983 1685
1731592283414 0.24287784099578857 1686
1731592285145 0.16880640387535095 1687
1731592287452 0.21394671499729156 1688
1731592289749 0.24610213935375214 1689
1731592292047 0.1920371800661087 1690
1731592294196 0.19349898397922516 1691
1731592296497 0.171922966837883 1692
1731592298800 0.1769731193780899 1693
1731592301093 0.2196388989686966 1694
1731592303101 0.18533676862716675 1695
1731592305414 0.18109315633773804 1696
1731592307412 0.15867528319358826 1697
1731592309715 0.14711937308311462 1698
1731592312020 0.16564691066741943 1699
1731592314177 0.1606665402650833 1700
1731592316484 0.18000715970993042 1701
1731592318783 0.21720005571842194 1702
1731592321078 0.1895643025636673 1703
1731592323380 0.17370165884494781 1704
1731592325669 0.2129572331905365 1705
1731592327966 0.17649583518505096 1706
1731592330266 0.16872049868106842 1707
1731592332565 0.14457552134990692 1708
1731592334864 0.15457449853420258 1709
1731592337158 0.16863331198692322 1710
1731592339444 0.1540350317955017 1711
1731592341753 0.18914543092250824 1712
1731592344054 0.23601701855659485 1713
1731592346359 0.16756483912467957 1714
1731592348800 0.1983318030834198 1715
1731592351087 0.20286299288272858 1716
1731592353369 0.19393619894981384 1717
1731592355364 0.16026242077350616 1718
1731592357672 0.16980330646038055 1719
1731592359985 0.2058144062757492 1720
1731592362279 0.20344451069831848 1721
1731592364583 0.18898595869541168 1722
1731592366889 0.18234780430793762 1723
1731592369188 0.20044860243797302 1724
1731592371491 0.1919189840555191 1725
1731592373796 0.18658556044101715 1726
1731592376086 0.17475149035453796 1727
1731592377958 0.22038620710372925 1728
1731592380124 0.19857534766197205 1729
1731592382407 0.16599909961223602 1730
1731592384124 0.21036669611930847 1731
1731592386420 0.18396814167499542 1732
1731592388710 0.18996362388134003 1733
1731592390874 0.17594458162784576 1734
1731592393171 0.18392299115657806 1735
1731592394895 0.1883019357919693 1736
1731592396766 0.2253905087709427 1737
1731592398500 0.19975635409355164 1738
1731592400651 0.18094901740550995 1739
1731592402951 0.18174771964550018 1740
1731592405241 0.2173069268465042 1741
1731592407529 0.16935424506664276 1742
1731592409816 0.17062538862228394 1743
1731592412108 0.21302150189876556 1744
1731592414405 0.12863217294216156 1745
1731592416693 0.19847741723060608 1746
1731592418989 0.17814725637435913 1747
1731592421288 0.18148498237133026 1748
1731592423286 0.20207855105400085 1749
1731592425588 0.1907375305891037 1750
1731592427884 0.2196769118309021 1751
1731592429609 0.16051368415355682 1752
1731592431931 0.1687897890806198 1753
1731592434213 0.1710716187953949 1754
1731592436510 0.26350900530815125 1755
1731592438366 0.17123088240623474 1756
1731592440670 0.17158891260623932 1757
1731592442978 0.2042335420846939 1758
1731592444985 0.1943187117576599 1759
1731592447145 0.18789751827716827 1760
1731592449021 0.19292105734348297 1761
1731592451192 0.18387764692306519 1762
1731592453506 0.14864608645439148 1763
1731592455505 0.14060372114181519 1764
1731592457243 0.2057061642408371 1765
1731592459545 0.1836610734462738 1766
1731592461831 0.17154830694198608 1767
1731592464142 0.16983789205551147 1768
1731592466144 0.19836410880088806 1769
1731592468441 0.19965562224388123 1770
1731592470746 0.16613835096359253 1771
1731592473047 0.19507834315299988 1772
1731592475350 0.18809859454631805 1773
1731592477661 0.2199966162443161 1774
1731592479949 0.17551055550575256 1775
1731592482256 0.18264906108379364 1776
1731592484547 0.18898345530033112 1777
1731592486846 0.18528489768505096 1778
1731592488558 0.21214516460895538 1779
1731592490852 0.1795462667942047 1780
1731592493151 0.17399924993515015 1781
1731592495442 0.21299216151237488 1782
1731592497751 0.19654697179794312 1783
1731592500048 0.20352916419506073 1784
1731592502351 0.17091156542301178 1785
1731592504635 0.1689877212047577 1786
1731592506920 0.18086585402488708 1787
1731592509209 0.167001411318779 1788
1731592511071 0.18549473583698273 1789
1731592513235 0.19771364331245422 1790
1731592515523 0.17135074734687805 1791
1731592517802 0.17672018706798553 1792
1731592520100 0.18164874613285065 1793
1731592522104 0.1924414336681366 1794
1731592524404 0.1850561797618866 1795
1731592526711 0.21417635679244995 1796
1731592529002 0.1933608204126358 1797
1731592531301 0.21330969035625458 1798
1731592533601 0.19318434596061707 1799
1731592535899 0.18455475568771362 1800
1731592537901 0.1848318725824356 1801
1731592540189 0.18629325926303864 1802
1731592542482 0.1883353888988495 1803
1731592544781 0.17773868143558502 1804
1731592547068 0.22974641621112823 1805
1731592549352 0.17880457639694214 1806
1731592551655 0.16533224284648895 1807
1731592553951 0.17132292687892914 1808
1731592556241 0.18747957050800323 1809
1731592558542 0.18310274183750153 1810
1731592560828 0.2219938039779663 1811
1731592563129 0.19162635505199432 1812
1731592564998 0.2017231285572052 1813
1731592567302 0.1896657794713974 1814
1731592569598 0.19709067046642303 1815
1731592571473 0.17744752764701843 1816
1731592573485 0.1830209642648697 1817
1731592575374 0.19205805659294128 1818
1731592577680 0.2204534411430359 1819
1731592579980 0.16381168365478516 1820
1731592582273 0.2316283881664276 1821
1731592584013 0.23896735906600952 1822
1731592586306 0.16090495884418488 1823
1731592588608 0.22458939254283905 1824
1731592590902 0.19325608015060425 1825
1731592593197 0.17813357710838318 1826
1731592595507 0.19628867506980896 1827
1731592597799 0.14864563941955566 1828
1731592599958 0.20400981605052948 1829
1731592602269 0.19978445768356323 1830
1731592604567 0.1812973916530609 1831
1731592606863 0.18718937039375305 1832
1731592609141 0.18111702799797058 1833
1731592611286 0.1787969022989273 1834
1731592613283 0.19815844297409058 1835
1731592615587 0.1655183732509613 1836
1731592617880 0.19908513128757477 1837
1731592619586 0.20206421613693237 1838
1731592621874 0.20869024097919464 1839
1731592624164 0.19649475812911987 1840
1731592626458 0.17857925593852997 1841
1731592628747 0.2021963745355606 1842
1731592631053 0.15857744216918945 1843
1731592633353 0.1973041445016861 1844
1731592635658 0.18631865084171295 1845
1731592637973 0.21633121371269226 1846
1731592640265 0.1820593625307083 1847
1731592642563 0.16122524440288544 1848
1731592644858 0.173709437251091 1849
1731592646845 0.18587364256381989 1850
1731592648716 0.1616126000881195 1851
1731592651047 0.17691150307655334 1852
1731592653216 0.19017323851585388 1853
1731592654937 0.1907091587781906 1854
1731592657241 0.15130829811096191 1855
1731592659134 0.1565752774477005 1856
1731592661430 0.18958024680614471 1857
1731592663734 0.17410768568515778 1858
1731592666013 0.17083552479743958 1859
1731592668299 0.18194682896137238 1860
1731592670588 0.18444602191448212 1861
1731592672310 0.23018619418144226 1862
1731592674489 0.17820428311824799 1863
1731592676784 0.18130935728549957 1864
1731592679068 0.18200959265232086 1865
1731592681361 0.18249396979808807 1866
1731592683656 0.1851949840784073 1867
1731592685955 0.2110721915960312 1868
1731592688252 0.17844988405704498 1869
1731592690544 0.20011655986309052 1870
1731592692415 0.16011913120746613 1871
1731592694708 0.1806683987379074 1872
1731592696998 0.2229316681623459 1873
1731592699293 0.18279962241649628 1874
1731592701581 0.19724592566490173 1875
1731592703588 0.2102624624967575 1876
1731592705462 0.1796560138463974 1877
1731592707457 0.1620602309703827 1878
1731592709754 0.21790893375873566 1879
1731592712063 0.20128433406352997 1880
1731592714353 0.17998696863651276 1881
1731592716651 0.15419664978981018 1882
1731592718967 0.17064176499843597 1883
1731592721255 0.22035683691501617 1884
1731592723409 0.1867367923259735 1885
1731592725703 0.20611557364463806 1886
1731592728004 0.24182471632957458 1887
1731592730307 0.19431065022945404 1888
1731592732028 0.20511062443256378 1889
1731592734332 0.21297933161258698 1890
1731592736328 0.1793006956577301 1891
1731592738621 0.18184448778629303 1892
1731592740921 0.19662854075431824 1893
1731592743227 0.2183891087770462 1894
1731592745518 0.20929576456546783 1895
1731592747850 0.16647878289222717 1896
1731592750155 0.18982107937335968 1897
1731592752455 0.22007966041564941 1898
1731592754753 0.18071894347667694 1899
1731592757048 0.20489713549613953 1900
1731592759447 0.22600463032722473 1901
1731592761750 0.1888337880373001 1902
1731592764047 0.18637508153915405 1903
1731592766351 0.2074788361787796 1904
1731592768252 0.2173953503370285 1905
1731592770567 0.23532351851463318 1906
1731592772868 0.19653238356113434 1907
1731592775168 0.22596745193004608 1908
1731592777458 0.16472227871418 1909
1731592779613 0.2631445825099945 1910
1731592781501 0.1901749074459076 1911
1731592783645 0.1800130158662796 1912
1731592785935 0.2149495780467987 1913
1731592788243 0.19820071756839752 1914
1731592790530 0.20101504027843475 1915
1731592792812 0.17486561834812164 1916
1731592795111 0.2173030525445938 1917
1731592797428 0.20728997886180878 1918
1731592799727 0.16730710864067078 1919
1731592802030 0.25634512305259705 1920
1731592804329 0.20280668139457703 1921
1731592806627 0.16320297122001648 1922
1731592808335 0.2514260411262512 1923
1731592810650 0.1906086802482605 1924
1731592812948 0.20241348445415497 1925
1731592815271 0.19599060714244843 1926
1731592817582 0.16399674117565155 1927
1731592819876 0.1717325747013092 1928
1731592822173 0.23612868785858154 1929
1731592824476 0.19345220923423767 1930
1731592826769 0.20381110906600952 1931
1731592829067 0.19911937415599823 1932
1731592831363 0.20669230818748474 1933
1731592833669 0.18457011878490448 1934
1731592835398 0.22353042662143707 1935
1731592837704 0.1918419748544693 1936
1731592839990 0.18091168999671936 1937
1731592842291 0.18976935744285583 1938
1731592844586 0.2295347899198532 1939
1731592846883 0.18359586596488953 1940
1731592848753 0.1841210275888443 1941
1731592851038 0.16727320849895477 1942
1731592852889 0.1824779212474823 1943
1731592855195 0.18358267843723297 1944
1731592857485 0.1862833946943283 1945
1731592859786 0.22399446368217468 1946
1731592862089 0.19300159811973572 1947
1731592864394 0.19213451445102692 1948
1731592866691 0.17107771337032318 1949
1731592868992 0.20813138782978058 1950
1731592871289 0.18665747344493866 1951
1731592873593 0.17166264355182648 1952
1731592875877 0.18334528803825378 1953
1731592878176 0.1942264288663864 1954
1731592880469 0.21596772968769073 1955
1731592882773 0.23022402822971344 1956
1731592885069 0.1770966500043869 1957
1731592887366 0.19712278246879578 1958
1731592889666 0.17558102309703827 1959
1731592891959 0.1919192671775818 1960
1731592894252 0.16255974769592285 1961
1731592896551 0.16825860738754272 1962
1731592898416 0.17498110234737396 1963
1731592900724 0.183698832988739 1964
1731592903022 0.18708547949790955 1965
1731592905321 0.20936663448810577 1966
1731592907621 0.1733001172542572 1967
1731592909490 0.18185487389564514 1968
1731592911787 0.18003931641578674 1969
1731592914091 0.18676389753818512 1970
1731592915947 0.1786210983991623 1971
1731592917831 0.1755227893590927 1972
1731592920148 0.19733648002147675 1973
1731592922437 0.1914902627468109 1974
1731592924729 0.21295322477817535 1975
1731592927028 0.19909419119358063 1976
1731592929184 0.20471328496932983 1977
1731592931504 0.19258196651935577 1978
1731592933790 0.21376273036003113 1979
1731592936088 0.21861928701400757 1980
1731592938078 0.16808296740055084 1981
1731592940395 0.2081790268421173 1982
1731592942551 0.22946926951408386 1983
1731592944725 0.19596369564533234 1984
1731592947015 0.20484116673469543 1985
1731592948886 0.21799840033054352 1986
1731592951183 0.18399034440517426 1987
1731592953475 0.20643116533756256 1988
1731592955798 0.19258145987987518 1989
1731592958090 0.1944865584373474 1990
1731592959960 0.19996827840805054 1991
1731592962262 0.16843274235725403 1992
1731592964552 0.21048910915851593 1993
1731592966836 0.19124478101730347 1994
1731592969132 0.21209146082401276 1995
1731592971430 0.203273206949234 1996
1731592973729 0.1480039358139038 1997
1731592975866 0.18116992712020874 1998
1731592978165 0.22486503422260284 1999
1731592980469 0.18044309318065643 2000
1731593010713 0.17976175248622894 2001
1731593012964 0.21386654675006866 2002
1731593015233 0.1964164823293686 2003
1731593017494 0.15262052416801453 2004
1731593019775 0.2018250674009323 2005
1731593022040 0.1585661768913269 2006
1731593024309 0.2181512415409088 2007
1731593026287 0.219343364238739 2008
1731593028569 0.19080804288387299 2009
1731593030865 0.24128574132919312 2010
1731593033144 0.18741151690483093 2011
1731593035434 0.19542154669761658 2012
1731593037735 0.18433484435081482 2013
1731593039588 0.19100110232830048 2014
1731593041872 0.23159071803092957 2015
1731593044170 0.18510405719280243 2016
1731593046036 0.1939646154642105 2017
1731593048340 0.20711950957775116 2018
1731593050633 0.20705458521842957 2019
1731593052939 0.197758749127388 2020
1731593055090 0.2338009625673294 2021
1731593057385 0.24191206693649292 2022
1731593059671 0.17141182720661163 2023
1731593061956 0.23652951419353485 2024
1731593064112 0.1963735669851303 2025
1731593066434 0.1825094372034073 2026
1731593068726 0.16237127780914307 2027
1731593071033 0.1810418963432312 2028
1731593073333 0.19189848005771637 2029
1731593075610 0.2273349165916443 2030
1731593077913 0.17292162775993347 2031
1731593079782 0.2011003941297531 2032
1731593082091 0.1813116818666458 2033
1731593084387 0.17884843051433563 2034
1731593086684 0.2131926268339157 2035
1731593088969 0.20499040186405182 2036
1731593091285 0.2130119651556015 2037
1731593093588 0.2020414173603058 2038
1731593095877 0.17186447978019714 2039
1731593098179 0.2660433053970337 2040
1731593100475 0.18537478148937225 2041
1731593102633 0.1942146271467209 2042
1731593104946 0.20238074660301208 2043
1731593106661 0.19195479154586792 2044
1731593108977 0.19453439116477966 2045
1731593111285 0.2148161232471466 2046
1731593113148 0.14920055866241455 2047
1731593115450 0.19936801493167877 2048
1731593117465 0.19655047357082367 2049
1731593119490 0.16602592170238495 2050
1731593121791 0.20224477350711823 2051
1731593123660 0.2092108428478241 2052
1731593125964 0.1646079123020172 2053
1731593128268 0.2132302075624466 2054
1731593130570 0.19442154467105865 2055
1731593132293 0.1819492131471634 2056
1731593134599 0.20566841959953308 2057
1731593136329 0.19432967901229858 2058
1731593138640 0.25252819061279297 2059
1731593140937 0.18463629484176636 2060
1731593143235 0.18541814386844635 2061
1731593145530 0.18833456933498383 2062
1731593147816 0.20252706110477448 2063
1731593150114 0.22073011100292206 2064
1731593151975 0.1810062825679779 2065
1731593154270 0.19070439040660858 2066
1731593156269 0.1990329474210739 2067
1731593158578 0.16792032122612 2068
1731593160871 0.16361397504806519 2069
1731593163171 0.15483582019805908 2070
1731593165478 0.1737460196018219 2071
1731593167764 0.20249074697494507 2072
1731593170073 0.1662563681602478 2073
1731593172356 0.1978020817041397 2074
1731593174656 0.16758544743061066 2075
1731593176955 0.17659644782543182 2076
1731593179246 0.2308538407087326 2077
1731593181567 0.20236366987228394 2078
1731593183869 0.14265453815460205 2079
1731593186159 0.2128603756427765 2080
1731593188478 0.19970621168613434 2081
1731593190489 0.2299714982509613 2082
1731593192778 0.21717078983783722 2083
1731593195074 0.16522161662578583 2084
1731593197090 0.22117680311203003 2085
1731593199240 0.223288431763649 2086
1731593201635 0.17771929502487183 2087
1731593203930 0.174289271235466 2088
1731593206232 0.2088049203157425 2089
1731593208398 0.2151351124048233 2090
1731593210546 0.17725591361522675 2091
1731593212836 0.1762849986553192 2092
1731593215133 0.21904437243938446 2093
1731593217301 0.18938668072223663 2094
1731593219603 0.16822414100170135 2095
1731593221761 0.16616037487983704 2096
1731593223920 0.15435774624347687 2097
1731593225640 0.19217579066753387 2098
1731593227952 0.15527817606925964 2099
1731593230100 0.17882739007472992 2100
1731593232416 0.2371010184288025 2101
1731593234710 0.20397917926311493 2102
1731593236860 0.21874360740184784 2103
1731593239026 0.1943722516298294 2104
1731593241316 0.17397917807102203 2105
1731593243617 0.2077067643404007 2106
1731593245913 0.18187645077705383 2107
1731593248216 0.2228253334760666 2108
1731593250516 0.17444239556789398 2109
1731593252819 0.16186220943927765 2110
1731593255117 0.17665043473243713 2111
1731593257413 0.23321159183979034 2112
1731593259283 0.1732410341501236 2113
1731593261586 0.19913212954998016 2114
1731593263450 0.27569347620010376 2115
1731593265757 0.20294617116451263 2116
1731593268055 0.22409650683403015 2117
1731593270336 0.21981361508369446 2118
1731593272651 0.16144588589668274 2119
1731593274950 0.20519396662712097 2120
1731593277241 0.18927642703056335 2121
1731593279522 0.1975911557674408 2122
1731593281840 0.21754230558872223 2123
1731593284135 0.21964944899082184 2124
1731593286435 0.17777293920516968 2125
1731593288731 0.17779089510440826 2126
1731593291032 0.159628227353096 2127
1731593292742 0.20516933500766754 2128
1731593295050 0.17665131390094757 2129
1731593297335 0.15554937720298767 2130
1731593299500 0.19628585875034332 2131
1731593301794 0.1925782859325409 2132
1731593303941 0.2266392856836319 2133
1731593306269 0.181572824716568 2134
1731593308552 0.17921094596385956 2135
1731593310838 0.19968779385089874 2136
1731593313139 0.1782490462064743 2137
1731593315428 0.1709553599357605 2138
1731593317733 0.16694335639476776 2139
1731593319748 0.20657427608966827 2140
1731593322048 0.18955406546592712 2141
1731593324354 0.2069108933210373 2142
1731593326216 0.19370277225971222 2143
1731593328381 0.19259384274482727 2144
1731593330090 0.21707160770893097 2145
1731593332381 0.18263305723667145 2146
1731593334678 0.1574934720993042 2147
1731593336980 0.19593454897403717 2148
1731593339271 0.23718835413455963 2149
1731593341573 0.17835886776447296 2150
1731593343727 0.15856747329235077 2151
1731593346029 0.1956978589296341 2152
1731593348199 0.16417770087718964 2153
1731593350496 0.18460886180400848 2154
1731593352382 0.18122190237045288 2155
1731593354392 0.20442979037761688 2156
1731593356708 0.19644734263420105 2157
1731593359014 0.1721775233745575 2158
1731593361317 0.19970016181468964 2159
1731593363617 0.1603463739156723 2160
1731593365900 0.19001290202140808 2161
1731593368193 0.1945456862449646 2162
1731593370179 0.2097136676311493 2163
1731593372475 0.2293979376554489 2164
1731593374753 0.17978359758853912 2165
1731593377066 0.19766776263713837 2166
1731593379370 0.19055165350437164 2167
1731593381668 0.18143226206302643 2168
1731593383980 0.19157437980175018 2169
1731593386273 0.26860517263412476 2170
1731593388581 0.22897227108478546 2171
1731593390743 0.17903630435466766 2172
1731593393047 0.16395942866802216 2173
1731593395355 0.19198855757713318 2174
1731593397639 0.17942146956920624 2175
1731593399944 0.18529507517814636 2176
1731593402247 0.1689295917749405 2177
1731593404536 0.18223585188388824 2178
1731593406831 0.17920364439487457 2179
1731593408555 0.22272352874279022 2180
1731593410869 0.20021694898605347 2181
1731593413170 0.16883333027362823 2182
1731593415478 0.2551955580711365 2183
1731593417789 0.16591975092887878 2184
1731593420093 0.20464067161083221 2185
1731593422403 0.1619008332490921 2186
1731593424709 0.18651796877384186 2187
1731593427005 0.20797426998615265 2188
1731593429291 0.18587955832481384 2189
1731593431578 0.1739162653684616 2190
1731593433872 0.1810065060853958 2191
1731593436167 0.18012182414531708 2192
1731593438458 0.20793883502483368 2193
1731593440472 0.22776243090629578 2194
1731593442754 0.17896683514118195 2195
1731593444481 0.24618470668792725 2196
1731593446478 0.1957273632287979 2197
1731593448790 0.19828501343727112 2198
1731593450507 0.15941964089870453 2199
1731593452246 0.22906498610973358 2200
1731593454559 0.1833840161561966 2201
1731593456865 0.15787236392498016 2202
1731593459165 0.18588103353977203 2203
1731593461470 0.19855190813541412 2204
1731593463340 0.17382754385471344 2205
1731593465637 0.1922023445367813 2206
1731593467632 0.19525569677352905 2207
1731593469936 0.18445274233818054 2208
1731593471669 0.22460706532001495 2209
1731593473959 0.19979283213615417 2210
1731593476250 0.18571977317333221 2211
1731593478549 0.19301776587963104 2212
1731593480852 0.24253500998020172 2213
1731593483156 0.17384760081768036 2214
1731593485457 0.15249565243721008 2215
1731593487749 0.17815597355365753 2216
1731593490035 0.20775611698627472 2217
1731593492335 0.20866522192955017 2218
1731593494200 0.17916887998580933 2219
1731593496518 0.151781365275383 2220
1731593498809 0.19774596393108368 2221
1731593501097 0.18157701194286346 2222
1731593503111 0.17488107085227966 2223
1731593505413 0.19818823039531708 2224
1731593507276 0.16419833898544312 2225
1731593509577 0.20911337435245514 2226
1731593511724 0.1770472228527069 2227
1731593514034 0.20930072665214539 2228
1731593516331 0.1825299710035324 2229
1731593518608 0.17604614794254303 2230
1731593520599 0.1808578222990036 2231
1731593522882 0.1757010668516159 2232
1731593525043 0.20751282572746277 2233
1731593527343 0.17208918929100037 2234
1731593529639 0.2180670201778412 2235
1731593531937 0.16640445590019226 2236
1731593533947 0.17755158245563507 2237
1731593536254 0.16034898161888123 2238
1731593538564 0.17817117273807526 2239
1731593540868 0.19262458384037018 2240
1731593543023 0.1786160171031952 2241
1731593545337 0.19063729047775269 2242
1731593547640 0.18025486171245575 2243
1731593549957 0.1829584389925003 2244
1731593552248 0.17910954356193542 2245
1731593553965 0.16956700384616852 2246
1731593556297 0.17412738502025604 2247
1731593558615 0.24129337072372437 2248
1731593560916 0.21190515160560608 2249
1731593563235 0.17796690762043 2250
1731593565545 0.17906583845615387 2251
1731593567844 0.17622072994709015 2252
1731593569703 0.19694635272026062 2253
1731593572028 0.19348424673080444 2254
1731593574310 0.25098317861557007 2255
1731593576189 0.20486409962177277 2256
1731593577908 0.18183180689811707 2257
1731593579772 0.2046714574098587 2258
1731593582076 0.19178850948810577 2259
1731593584241 0.19286492466926575 2260
