1731420561638 0.22598019242286682 1
1731420563035 0.21259382367134094 2
1731420564443 0.1621493399143219 3
1731420565858 0.20838519930839539 4
1731420567272 0.17789842188358307 5
1731420568692 0.20487408339977264 6
1731420570110 0.2935773730278015 7
1731420571530 0.20837509632110596 8
1731420572950 0.1360751986503601 9
1731420574356 0.24023151397705078 10
1731420575774 0.223734050989151 11
1731420577189 0.15346142649650574 12
1731420578608 0.1920941174030304 13
1731420580030 0.23757603764533997 14
1731420581447 0.2534663677215576 15
1731420582869 0.16597846150398254 16
1731420584284 0.18613052368164062 17
1731420585706 0.22166992723941803 18
1731420587127 0.211642324924469 19
1731420588545 0.31068092584609985 20
1731420589972 0.35609737038612366 21
1731420591396 0.19648179411888123 22
1731420592827 0.236969992518425 23
1731420594255 0.204768568277359 24
1731420595686 0.2278769612312317 25
1731420597113 0.2301265448331833 26
1731420598533 0.2172413170337677 27
1731420599964 0.20691727101802826 28
1731420601385 0.2530771493911743 29
1731420602828 0.21664893627166748 30
1731420604257 0.20293785631656647 31
1731420605690 0.17858824133872986 32
1731420607125 0.2027837485074997 33
1731420608561 0.20840369164943695 34
1731420609995 0.21836431324481964 35
1731420611427 0.21936270594596863 36
1731420612860 0.2315293550491333 37
1731420614312 0.22470003366470337 38
1731420615748 0.20103302597999573 39
1731420617176 0.18713025748729706 40
1731420618602 0.17772354185581207 41
1731420620038 0.21375048160552979 42
1731420621468 0.20921504497528076 43
1731420622902 0.24062404036521912 44
1731420624339 0.20294222235679626 45
1731420625794 0.20822972059249878 46
1731420627230 0.16729149222373962 47
1731420628668 0.19345921277999878 48
1731420630113 0.25707149505615234 49
1731420631552 0.1849077045917511 50
1731420632989 0.20912736654281616 51
1731420634424 0.24503302574157715 52
1731420635862 0.21980950236320496 53
1731420637294 0.20291730761528015 54
1731420638730 0.22448551654815674 55
1731420640168 0.22390398383140564 56
1731420641613 0.2052033543586731 57
1731420643047 0.2107888162136078 58
1731420644488 0.14154726266860962 59
1731420645927 0.23273974657058716 60
1731420647366 0.18629059195518494 61
1731420648804 0.20242834091186523 62
1731420650239 0.28015217185020447 63
1731420651683 0.17849276959896088 64
1731420653135 0.17130374908447266 65
1731420654574 0.1816709339618683 66
1731420656017 0.2344408929347992 67
1731420657457 0.15562336146831512 68
1731420658893 0.22446735203266144 69
1731420660329 0.186282679438591 70
1731420661768 0.24477028846740723 71
1731420663206 0.18392400443553925 72
1731420664644 0.15997464954853058 73
1731420666076 0.17740106582641602 74
1731420667514 0.19842562079429626 75
1731420668955 0.2521529197692871 76
1731420670389 0.2883850932121277 77
1731420671828 0.19483613967895508 78
1731420673275 0.19392219185829163 79
1731420674712 0.21636953949928284 80
1731420676149 0.17827525734901428 81
1731420677587 0.18197879195213318 82
1731420679021 0.3613119125366211 83
1731420680469 0.19021865725517273 84
1731420681904 0.16159945726394653 85
1731420683339 0.39730432629585266 86
1731420684776 0.17848052084445953 87
1731420686216 0.24570059776306152 88
1731420687649 0.21822260320186615 89
1731420689085 0.2186189889907837 90
1731420690525 0.20585235953330994 91
1731420691967 0.2404826283454895 92
1731420693405 0.20141687989234924 93
1731420694842 0.2621793746948242 94
1731420696285 0.27500399947166443 95
1731420697736 0.18047937750816345 96
1731420699192 0.2231978178024292 97
1731420700630 0.2377176582813263 98
1731420702071 0.21604344248771667 99
1731420703519 0.2329338937997818 100
1731420704959 0.23202279210090637 101
1731420706402 0.22335773706436157 102
1731420707841 0.31646931171417236 103
1731420709285 0.2149166762828827 104
1731420710726 0.2228766530752182 105
1731420712166 0.21127429604530334 106
1731420713615 0.30242833495140076 107
1731420715054 0.23842701315879822 108
1731420716492 0.19375395774841309 109
1731420717928 0.2272583693265915 110
1731420719372 0.19209563732147217 111
1731420720808 0.15832042694091797 112
1731420722250 0.22905166447162628 113
1731420723689 0.2162477821111679 114
1731420725128 0.24734070897102356 115
1731420726571 0.21986284852027893 116
1731420728006 0.2619664967060089 117
1731420729448 0.2691730260848999 118
1731420730885 0.3214048743247986 119
1731420732324 0.15973849594593048 120
1731420733773 0.27043700218200684 121
1731420735212 0.2720896005630493 122
1731420736652 0.20684975385665894 123
1731420738091 0.2253115028142929 124
1731420739532 0.21623429656028748 125
1731420740967 0.27725714445114136 126
1731420742411 0.2075899839401245 127
1731420743858 0.20780020952224731 128
1731420745297 0.21137769520282745 129
1731420746739 0.23975077271461487 130
1731420748185 0.21815234422683716 131
1731420749631 0.19404897093772888 132
1731420751070 0.2171003222465515 133
1731420752508 0.24058130383491516 134
1731420753951 0.241187185049057 135
1731420755391 0.20641204714775085 136
1731420756832 0.16810032725334167 137
1731420758273 0.20591989159584045 138
1731420759713 0.1951027512550354 139
1731420761149 0.19711653888225555 140
1731420762585 0.2399841845035553 141
1731420764025 0.2038497030735016 142
1731420765466 0.22217386960983276 143
1731420766907 0.21029925346374512 144
1731420768347 0.19653940200805664 145
1731420769787 0.17004230618476868 146
1731420771227 0.22859565913677216 147
1731420772668 0.20453782379627228 148
1731420774108 0.2306339293718338 149
1731420775549 0.17974378168582916 150
1731420776992 0.211229145526886 151
1731420778432 0.21467958390712738 152
1731420779868 0.3139171004295349 153
1731420781311 0.2064797282218933 154
1731420782751 0.28776776790618896 155
1731420784191 0.20597586035728455 156
1731420785632 0.24373486638069153 157
1731420787078 0.16295048594474792 158
1731420788526 0.14555752277374268 159
1731420789970 0.23720663785934448 160
1731420791412 0.22861555218696594 161
1731420792850 0.20147958397865295 162
1731420794294 0.17413118481636047 163
1731420795738 0.21963965892791748 164
1731420797171 0.14967502653598785 165
1731420798616 0.24010753631591797 166
1731420800052 0.2970799207687378 167
1731420801487 0.16410920023918152 168
1731420802935 0.1842643916606903 169
1731420804381 0.19922395050525665 170
1731420805817 0.228568434715271 171
1731420807256 0.24759414792060852 172
1731420808688 0.20983333885669708 173
1731420810132 0.19417598843574524 174
1731420811582 0.2355087697505951 175
1731420813024 0.1731843650341034 176
1731420814473 0.2187427580356598 177
1731420815915 0.19821706414222717 178
1731420817367 0.1938742995262146 179
1731420818806 0.2411792278289795 180
1731420820243 0.18843626976013184 181
1731420821675 0.207874596118927 182
1731420823114 0.1866065263748169 183
1731420824570 0.3027675747871399 184
1731420826009 0.17221130430698395 185
1731420827462 0.2495286464691162 186
1731420828895 0.1783457100391388 187
