1728695410074 0.15359771251678467 1
1728695410733 0.13526032865047455 2
1728695411359 0.15806958079338074 3
1728695411977 0.18657144904136658 4
1728695412600 0.21144486963748932 5
1728695413219 0.13873009383678436 6
1728695413831 0.164212167263031 7
1728695414453 0.22640305757522583 8
1728695415079 0.03163297101855278 9
1728695415695 0.18156009912490845 10
1728695416328 0.13813085854053497 11
1728695416975 0.12297467887401581 12
1728695417595 0.06378774344921112 13
1728695418215 0.23532618582248688 14
1728695418841 0.17288126051425934 15
1728695419460 0.26440319418907166 16
1728695420075 0.12255416810512543 17
1728695420700 0.009807744063436985 18
1728695421327 0.1418764591217041 19
1728695421945 0.10399077087640762 20
1728695422565 0.9119023084640503 21
1728695423192 0.17866072058677673 22
1728695423837 0.26023170351982117 23
1728695424465 0.16178728640079498 24
1728695425084 0.18572238087654114 25
1728695425703 0.36330053210258484 26
1728695426335 0.20850339531898499 27
1728695426969 0.21934930980205536 28
1728695427604 0.20022878050804138 29
1728695428227 0.16704368591308594 30
1728695428846 0.2035183161497116 31
1728695429474 0.057916656136512756 32
1728695430096 0.19738690555095673 33
1728695430870 0.16535794734954834 34
1728695431496 0.28730547428131104 35
1728695432132 0.1653507798910141 36
1728695432747 0.13190773129463196 37
1728695433379 0.15306980907917023 38
1728695434001 0.12883047759532928 39
1728695434614 0.2398727685213089 40
1728695435228 0.2867452800273895 41
1728695435843 0.028101930394768715 42
1728695436455 0.15588557720184326 43
1728695437067 0.15005452930927277 44
1728695437691 0.10108081996440887 45
1728695438340 0.24533717334270477 46
1728695439084 0.17059184610843658 47
1728695439690 0.08548577129840851 48
1728695440312 0.20449645817279816 49
1728695440950 0.12323180586099625 50
1728695441609 0.13440459966659546 51
1728695442254 0.1617985963821411 52
1728695442868 0.21322420239448547 53
1728695443488 0.13061299920082092 54
1728695444108 0.09723387658596039 55
1728695444741 0.22119206190109253 56
1728695445356 0.06744986772537231 57
1728695445975 0.15564826130867004 58
1728695446586 0.15861442685127258 59
1728695447214 0.18275292217731476 60
1728695447838 0.135250985622406 61
1728695448466 0.14771543443202972 62
1728695449098 0.021499797701835632 63
1728695449720 0.17871317267417908 64
1728695450350 0.3082491159439087 65
1728695450968 0.10710787773132324 66
1728695451586 0.06691241264343262 67
1728695452247 0.20861275494098663 68
1728695452867 0.22005786001682281 69
1728695453502 0.12915277481079102 70
1728695454124 0.3887195587158203 71
1728695454758 0.1180737167596817 72
1728695455389 0.19044116139411926 73
1728695456017 0.05066012591123581 74
1728695456643 0.16776879131793976 75
1728695457263 0.15806959569454193 76
1728695457895 0.13785918056964874 77
1728695458515 0.17975647747516632 78
1728695459140 0.19817258417606354 79
1728695459766 0.15737049281597137 80
1728695460402 0.029647668823599815 81
1728695461016 0.147776260972023 82
1728695461639 0.20722344517707825 83
1728695462271 0.17341576516628265 84
1728695462901 0.010823797434568405 85
1728695463530 0.13984666764736176 86
1728695464153 0.21357512474060059 87
1728695464773 0.1710595041513443 88
1728695465400 0.12251150608062744 89
1728695466030 0.19919940829277039 90
1728695466651 0.155088871717453 91
1728695467265 0.06318806111812592 92
1728695467899 0.22601062059402466 93
1728695468526 0.1540326625108719 94
1728695469158 0.2352452278137207 95
1728695469778 0.12321027368307114 96
1728695470390 0.27287134528160095 97
1728695471001 0.11511106044054031 98
1728695471622 0.2230527400970459 99
1728695472244 0.2159556746482849 100
1728695472881 0.3863183557987213 101
1728695473503 0.08454208821058273 102
1728695474129 0.08131206035614014 103
1728695474902 0.37154433131217957 104
1728695475536 0.17149879038333893 105
1728695476169 0.18411286175251007 106
1728695476804 0.11428020149469376 107
1728695477436 0.13251462578773499 108
1728695478068 0.17132757604122162 109
1728695478772 0.10949862003326416 110
1728695479405 0.09457911550998688 111
1728695480024 0.18669870495796204 112
1728695480652 0.25630536675453186 113
1728695481264 0.0987779051065445 114
1728695481887 0.211702361702919 115
1728695482515 0.3457407057285309 116
1728695483130 0.19656908512115479 117
1728695483758 0.11847710609436035 118
1728695484384 0.24700909852981567 119
1728695485010 0.18566294014453888 120
1728695485645 0.4266798794269562 121
1728695486266 0.18256178498268127 122
1728695486895 0.28222906589508057 123
1728695487513 0.2940192222595215 124
1728695488148 0.34131065011024475 125
1728695488783 0.18603351712226868 126
1728695489413 0.11749310046434402 127
1728695490040 0.2738972306251526 128
1728695490657 0.16761533915996552 129
1728695491287 0.14432115852832794 130
1728695491914 0.1186295598745346 131
1728695492679 0.1998889297246933 132
1728695493289 0.12833604216575623 133
1728695493901 0.3098491132259369 134
1728695494520 0.1342773586511612 135
1728695495145 0.05373470485210419 136
1728695495759 0.2019292414188385 137
1728695496390 0.15732908248901367 138
1728695497021 0.15776842832565308 139
1728695497663 0.13933944702148438 140
1728695498283 0.2195436805486679 141
1728695498902 0.2235216349363327 142
1728695499522 0.16171212494373322 143
1728695500143 0.18180258572101593 144
1728695500765 0.17084550857543945 145
1728695501383 0.21053531765937805 146
1728695502004 0.18765167891979218 147
1728695502625 0.452392041683197 148
1728695503246 0.22005736827850342 149
1728695503883 0.10458546876907349 150
1728695504514 0.17605818808078766 151
1728695505140 0.2105504870414734 152
1728695505768 0.21590818464756012 153
1728695506388 0.23024331033229828 154
1728695507005 0.131771981716156 155
1728695507620 0.2516486942768097 156
1728695508245 0.10154692083597183 157
1728695508856 0.17962346971035004 158
1728695509472 0.09910470992326736 159
1728695510102 0.2196858525276184 160
1728695510723 0.14460095763206482 161
1728695511358 0.1286792755126953 162
1728695511981 0.22413897514343262 163
1728695512612 0.23350365459918976 164
1728695513244 0.21338658034801483 165
1728695513867 0.14086385071277618 166
1728695514608 0.19927555322647095 167
1728695515118 0.2809046804904938 168
1728695515754 0.23205862939357758 169
1728695516384 0.2140674591064453 170
1728695517022 0.04367741197347641 171
1728695517644 0.18630725145339966 172
1728695518270 0.1727864295244217 173
1728695518892 0.4203875958919525 174
1728695519527 0.3450096845626831 175
1728695520160 0.18790188431739807 176
1728695520780 0.17500166594982147 177
1728695521403 0.1151006743311882 178
1728695522032 0.08645882457494736 179
1728695522656 0.14611078798770905 180
1728695523278 0.1013820692896843 181
1728695523899 0.13285113871097565 182
1728695524514 0.2642773687839508 183
1728695525139 0.16900044679641724 184
1728695525768 0.1656608134508133 185
1728695526394 0.17390885949134827 186
1728695527039 0.08695744723081589 187
1728695527662 0.373874306678772 188
1728695528291 0.2275223731994629 189
1728695528917 0.17960725724697113 190
1728695529530 0.19649749994277954 191
1728695530153 0.05332520604133606 192
1728695530772 0.20440717041492462 193
1728695531384 0.15077422559261322 194
1728695531995 0.1700471043586731 195
1728695532618 0.20950767397880554 196
1728695533238 0.15345893800258636 197
1728695533850 0.30036354064941406 198
1728695534477 0.014809790998697281 199
1728695535090 0.23547516763210297 200
1728695535712 0.19145017862319946 201
1728695536342 0.18953220546245575 202
1728695536963 0.16273175179958344 203
1728695537593 0.1600232571363449 204
1728695538214 0.16913104057312012 205
1728695538865 0.1416427344083786 206
1728695539490 0.2024194300174713 207
1728695540118 0.10488659143447876 208
1728695540748 0.10609018057584763 209
1728695541370 0.2611493468284607 210
1728695541995 0.18885789811611176 211
1728695542617 0.33723682165145874 212
1728695543237 0.12966233491897583 213
1728695543851 0.24290718138217926 214
1728695544475 0.0679861307144165 215
1728695545108 0.05060898885130882 216
1728695545750 0.10828731954097748 217
1728695546371 0.1417047530412674 218
1728695546988 0.20829014480113983 219
1728695547602 0.09652678668498993 220
1728695548218 0.06656203418970108 221
1728695548852 0.11992205679416656 222
1728695549473 0.2239334136247635 223
1728695550091 0.1911316066980362 224
1728695550728 0.3492932915687561 225
1728695551342 0.05583355948328972 226
1728695551994 0.2043467015028 227
1728695552613 0.14152996242046356 228
1728695553227 0.005593420937657356 229
1728695553859 0.08878423273563385 230
1728695554477 0.19474925100803375 231
1728695555103 0.15076647698879242 232
1728695555743 0.08572648465633392 233
1728695556371 0.2184472382068634 234
1728695556995 0.29933100938796997 235
1728695557620 0.6590583920478821 236
1728695558252 0.2587812840938568 237
1728695558879 0.15476378798484802 238
1728695559501 0.1910419464111328 239
1728695560119 0.4209166467189789 240
1728695560730 0.14168882369995117 241
1728695561364 0.2076531946659088 242
1728695562008 0.23512917757034302 243
1728695562665 0.32281413674354553 244
1728695563294 0.23216761648654938 245
1728695563907 0.18318796157836914 246
1728695564528 0.1229337826371193 247
1728695565154 0.2341563105583191 248
1728695565785 0.16798587143421173 249
1728695566418 0.21430827677249908 250
1728695567038 0.1586202085018158 251
1728695567678 0.18110127747058868 252
1728695568322 0.16763350367546082 253
1728695568943 0.24264560639858246 254
1728695569595 0.16623874008655548 255
1728695570227 0.2188560962677002 256
1728695570854 0.1493939757347107 257
1728695571474 0.14950819313526154 258
1728695572102 0.22600074112415314 259
1728695572725 0.15333852171897888 260
1728695573354 0.2027379721403122 261
1728695573981 0.16511575877666473 262
1728695574593 0.3313450813293457 263
1728695575229 0.24298927187919617 264
1728695575858 0.19691282510757446 265
1728695576487 0.09939996153116226 266
1728695577114 0.19205808639526367 267
1728695577734 0.15720024704933167 268
1728695578380 0.5043671727180481 269
1728695579013 0.14591757953166962 270
1728695579647 0.17135761678218842 271
1728695580266 0.18217404186725616 272
1728695580886 0.15254345536231995 273
1728695581503 0.155033141374588 274
1728695582127 0.14401009678840637 275
1728695582747 0.12736329436302185 276
1728695583377 0.30922752618789673 277
1728695583996 0.18185146152973175 278
1728695584620 0.5014028549194336 279
1728695585233 0.33727550506591797 280
1728695585848 0.1032731682062149 281
1728695586472 0.21337617933750153 282
1728695587111 0.19280464947223663 283
1728695587745 0.21617630124092102 284
1728695588371 0.28019046783447266 285
1728695588992 0.23385901749134064 286
1728695589606 0.18873710930347443 287
1728695590230 0.15063847601413727 288
