1729157854576 0.16259777545928955 1
1729157858898 0.13296057283878326 2
1729157863241 0.18109941482543945 3
1729157867590 0.08796494454145432 4
1729157871963 0.12773185968399048 5
1729157876330 0.1672615110874176 6
1729157880698 0.15329015254974365 7
1729157885074 0.11562925577163696 8
1729157889447 0.15982750058174133 9
1729157893832 0.09708307683467865 10
1729157898229 0.08619987219572067 11
1729157902602 0.1447976678609848 12
1729157906998 0.1576942503452301 13
1729157911411 0.13546347618103027 14
1729157915807 0.15192042291164398 15
1729157920233 0.08468940109014511 16
1729157924629 0.09347118437290192 17
1729157929026 0.2536357641220093 18
1729157933422 0.10965445637702942 19
1729157937825 0.1293950080871582 20
1729157942233 0.17861609160900116 21
1729157946638 0.10048264265060425 22
1729157951041 0.0929916650056839 23
1729157955450 0.08634895086288452 24
1729157959886 0.13824236392974854 25
1729157964276 0.16318631172180176 26
1729157968672 0.11054568737745285 27
1729157973075 0.17323914170265198 28
1729157977473 0.13549891114234924 29
1729157981873 0.09836851060390472 30
1729157986278 0.20476296544075012 31
1729157990676 0.11040610074996948 32
1729157995072 0.08240987360477448 33
1729157999489 0.10983028262853622 34
1729158003889 0.1822812557220459 35
1729158008285 0.0720299705862999 36
1729158012694 0.1311928927898407 37
1729158017097 0.10134387761354446 38
1729158021506 0.07774365693330765 39
1729158025923 0.17340296506881714 40
1729158030329 0.07141365110874176 41
1729158034736 0.095033198595047 42
1729158039135 0.16873256862163544 43
1729158043562 0.13995692133903503 44
1729158047974 0.09264109283685684 45
1729158052389 0.09813560545444489 46
1729158056806 0.13750989735126495 47
1729158061197 0.10159207880496979 48
1729158065620 0.1609230786561966 49
1729158070033 0.10996473580598831 50
1729158074442 0.14162027835845947 51
1729158078844 0.12411455810070038 52
1729158083239 0.12128148972988129 53
1729158087624 0.06193885952234268 54
1729158092020 0.14818063378334045 55
1729158096434 0.12346428632736206 56
1729158100843 0.15385174751281738 57
1729158105227 0.0660717785358429 58
1729158109658 0.1242818832397461 59
1729158114078 0.11698981374502182 60
1729158118489 0.09428267180919647 61
1729158122887 0.10152310132980347 62
1729158127274 0.1765701174736023 63
1729158131680 0.1119309514760971 64
1729158136068 0.0950416624546051 65
1729158140481 0.08079899847507477 66
1729158144882 0.14326617121696472 67
1729158149291 0.0917368233203888 68
1729158153691 0.35963332653045654 69
1729158158068 0.06760260462760925 70
1729158162469 0.05956420302391052 71
1729158166876 0.12964940071105957 72
1729158171263 0.09429386258125305 73
1729158175667 0.11503155529499054 74
1729158180070 0.10477760434150696 75
1729158184471 0.10649624466896057 76
1729158188878 0.0964059829711914 77
1729158193299 0.1519874483346939 78
1729158197694 0.09828446060419083 79
1729158202086 0.1963842511177063 80
1729158206511 0.08320178836584091 81
1729158210912 0.1369781792163849 82
1729158215318 0.10296149551868439 83
1729158219724 0.1271631419658661 84
1729158224122 0.10823647677898407 85
1729158228533 0.11623400449752808 86
1729158232922 0.04312658682465553 87
1729158237339 0.0878274142742157 88
1729158241735 0.08675886690616608 89
1729158246134 0.07026958465576172 90
1729158250540 0.09169914573431015 91
1729158254945 0.0739363580942154 92
1729158259341 0.06398551166057587 93
1729158263752 0.1295834183692932 94
1729158268175 0.09284483641386032 95
1729158272579 0.12190203368663788 96
1729158277000 0.18816280364990234 97
1729158281403 0.13518299162387848 98
1729158285805 0.1425367295742035 99
1729158290205 0.1470513641834259 100
1729158294601 0.09046836197376251 101
1729158298998 0.059893205761909485 102
1729158303401 0.12284758687019348 103
1729158307814 0.08857503533363342 104
1729158312243 0.1238817572593689 105
1729158316657 0.12233592569828033 106
1729158321061 0.1638273447751999 107
1729158325473 0.09134753048419952 108
1729158329892 0.28504717350006104 109
1729158334302 0.12935349345207214 110
1729158338734 0.097468800842762 111
1729158343133 0.10195349156856537 112
1729158347518 0.09524848312139511 113
1729158351924 0.1940341293811798 114
1729158356336 0.09455130994319916 115
1729158360737 0.1390567123889923 116
1729158365142 0.17038670182228088 117
1729158369557 0.09837472438812256 118
1729158373975 0.08801241219043732 119
1729158378369 0.05732043832540512 120
1729158382768 0.07447440922260284 121
1729158387172 0.10566568374633789 122
1729158391584 0.09400822967290878 123
1729158395988 0.10443322360515594 124
1729158400364 0.08386833965778351 125
1729158404770 0.07249070703983307 126
1729158409174 0.0960955023765564 127
1729158413573 0.09129130840301514 128
1729158417996 0.11524124443531036 129
1729158422401 0.12335195392370224 130
1729158426795 0.0925457552075386 131
1729158431191 0.09512035548686981 132
1729158435583 0.10515177249908447 133
1729158439988 0.20169198513031006 134
1729158444378 0.07595665752887726 135
1729158448796 0.11992882192134857 136
1729158453198 0.17520344257354736 137
1729158457592 0.1104406788945198 138
1729158461995 0.15843653678894043 139
1729158466402 0.07715752720832825 140
1729158470807 0.1856485903263092 141
1729158475215 0.08428570628166199 142
1729158479600 0.0574963204562664 143
1729158484005 0.1431151181459427 144
1729158488418 0.10968898236751556 145
1729158492840 0.1675930768251419 146
1729158497249 0.10985849797725677 147
1729158501645 0.11713290959596634 148
1729158506050 0.17395325005054474 149
1729158510442 0.1086534708738327 150
1729158514879 0.10669242590665817 151
1729158519279 0.18989309668540955 152
1729158523676 0.08702918887138367 153
1729158528085 0.13952964544296265 154
1729158532486 0.095527783036232 155
1729158536901 0.10337898880243301 156
1729158541302 0.09997013211250305 157
1729158545699 0.10680314898490906 158
1729158550116 0.15262427926063538 159
1729158554514 0.06283438205718994 160
1729158558929 0.15207496285438538 161
1729158563327 0.09254825860261917 162
1729158567730 0.13158535957336426 163
1729158572154 0.11242900788784027 164
1729158576559 0.09425918757915497 165
1729158580962 0.09535939991474152 166
1729158585362 0.16193288564682007 167
1729158589768 0.10260609537363052 168
1729158594172 0.09771015495061874 169
1729158598586 0.10098473727703094 170
1729158602984 0.10623986274003983 171
1729158607380 0.08298154175281525 172
1729158611791 0.059401512145996094 173
1729158616198 0.12893569469451904 174
1729158620596 0.12192227691411972 175
1729158624996 0.08400118350982666 176
1729158629380 0.08811212331056595 177
1729158633777 0.10917948186397552 178
1729158638176 0.12222830951213837 179
1729158642583 0.09612096846103668 180
1729158646988 0.15562096238136292 181
1729158651395 0.09406307339668274 182
1729158655783 0.1568174958229065 183
1729158660181 0.07539796084165573 184
1729158664581 0.12316198647022247 185
1729158668983 0.13875529170036316 186
1729158673379 0.07276946306228638 187
1729158677770 0.1314947009086609 188
1729158682179 0.16865277290344238 189
1729158686571 0.08231113851070404 190
1729158690958 0.10316921025514603 191
1729158695363 0.10821602493524551 192
1729158699765 0.13942281901836395 193
1729158704167 0.08246064931154251 194
1729158708561 0.19659003615379333 195
1729158712956 0.10859501361846924 196
1729158717346 0.06934413313865662 197
1729158721738 0.10627822577953339 198
1729158726137 0.102715402841568 199
1729158730544 0.08072175085544586 200
1729158734938 0.3067651093006134 201
1729158739336 0.13822214305400848 202
1729158743724 0.11371363699436188 203
1729158748129 0.15278691053390503 204
1729158752514 0.14849619567394257 205
1729158756899 0.14186282455921173 206
1729158761307 0.29051560163497925 207
1729158765693 0.09475165605545044 208
1729158770083 0.07960405945777893 209
1729158774485 0.18542258441448212 210
1729158778891 0.11176808923482895 211
1729158783281 0.09876616299152374 212
1729158787679 0.09539805352687836 213
1729158792074 0.11280053108930588 214
1729158796483 0.13551321625709534 215
1729158800876 0.0489419661462307 216
1729158805277 0.0874624028801918 217
1729158809693 0.1311941295862198 218
1729158814083 0.13891607522964478 219
1729158818482 0.11372042447328568 220
1729158822880 0.0975228101015091 221
1729158827279 0.17478230595588684 222
1729158831687 0.10451127588748932 223
1729158836101 0.135614275932312 224
1729158840508 0.10049884021282196 225
1729158844909 0.0848393440246582 226
1729158849301 0.06045515090227127 227
1729158853714 0.10443073511123657 228
1729158858095 0.10714179277420044 229
1729158862489 0.11263060569763184 230
1729158866902 0.10786843299865723 231
1729158871310 0.12074476480484009 232
1729158875719 0.08632602542638779 233
1729158880120 0.1543424129486084 234
1729158884513 0.11164595186710358 235
1729158888910 0.10356302559375763 236
1729158893313 0.14087551832199097 237
1729158897726 0.10034455358982086 238
1729158902131 0.11154936999082565 239
1729158906527 0.10647621750831604 240
1729158910933 0.120709128677845 241
1729158915341 0.09761660546064377 242
1729158919748 0.07339295744895935 243
1729158924165 0.09877364337444305 244
1729158928575 0.11082497239112854 245
1729158932981 0.09763540327548981 246
1729158937385 0.13392630219459534 247
1729158941789 0.11875233054161072 248
1729158946191 0.09037616848945618 249
1729158950589 0.12826748192310333 250
1729158954974 0.12896640598773956 251
1729158959374 0.17116349935531616 252
1729158963781 0.07990630716085434 253
1729158968172 0.08226508647203445 254
1729158972574 0.19238460063934326 255
1729158976986 0.19544148445129395 256
1729158981385 0.1182059496641159 257
1729158985779 0.06057256460189819 258
1729158990188 0.09644436836242676 259
1729158994602 0.126290425658226 260
1729158998987 0.10256649553775787 261
1729159003380 0.13920551538467407 262
1729159007785 0.1256374716758728 263
1729159012184 0.1017642468214035 264
1729159016587 0.13285738229751587 265
1729159020983 0.08802814036607742 266
1729159025380 0.08916515111923218 267
1729159029793 0.10863467305898666 268
1729159034192 0.10163157433271408 269
1729159038593 0.07631222903728485 270
1729159042993 0.09908626973628998 271
1729159047383 0.09232334047555923 272
1729159051782 0.044382087886333466 273
1729159056195 0.15195369720458984 274
1729159060606 0.07436922937631607 275
1729159065021 0.07404037564992905 276
1729159069430 0.22460249066352844 277
1729159073833 0.09380298852920532 278
1729159078235 0.19120150804519653 279
1729159082642 0.08455981314182281 280
1729159087062 0.09166939556598663 281
1729159091470 0.13597960770130157 282
1729159095874 0.08735194802284241 283
1729159100290 0.12098146975040436 284
1729159104696 0.17896680533885956 285
1729159109097 0.10608743131160736 286
1729159113591 0.08700348436832428 287
1729159117990 0.1065119057893753 288
1729159122402 0.09105917811393738 289
1729159126799 0.11784285306930542 290
1729159131200 0.09637042135000229 291
1729159135606 0.08491434156894684 292
1729159140011 0.251667320728302 293
1729159144426 0.08880191296339035 294
1729159148819 0.13218346238136292 295
1729159153224 0.11141045391559601 296
1729159157630 0.058665379881858826 297
1729159162019 0.1726853847503662 298
1729159166452 0.17704828083515167 299
1729159170862 0.07812927663326263 300
1729159175270 0.20161579549312592 301
1729159179674 0.13269346952438354 302
1729159184064 0.09214329719543457 303
1729159188488 0.13470514118671417 304
1729159192897 0.15723001956939697 305
1729159197298 0.12235628068447113 306
1729159201697 0.1259315311908722 307
1729159206098 0.18562299013137817 308
1729159210514 0.10665925592184067 309
1729159214916 0.13105866312980652 310
1729159219305 0.06016812473535538 311
1729159223711 0.11444839835166931 312
1729159228105 0.0730559304356575 313
1729159232514 0.09259569644927979 314
1729159236916 0.16135980188846588 315
1729159241317 0.09187932312488556 316
1729159245695 0.0891823023557663 317
1729159250098 0.07571517676115036 318
1729159254513 0.0935894250869751 319
1729159258917 0.07393044233322144 320
1729159263314 0.14126627147197723 321
1729159267712 0.08654192090034485 322
1729159272136 0.08153201639652252 323
1729159276524 0.1230364516377449 324
1729159280926 0.07383573055267334 325
1729159285328 0.1092144250869751 326
1729159289736 0.10806748270988464 327
1729159294148 0.10093115270137787 328
1729159298554 0.1508929431438446 329
1729159302961 0.21508774161338806 330
1729159307387 0.1406501829624176 331
1729159311789 0.10526211559772491 332
1729159316199 0.08258336037397385 333
1729159320593 0.09793168306350708 334
1729159325006 0.11397181451320648 335
1729159329409 0.21123093366622925 336
1729159333804 0.10098080337047577 337
1729159338193 0.12289715558290482 338
1729159342585 0.1129845529794693 339
1729159346987 0.11700642853975296 340
1729159351402 0.060873061418533325 341
1729159355789 0.13705521821975708 342
1729159360185 0.10304021835327148 343
1729159364590 0.11455273628234863 344
1729159368986 0.14584621787071228 345
1729159373390 0.12699036300182343 346
1729159377801 0.07467625290155411 347
1729159382190 0.05150170624256134 348
1729159386584 0.0938977375626564 349
1729159390983 0.13059820234775543 350
1729159395387 0.1303635686635971 351
1729159399784 0.10604412853717804 352
1729159404184 0.055307403206825256 353
1729159408579 0.17452162504196167 354
1729159412970 0.07813185453414917 355
1729159417371 0.10691017657518387 356
1729159421774 0.23627182841300964 357
1729159426158 0.09122860431671143 358
1729159430553 0.17045053839683533 359
1729159434968 0.11485525965690613 360
1729159439393 0.07229916751384735 361
1729159443791 0.11109478771686554 362
1729159448196 0.1309421807527542 363
1729159452581 0.05130995437502861 364
1729159456993 0.12034451216459274 365
1729159461409 0.1768462061882019 366
1729159465804 0.044758886098861694 367
1729159470202 0.18976658582687378 368
1729159474596 0.147471621632576 369
1729159478999 0.1001041978597641 370
1729159483389 0.0838368684053421 371
1729159487793 0.08016104251146317 372
1729159492177 0.031079916283488274 373
1729159496571 0.14837825298309326 374
1729159500973 0.0872538834810257 375
1729159505384 0.1276986449956894 376
1729159509794 0.1132161021232605 377
1729159514195 0.4536793529987335 378
1729159518597 0.17067480087280273 379
1729159523004 0.11391375958919525 380
1729159527416 0.12811973690986633 381
1729159531821 0.09404576569795609 382
1729159536213 0.09294159710407257 383
1729159540619 0.09122651815414429 384
1729159545024 0.12300868332386017 385
1729159549434 0.10247661173343658 386
1729159553869 0.09505786746740341 387
1729159558260 0.08916153758764267 388
1729159562658 0.15831592679023743 389
1729159567061 0.1881023645401001 390
1729159571465 0.16126775741577148 391
1729159575872 0.1037832647562027 392
1729159580278 0.10372664779424667 393
1729159584682 0.14876830577850342 394
1729159589091 0.06175072491168976 395
1729159593490 0.13742071390151978 396
1729159597899 0.27102839946746826 397
1729159602295 0.23951056599617004 398
1729159606680 0.25894221663475037 399
1729159611079 0.11569979041814804 400
1729159615487 0.11694017052650452 401
1729159619898 0.1200655996799469 402
1729159624291 0.12509983777999878 403
1729159628674 0.12600207328796387 404
1729159633096 0.13527560234069824 405
1729159637495 0.07384337484836578 406
1729159641902 0.16305989027023315 407
1729159646296 0.15214292705059052 408
1729159650688 0.1209179013967514 409
1729159655093 0.10816478729248047 410
1729159659493 0.08668912947177887 411
1729159663909 0.17332758009433746 412
1729159668319 0.26907023787498474 413
1729159672715 0.23080599308013916 414
1729159677111 0.053265683352947235 415
1729159681540 0.09530068188905716 416
1729159685944 0.08981750905513763 417
1729159690342 0.3528962731361389 418
1729159694744 0.16877669095993042 419
1729159699151 0.07663954049348831 420
1729159703547 0.054053131490945816 421
1729159707959 0.1162017434835434 422
1729159712367 0.17609348893165588 423
1729159716764 0.1266283392906189 424
1729159721183 0.0950915589928627 425
1729159725596 0.1183893084526062 426
1729159730022 0.1776251494884491 427
1729159734418 0.08041095733642578 428
1729159738820 0.0952630564570427 429
1729159743235 0.23904845118522644 430
1729159747643 0.15426073968410492 431
1729159752066 0.14765611290931702 432
1729159756452 0.127278670668602 433
1729159760847 0.09731696546077728 434
1729159765259 0.17411735653877258 435
1729159769673 0.1375550627708435 436
1729159774080 0.11279492825269699 437
1729159778491 0.21430456638336182 438
1729159782888 0.11492472887039185 439
1729159787292 0.16598263382911682 440
1729159791702 0.13393457233905792 441
1729159796106 0.09017036855220795 442
1729159800520 0.05981326475739479 443
1729159804922 0.14222541451454163 444
1729159809320 0.14969795942306519 445
1729159813730 0.12837564945220947 446
1729159818142 0.1050194799900055 447
1729159822543 0.08707199990749359 448
1729159826946 0.22704057395458221 449
1729159831354 0.15073281526565552 450
1729159835748 0.14336024224758148 451
1729159840159 0.08429700136184692 452
1729159844572 0.10648486018180847 453
1729159848972 0.12495419383049011 454
1729159853376 0.09216859191656113 455
1729159857792 0.10887088626623154 456
1729159862200 0.07977892458438873 457
1729159866592 0.07820266485214233 458
1729159870994 0.09979039430618286 459
1729159875398 0.11762160062789917 460
1729159879813 0.11162684857845306 461
1729159884203 0.14300860464572906 462
1729159888613 0.106843501329422 463
1729159893023 0.17723926901817322 464
1729159897439 0.10747115314006805 465
1729159901835 0.06795866787433624 466
1729159906254 0.10720928013324738 467
1729159910661 0.08765317499637604 468
1729159915051 0.11295665800571442 469
1729159919449 0.12185350060462952 470
1729159923854 0.17640820145606995 471
1729159928255 0.10802730917930603 472
1729159932656 0.13242805004119873 473
1729159937046 0.14638112485408783 474
1729159941459 0.08232369273900986 475
1729159945865 0.12065445631742477 476
1729159950267 0.0995769053697586 477
1729159954674 0.13246795535087585 478
1729159959069 0.10966271162033081 479
1729159963472 0.08715621381998062 480
1729159967877 0.1512693613767624 481
1729159972282 0.16556628048419952 482
1729159976672 0.07660788297653198 483
1729159981087 0.1729406714439392 484
1729159985499 0.13330771028995514 485
1729159989893 0.1355615258216858 486
1729159994297 0.09246367961168289 487
1729159998714 0.09664013981819153 488
1729160003122 0.11420062184333801 489
1729160007557 0.09692741185426712 490
1729160011960 0.11177748441696167 491
1729160016368 0.15402403473854065 492
1729160020778 0.09811873733997345 493
1729160025178 0.08877319097518921 494
1729160029588 0.13476090133190155 495
1729160033988 0.11468011140823364 496
1729160038407 0.15829500555992126 497
1729160042814 0.06794916093349457 498
1729160047219 0.11313006281852722 499
1729160051619 0.09418705105781555 500
1729160056014 0.08351972699165344 501
1729160060416 0.12314573675394058 502
1729160064827 0.1720825731754303 503
1729160069236 0.10481888055801392 504
1729160073647 0.11142357438802719 505
1729160078039 0.2588113844394684 506
1729160082442 0.09466870874166489 507
1729160086823 0.06390254199504852 508
1729160091240 0.1577862799167633 509
1729160095643 0.07650720328092575 510
1729160100040 0.13260173797607422 511
1729160104435 0.09802253544330597 512
1729160108836 0.11295492202043533 513
1729160113244 0.12522932887077332 514
1729160117656 0.131342351436615 515
1729160122057 0.1601656973361969 516
1729160126458 0.10300426185131073 517
1729160130842 0.14249710738658905 518
1729160135262 0.17525821924209595 519
1729160139657 0.1048499271273613 520
1729160144054 0.18028920888900757 521
1729160148440 0.1024835854768753 522
1729160152835 0.11455269157886505 523
1729160157257 0.15903693437576294 524
1729160161656 0.07795290648937225 525
1729160166060 0.264568567276001 526
1729160170461 0.08209112286567688 527
1729160174857 0.09465277194976807 528
1729160179260 0.14777785539627075 529
1729160183672 0.1540982872247696 530
1729160188071 0.12398109585046768 531
1729160192484 0.11312263458967209 532
1729160196884 0.08690294623374939 533
1729160201284 0.15065327286720276 534
1729160205714 0.09331785887479782 535
1729160210120 0.12113659828901291 536
1729160214514 0.0814787745475769 537
1729160218887 0.05127264931797981 538
1729160223284 0.08242623507976532 539
1729160227687 0.08085212856531143 540
1729160232088 0.12988823652267456 541
1729160236484 0.11504148691892624 542
1729160240887 0.2037375271320343 543
1729160245307 0.08434315770864487 544
1729160249731 0.13808806240558624 545
1729160254140 0.17027373611927032 546
1729160258532 0.07133237272500992 547
1729160262920 0.10712406039237976 548
1729160267318 0.09276273101568222 549
1729160271741 0.17259913682937622 550
1729160276126 0.09986479580402374 551
1729160280522 0.17024138569831848 552
1729160284926 0.09427390992641449 553
1729160289326 0.09519258886575699 554
1729160293738 0.18148869276046753 555
1729160298131 0.07667601853609085 556
1729160302536 0.08808406442403793 557
1729160306938 0.13014844059944153 558
1729160311338 0.11682894825935364 559
1729160315737 0.13240952789783478 560
1729160320127 0.2972075939178467 561
1729160324538 0.14183968305587769 562
1729160328928 0.128156840801239 563
1729160333320 0.110666424036026 564
1729160337718 0.058977797627449036 565
1729160342114 0.11973467469215393 566
1729160346502 0.11360932886600494 567
1729160350899 0.0761568695306778 568
1729160355301 0.1568669229745865 569
1729160359702 0.0871785432100296 570
1729160364077 0.0273167472332716 571
1729160368477 0.09652358293533325 572
1729160372886 0.2390505075454712 573
1729160377292 0.1616283655166626 574
1729160381702 0.11506065726280212 575
1729160386116 0.1375846117734909 576
1729160390514 0.08184747397899628 577
1729160394946 0.09439888596534729 578
1729160399360 0.08779323101043701 579
1729160403760 0.14780208468437195 580
1729160408167 0.15890954434871674 581
1729160412566 0.14059029519557953 582
1729160416956 0.07934539020061493 583
1729160421338 0.10286161303520203 584
1729160425729 0.16236275434494019 585
1729160430141 0.11339007318019867 586
1729160434545 0.11978822201490402 587
1729160438947 0.13449563086032867 588
1729160443340 0.12162786722183228 589
1729160447740 0.08634999394416809 590
1729160452152 0.15605217218399048 591
1729160456561 0.14381325244903564 592
1729160460973 0.12188813835382462 593
1729160465374 0.12985646724700928 594
1729160469790 0.10041897743940353 595
1729160474209 0.14666186273097992 596
1729160478625 0.16068071126937866 597
1729160483022 0.1360255479812622 598
1729160487441 0.09528680145740509 599
1729160491849 0.1623310148715973 600
1729160496276 0.15316009521484375 601
1729160500696 0.13034085929393768 602
1729160505106 0.14671637117862701 603
1729160509494 0.04137922823429108 604
1729160513908 0.12535099685192108 605
1729160518319 0.06695451587438583 606
1729160522722 0.09880412369966507 607
1729160527128 0.06155731901526451 608
1729160531533 0.11664869636297226 609
1729160535933 0.20945781469345093 610
1729160540340 0.0790032148361206 611
1729160544762 0.11622418463230133 612
1729160549170 0.11202523112297058 613
1729160553581 0.1053415909409523 614
1729160558008 0.0837063416838646 615
1729160562409 0.08562871068716049 616
1729160566822 0.09377093613147736 617
1729160571211 0.031274791806936264 618
1729160575613 0.14289672672748566 619
1729160580007 0.11664386093616486 620
1729160584405 0.10037358105182648 621
1729160588814 0.11385355144739151 622
1729160593235 0.11266226321458817 623
1729160597668 0.16880978643894196 624
1729160602085 0.10640221834182739 625
1729160606494 0.09369546920061111 626
1729160610906 0.11652044206857681 627
1729160615305 0.09993578493595123 628
1729160619704 0.08850020915269852 629
1729160624104 0.09450804442167282 630
1729160628507 0.08717525750398636 631
1729160632925 0.10609552264213562 632
1729160637347 0.10956369340419769 633
1729160641766 0.10226162523031235 634
1729160646195 0.1758945882320404 635
1729160650596 0.09623593837022781 636
1729160655015 0.13309872150421143 637
1729160659415 0.1400243639945984 638
1729160663821 0.10676680505275726 639
1729160668218 0.10752096772193909 640
1729160672615 0.2174258679151535 641
1729160677036 0.16314828395843506 642
1729160681471 0.12779444456100464 643
1729160685878 0.09846999496221542 644
1729160690264 0.2725023627281189 645
1729160694676 0.10329382121562958 646
1729160699089 0.04531478136777878 647
1729160703509 0.11132931709289551 648
1729160707932 0.14522869884967804 649
1729160712336 0.09438329935073853 650
1729160716723 0.04491977393627167 651
1729160721131 0.15342789888381958 652
1729160725538 0.10515280067920685 653
1729160729937 0.12800973653793335 654
1729160734333 0.21373367309570312 655
1729160738738 0.14313621819019318 656
1729160743145 0.1577908843755722 657
1729160747555 0.11123203486204147 658
1729160751956 0.12478259950876236 659
1729160756356 0.11217762529850006 660
1729160760764 0.0733816996216774 661
1729160765159 0.10644218325614929 662
1729160769564 0.09946147352457047 663
1729160773963 0.06024487316608429 664
1729160778364 0.09279428422451019 665
1729160782770 0.40110576152801514 666
1729160787171 0.08372213691473007 667
1729160791565 0.07342305034399033 668
1729160795966 0.16986605525016785 669
1729160800360 0.104159876704216 670
1729160804792 0.16395530104637146 671
1729160809197 0.13202129304409027 672
1729160813601 0.06588907539844513 673
1729160817988 0.10690458863973618 674
1729160822405 0.12276235222816467 675
1729160826804 0.10302555561065674 676
1729160831235 0.1134357824921608 677
1729160835636 0.11349406093358994 678
1729160840047 0.10508286207914352 679
1729160844448 0.0679931640625 680
1729160848854 0.11040261387825012 681
1729160853288 0.10284948348999023 682
1729160857683 0.21084028482437134 683
1729160862082 0.08554263412952423 684
1729160866494 0.16675840318202972 685
1729160870898 0.1306174248456955 686
1729160875311 0.09397301822900772 687
1729160879712 0.1199340969324112 688
1729160884112 0.05377017334103584 689
1729160888527 0.11167491972446442 690
1729160892929 0.298189640045166 691
1729160897335 0.09523479640483856 692
1729160901732 0.1277521252632141 693
1729160906217 0.10139483958482742 694
1729160910637 0.1635291576385498 695
1729160915036 0.084409698843956 696
1729160919468 0.07723424583673477 697
1729160923852 0.1448342651128769 698
1729160928258 0.1246505081653595 699
1729160932660 0.10299694538116455 700
1729160937077 0.12757590413093567 701
1729160941488 0.11845147609710693 702
1729160945901 0.1863865852355957 703
1729160950334 0.12679129838943481 704
1729160954754 0.13555608689785004 705
1729160959173 0.1529751718044281 706
1729160963579 0.06835794448852539 707
1729160967982 0.1602102369070053 708
1729160972396 0.08666303753852844 709
1729160976792 0.1115904152393341 710
1729160981213 0.10911921411752701 711
1729160985633 0.14191408455371857 712
1729160990034 0.12175620347261429 713
1729160994432 0.0852406769990921 714
1729160998832 0.14317703247070312 715
1729161003238 0.12877143919467926 716
1729161007638 0.07547555863857269 717
1729161012047 0.08910200744867325 718
1729161016446 0.07811088114976883 719
1729161020853 0.09215569496154785 720
1729161025263 0.09389621019363403 721
1729161029668 0.08035843074321747 722
1729161034077 0.10962294042110443 723
1729161038484 0.10853824019432068 724
1729161042904 0.18041621148586273 725
1729161047306 0.03575889393687248 726
1729161051716 0.19004711508750916 727
1729161056112 0.15595778822898865 728
1729161060513 0.08587489277124405 729
1729161064909 0.08457742631435394 730
1729161069310 0.12650632858276367 731
1729161073710 0.07912331074476242 732
1729161078115 0.12483973801136017 733
1729161082521 0.14075493812561035 734
1729161086923 0.07074902951717377 735
1729161091330 0.10210717469453812 736
1729161095737 0.13123230636119843 737
1729161100149 0.12452063709497452 738
1729161104575 0.12001698464155197 739
1729161108997 0.34845247864723206 740
1729161113411 0.11017453670501709 741
1729161117808 0.0771765485405922 742
1729161122232 0.1408277302980423 743
1729161126653 0.2041907012462616 744
1729161131059 0.08321205526590347 745
1729161135460 0.12045158445835114 746
1729161139862 0.13309095799922943 747
1729161144273 0.14106519520282745 748
1729161148691 0.15676623582839966 749
1729161153117 0.10579043626785278 750
1729161157523 0.07897527515888214 751
1729161161923 0.08530858159065247 752
1729161166335 0.356428325176239 753
1729161170730 0.09286761283874512 754
1729161175138 0.1569179892539978 755
1729161179571 0.12892955541610718 756
1729161183970 0.09637390077114105 757
1729161188381 0.10056396573781967 758
1729161192795 0.144252210855484 759
1729161197203 0.0794757604598999 760
1729161201611 0.15493297576904297 761
1729161206018 0.12673000991344452 762
1729161210432 0.126321941614151 763
1729161214854 0.06989140063524246 764
1729161219285 0.10003121197223663 765
1729161223700 0.1145276129245758 766
1729161228117 0.11408017575740814 767
1729161232525 0.1023898646235466 768
1729161236931 0.11897905170917511 769
1729161241317 0.04871135577559471 770
1729161245726 0.09603015333414078 771
1729161250130 0.16853943467140198 772
1729161254534 0.11502404510974884 773
1729161258950 0.06723335385322571 774
1729161263362 0.1351238638162613 775
1729161267774 0.14802928268909454 776
1729161272167 0.05438118427991867 777
1729161276576 0.117960125207901 778
1729161280991 0.14083802700042725 779
1729161285397 0.12238204479217529 780
1729161289817 0.1999940574169159 781
1729161294220 0.11800455302000046 782
1729161298650 0.09159785509109497 783
1729161303059 0.1319035291671753 784
1729161307484 0.15683382749557495 785
1729161311880 0.09153798222541809 786
1729161316282 0.09487374871969223 787
1729161320718 0.07630976289510727 788
1729161325118 0.12696893513202667 789
1729161329519 0.08380061388015747 790
1729161333929 0.14757226407527924 791
1729161338338 0.12307508289813995 792
1729161342721 0.07601971924304962 793
1729161347119 0.17125019431114197 794
1729161351522 0.10611088573932648 795
1729161355930 0.09873268008232117 796
1729161360312 0.03958449885249138 797
1729161364724 0.10551491379737854 798
1729161369146 0.22663244605064392 799
1729161373561 0.16369882225990295 800
1729161377970 0.07501225173473358 801
1729161382375 0.10747648775577545 802
1729161386778 0.12693265080451965 803
1729161391189 0.08877304196357727 804
1729161395601 0.11307049542665482 805
1729161400020 0.13917924463748932 806
1729161404423 0.06527029722929001 807
1729161408840 0.24187695980072021 808
1729161413240 0.10682269930839539 809
1729161417625 0.08250704407691956 810
1729161422026 0.07432708889245987 811
1729161426453 0.12856940925121307 812
1729161430852 0.0734224021434784 813
1729161435255 0.12297995388507843 814
1729161439654 0.08345348387956619 815
1729161444079 0.1722780466079712 816
1729161448486 0.1262986958026886 817
1729161452891 0.09261272102594376 818
1729161457294 0.1166842132806778 819
1729161461702 0.08574999868869781 820
1729161466115 0.10099590569734573 821
1729161470520 0.09089089930057526 822
1729161474937 0.11722570657730103 823
1729161479346 0.11984441429376602 824
1729161483780 0.07238654792308807 825
1729161488191 0.08741270005702972 826
1729161492598 0.07990005612373352 827
1729161497017 0.10766378790140152 828
1729161501425 0.08643850684165955 829
1729161505842 0.13933420181274414 830
1729161510259 0.13691240549087524 831
1729161514665 0.09763680398464203 832
1729161519088 0.1527937948703766 833
1729161523520 0.11211209744215012 834
1729161527924 0.11402387917041779 835
1729161532334 0.1192534789443016 836
1729161536754 0.10689608752727509 837
1729161541181 0.11729027330875397 838
1729161545598 0.14002293348312378 839
1729161550021 0.09971964359283447 840
1729161554418 0.13408605754375458 841
1729161558811 0.12655098736286163 842
1729161563226 0.16722723841667175 843
1729161567640 0.10256356000900269 844
1729161572057 0.07876555621623993 845
1729161576449 0.12520262598991394 846
1729161580842 0.13535316288471222 847
1729161585267 0.24087464809417725 848
1729161589680 0.07851991057395935 849
1729161594077 0.06681108474731445 850
1729161598466 0.21580633521080017 851
1729161602851 0.1970643401145935 852
1729161607256 0.4520326852798462 853
1729161611679 0.14522533118724823 854
1729161616078 0.1758953034877777 855
1729161620472 0.11750798672437668 856
1729161624882 0.09468267858028412 857
1729161629284 0.09096062928438187 858
1729161633691 0.12864093482494354 859
1729161638122 0.1479169726371765 860
1729161642516 0.0943274050951004 861
1729161646928 0.09463252127170563 862
1729161651334 0.0840606838464737 863
1729161655752 0.07039767503738403 864
1729161660164 0.052938561886548996 865
1729161664555 0.07810930162668228 866
1729161668955 0.12228880077600479 867
1729161673374 0.14240700006484985 868
1729161677779 0.17325201630592346 869
1729161682187 0.09176322817802429 870
1729161686578 0.11028235405683517 871
1729161690978 0.3943118453025818 872
1729161695381 0.40064531564712524 873
1729161699810 0.159247487783432 874
1729161704222 0.10196708142757416 875
1729161708617 0.13399334251880646 876
1729161713025 0.15406593680381775 877
1729161717435 0.12465621531009674 878
1729161721857 0.08352673053741455 879
1729161726261 0.09466295689344406 880
1729161730670 0.12834855914115906 881
1729161735078 0.0914512425661087 882
1729161739488 0.10086042433977127 883
1729161743900 0.09224427491426468 884
1729161748318 0.14264363050460815 885
1729161752732 0.11102335155010223 886
1729161757126 0.11161121726036072 887
1729161761556 0.10851478576660156 888
1729161765979 0.11649349331855774 889
1729161770388 0.09785457700490952 890
1729161774800 0.0924854651093483 891
1729161779204 0.20631518959999084 892
1729161783617 0.08085449039936066 893
1729161788030 0.07149366289377213 894
1729161792444 0.06902021914720535 895
1729161796864 0.10694839060306549 896
1729161801271 0.18037965893745422 897
1729161805685 0.1224537119269371 898
1729161810094 0.04949115216732025 899
1729161814496 0.09717154502868652 900
1729161818928 0.117299385368824 901
1729161823327 0.09646966308355331 902
1729161827720 0.1815098226070404 903
1729161832128 0.09580264240503311 904
1729161836540 0.08492498099803925 905
1729161840953 0.035229481756687164 906
1729161845349 0.09757541865110397 907
1729161849745 0.07034263014793396 908
1729161854158 0.10554373264312744 909
1729161858588 0.20854216814041138 910
1729161863027 0.14973360300064087 911
1729161867464 0.14017263054847717 912
1729161871874 0.10005219280719757 913
1729161876277 0.2101328819990158 914
1729161880673 0.08734732866287231 915
1729161885075 0.07559172809123993 916
1729161889480 0.08923948556184769 917
1729161893881 0.16025987267494202 918
1729161898285 0.110006183385849 919
1729161902692 0.07139238715171814 920
1729161907097 0.102906234562397 921
1729161911505 0.09804292023181915 922
1729161915914 0.0699334591627121 923
1729161920325 0.13316088914871216 924
1729161924753 0.09285740554332733 925
1729161929139 0.06287892162799835 926
1729161933527 0.08623337745666504 927
1729161937916 0.11613719165325165 928
1729161942327 0.10373498499393463 929
1729161946752 0.15648335218429565 930
1729161951147 0.12400013208389282 931
1729161955551 0.3129061460494995 932
1729161959958 0.14294245839118958 933
1729161964362 0.12902554869651794 934
1729161968785 0.128473699092865 935
1729161973199 0.1961880922317505 936
1729161977592 0.11618655920028687 937
1729161982004 0.13742724061012268 938
1729161986392 0.12254197895526886 939
1729161990810 0.11455051600933075 940
1729161995227 0.1190224140882492 941
1729161999640 0.11548654735088348 942
1729162004061 0.13565698266029358 943
1729162008461 0.1051895022392273 944
1729162012877 0.1226276308298111 945
1729162017292 0.11661352962255478 946
1729162021700 0.0835796445608139 947
1729162026110 0.10182172060012817 948
1729162030513 0.12648652493953705 949
1729162034950 0.09194459021091461 950
1729162039360 0.07210376858711243 951
1729162043761 0.10775461047887802 952
1729162048160 0.5079893469810486 953
1729162052567 0.12413757294416428 954
1729162056993 0.1570294350385666 955
1729162061408 0.05661453306674957 956
1729162065819 0.20376922190189362 957
1729162070229 0.2082546502351761 958
1729162074620 0.10714578628540039 959
1729162079033 0.10159744322299957 960
1729162083445 0.09373404085636139 961
1729162087849 0.07957273721694946 962
1729162092247 0.09064926207065582 963
1729162096645 0.14386382699012756 964
1729162101060 0.10908888280391693 965
1729162105467 0.33715346455574036 966
1729162109862 0.10233249515295029 967
1729162114262 0.15610194206237793 968
1729162118663 0.18744777143001556 969
1729162123087 0.08831307291984558 970
1729162127500 0.06737885624170303 971
1729162131900 0.09612098336219788 972
1729162136292 0.09012123942375183 973
1729162140693 0.0945037454366684 974
1729162145090 0.04955873638391495 975
1729162149506 0.1198047325015068 976
1729162153892 0.09295937418937683 977
1729162158283 0.1290406584739685 978
1729162162681 0.13193204998970032 979
1729162167098 0.117921382188797 980
1729162171505 0.23787862062454224 981
1729162175914 0.21149346232414246 982
1729162180327 0.1375267505645752 983
1729162184726 0.0760108083486557 984
1729162189126 0.11755562573671341 985
1729162193524 0.0902223289012909 986
1729162197908 0.097153440117836 987
1729162202313 0.17533287405967712 988
1729162206713 0.19289761781692505 989
1729162211105 0.06587274372577667 990
1729162215522 0.15317213535308838 991
1729162219923 0.1786787062883377 992
1729162224319 0.10704316198825836 993
1729162228700 0.07987342774868011 994
1729162233109 0.1825350821018219 995
1729162237512 0.09825202822685242 996
1729162241900 0.05503521114587784 997
1729162246289 0.16792316734790802 998
1729162250675 0.06772053241729736 999
1729162255097 0.12363840639591217 1000
1729162450012 0.14695017039775848 1001
1729162454409 0.11402323096990585 1002
1729162458797 0.20124158263206482 1003
1729162463175 0.12138785421848297 1004
1729162467565 0.08357780426740646 1005
1729162471970 0.07910294830799103 1006
1729162476380 0.12801936268806458 1007
1729162480782 0.08539850264787674 1008
1729162485188 0.12969185411930084 1009
1729162489584 0.09466730803251266 1010
1729162493996 0.05895548313856125 1011
1729162498394 0.13806375861167908 1012
1729162502791 0.11174692213535309 1013
1729162507191 0.10677273571491241 1014
1729162511610 0.09796100854873657 1015
1729162516016 0.13884703814983368 1016
1729162520421 0.1874043494462967 1017
1729162524814 0.1454838663339615 1018
1729162529231 0.07135823369026184 1019
1729162533626 0.05595581978559494 1020
1729162538016 0.21092547476291656 1021
1729162542423 0.16947172582149506 1022
1729162546819 0.16464939713478088 1023
1729162551222 0.11145305633544922 1024
1729162555618 0.1412142813205719 1025
1729162560030 0.1668829768896103 1026
1729162564454 0.15154284238815308 1027
1729162568859 0.10241430997848511 1028
1729162573273 0.12413940578699112 1029
1729162577666 0.096430204808712 1030
1729162582071 0.1529216766357422 1031
1729162586475 0.0731637179851532 1032
1729162590875 0.11845088005065918 1033
1729162595285 0.08292883634567261 1034
1729162599714 0.12720711529254913 1035
1729162604115 0.07610919326543808 1036
1729162608528 0.12744170427322388 1037
1729162612944 0.13183805346488953 1038
1729162617358 0.13200896978378296 1039
1729162621771 0.12030556052923203 1040
1729162626203 0.16850078105926514 1041
1729162630632 0.09143280982971191 1042
1729162635064 0.09929467737674713 1043
1729162639488 0.11299851536750793 1044
1729162643904 0.12790937721729279 1045
1729162648337 0.1492016464471817 1046
1729162652758 0.0933167114853859 1047
1729162657182 0.06122921407222748 1048
1729162661608 0.08494961261749268 1049
1729162666034 0.0927514135837555 1050
1729162670458 0.11337967216968536 1051
1729162674892 0.11450660973787308 1052
1729162679319 0.08866044878959656 1053
1729162683757 0.1028311550617218 1054
1729162688181 0.1369849443435669 1055
1729162692605 0.062432803213596344 1056
1729162697042 0.10684527456760406 1057
1729162701465 0.10582992434501648 1058
1729162705891 0.10421891510486603 1059
1729162710310 0.13832174241542816 1060
1729162714736 0.11567021906375885 1061
1729162719170 0.2723037898540497 1062
1729162723607 0.18037930130958557 1063
1729162728057 0.08794564008712769 1064
1729162732487 0.06894604861736298 1065
1729162736911 0.12267296016216278 1066
1729162741354 0.11348265409469604 1067
1729162745781 0.09885100275278091 1068
1729162750222 0.1241016536951065 1069
1729162754650 0.13500027358531952 1070
1729162759061 0.027675798162817955 1071
1729162763479 0.13589362800121307 1072
1729162767906 0.07741449773311615 1073
1729162772338 0.09535816311836243 1074
1729162776771 0.11359574645757675 1075
1729162781202 0.13037747144699097 1076
1729162785632 0.053755421191453934 1077
1729162790054 0.19457048177719116 1078
1729162794496 0.08082745224237442 1079
1729162798924 0.07958678901195526 1080
1729162803357 0.057993434369564056 1081
1729162807797 0.10121539235115051 1082
1729162812224 0.06369214504957199 1083
1729162816651 0.10165808349847794 1084
1729162821070 0.09568984806537628 1085
1729162825495 0.2343471348285675 1086
1729162829923 0.18461531400680542 1087
1729162834339 0.08728750795125961 1088
1729162838775 0.14407910406589508 1089
1729162843202 0.13583862781524658 1090
1729162847630 0.08366569876670837 1091
1729162852069 0.09163117408752441 1092
1729162856498 0.08127101510763168 1093
