1728696808832 0.15359771251678467 1
1728696809498 0.13525982201099396 2
1728696810131 0.15806463360786438 3
1728696810748 0.18657346069812775 4
1728696811373 0.21144242584705353 5
1728696811996 0.13872729241847992 6
1728696812611 0.16421882808208466 7
1728696813225 0.22638623416423798 8
1728696813851 0.03163306415081024 9
1728696814472 0.181521937251091 10
1728696815115 0.13812899589538574 11
1728696815754 0.1229751706123352 12
1728696816374 0.0637880340218544 13
1728696816997 0.2353287786245346 14
1728696817628 0.17289698123931885 15
1728696818239 0.2644181251525879 16
1728696818850 0.12255573272705078 17
1728696819485 0.00980802346020937 18
1728696820109 0.14188329875469208 19
1728696820729 0.10398329794406891 20
1728696821355 0.9118815660476685 21
1728696821984 0.17866931855678558 22
1728696822611 0.26023009419441223 23
1728696823233 0.16178035736083984 24
1728696823856 0.18572017550468445 25
1728696824474 0.3633083701133728 26
1728696825116 0.20850613713264465 27
1728696825751 0.1896873265504837 28
1728696826401 0.20249728858470917 29
1728696827023 0.1671343743801117 30
1728696827636 0.20356138050556183 31
1728696828268 0.057915668934583664 32
1728696828891 0.19711267948150635 33
1728696829685 0.16539287567138672 34
1728696830298 0.2873510420322418 35
1728696830936 0.1648564636707306 36
1728696831558 0.131921648979187 37
1728696832189 0.1531345546245575 38
1728696832805 0.12877051532268524 39
1728696833427 0.23967017233371735 40
1728696834041 0.28675779700279236 41
1728696834664 0.02808847278356552 42
1728696835277 0.1551988422870636 43
1728696835891 0.1492687612771988 44
1728696836517 0.10115306824445724 45
1728696837154 0.24526949226856232 46
1728696837910 0.17047731578350067 47
1728696838519 0.08529967814683914 48
1728696839139 0.20459596812725067 49
1728696839778 0.12339351326227188 50
1728696840401 0.13441702723503113 51
1728696841022 0.16150233149528503 52
1728696841653 0.2134392410516739 53
1728696842283 0.13041716814041138 54
1728696842895 0.09735242277383804 55
1728696843521 0.1543809324502945 56
1728696844145 0.08020912110805511 57
1728696844760 0.17604216933250427 58
1728696845373 0.20784910023212433 59
1728696846005 0.179731085896492 60
1728696846626 0.14965295791625977 61
1728696847254 0.1665233075618744 62
1728696847887 0.011071618646383286 63
1728696848519 0.17832231521606445 64
1728696849147 0.330941766500473 65
1728696849766 0.1296776980161667 66
1728696850388 0.10400569438934326 67
1728696851034 0.2057800590991974 68
1728696851655 0.1702646017074585 69
1728696852272 0.0971289873123169 70
1728696852886 0.1645476371049881 71
1728696853516 0.10879088938236237 72
1728696854151 0.1720956712961197 73
1728696854776 0.055701471865177155 74
1728696855409 0.27217620611190796 75
1728696856030 0.21956484019756317 76
1728696856661 0.06523673981428146 77
1728696857291 0.16547878086566925 78
1728696857922 0.18421632051467896 79
1728696858549 0.17710113525390625 80
1728696859172 0.061220817267894745 81
1728696859804 0.13520371913909912 82
1728696860440 0.22373944520950317 83
1728696861085 0.18348437547683716 84
1728696861750 0.010795303620398045 85
1728696862380 0.13576936721801758 86
1728696862998 0.22682590782642365 87
1728696863620 0.1809293031692505 88
