1728695175070 0.15359771251678467 1
1728695175744 0.13526208698749542 2
1728695176386 0.1580698937177658 3
1728695177017 0.18657143414020538 4
1728695177665 0.2114381045103073 5
1728695178306 0.13872694969177246 6
1728695178951 0.16421759128570557 7
1728695179600 0.2263810932636261 8
1728695180245 0.03163266181945801 9
1728695180881 0.1816406100988388 10
1728695181537 0.13812664151191711 11
1728695182194 0.12297283858060837 12
1728695182841 0.06378734856843948 13
1728695183470 0.23533137142658234 14
1728695184104 0.17290718853473663 15
1728695184728 0.26441365480422974 16
1728695185361 0.12255976349115372 17
1728695186021 0.00980762206017971 18
1728695186660 0.1418902575969696 19
1728695187283 0.1039939895272255 20
1728695187909 0.9118857979774475 21
1728695188545 0.17867809534072876 22
1728695189201 0.26021793484687805 23
1728695189873 0.16178350150585175 24
1728695190497 0.1857195645570755 25
1728695191127 0.36329951882362366 26
1728695191780 0.20850138366222382 27
1728695192428 0.21935045719146729 28
1728695193070 0.20023073256015778 29
1728695193708 0.16704332828521729 30
1728695194355 0.2035120278596878 31
1728695194995 0.057916656136512756 32
1728695195622 0.19738632440567017 33
1728695196445 0.1653631031513214 34
1728695197131 0.2872994840145111 35
1728695197784 0.16534850001335144 36
1728695198432 0.13190169632434845 37
1728695199076 0.15307402610778809 38
1728695199699 0.12883438169956207 39
1728695200320 0.2398649901151657 40
1728695200958 0.2867185175418854 41
1728695201578 0.028101757168769836 42
1728695202206 0.15588583052158356 43
1728695202829 0.1500646322965622 44
1728695203461 0.10108480602502823 45
1728695204125 0.24533261358737946 46
1728695204883 0.1706051081418991 47
1728695205496 0.08549011498689651 48
1728695206121 0.20451681315898895 49
1728695206782 0.12322555482387543 50
1728695207422 0.13440386950969696 51
1728695208069 0.1618025302886963 52
1728695208698 0.21321696043014526 53
1728695209340 0.13061271607875824 54
1728695209977 0.09723356366157532 55
1728695210647 0.22118841111660004 56
1728695211300 0.06745274364948273 57
1728695211933 0.155650332570076 58
1728695212561 0.15863315761089325 59
1728695213233 0.18276949226856232 60
1728695213918 0.1352453976869583 61
1728695214596 0.14771533012390137 62
1728695215308 0.021500544622540474 63
1728695215955 0.1787111759185791 64
1728695216646 0.30825063586235046 65
1728695217306 0.10710880160331726 66
1728695217962 0.06689981371164322 67
1728695218645 0.20860441029071808 68
1728695219276 0.22005492448806763 69
1728695219917 0.12914949655532837 70
1728695220550 0.3886684477329254 71
1728695221196 0.11807701736688614 72
1728695221876 0.1904459297657013 73
1728695222515 0.05066286399960518 74
1728695223171 0.1677558273077011 75
1728695223811 0.1580152064561844 76
1728695224461 0.13786247372627258 77
1728695225137 0.17975006997585297 78
1728695225796 0.19816851615905762 79
1728695226464 0.15737223625183105 80
1728695227117 0.02965538762509823 81
1728695227752 0.1477784663438797 82
1728695228391 0.2072228342294693 83
1728695229067 0.173414945602417 84
1728695229756 0.010823696851730347 85
1728695230424 0.13984380662441254 86
1728695231066 0.2135777771472931 87
1728695231693 0.17105476558208466 88
1728695232324 0.1225091889500618 89
1728695232992 0.19920794665813446 90
1728695233644 0.1550866961479187 91
1728695234266 0.06319573521614075 92
1728695234926 0.2260204702615738 93
1728695235569 0.15402470529079437 94
1728695236226 0.23528507351875305 95
1728695236857 0.12320823222398758 96
1728695237496 0.2729159891605377 97
1728695238127 0.11511143296957016 98
1728695238793 0.22304370999336243 99
1728695239440 0.21594363451004028 100
1728695240096 0.3861808180809021 101
1728695240734 0.08454837650060654 102
1728695241406 0.0813051089644432 103
1728695242179 0.3715183734893799 104
1728695242867 0.17150051891803741 105
1728695243533 0.18411372601985931 106
1728695244172 0.11428087204694748 107
1728695244818 0.13251885771751404 108
1728695245489 0.17132343351840973 109
1728695246234 0.10949767380952835 110
1728695246896 0.0945766344666481 111
1728695247530 0.18669597804546356 112
1728695248182 0.2563025653362274 113
1728695248813 0.09876696020364761 114
1728695249464 0.21169312298297882 115
1728695250143 0.3458188474178314 116
1728695250783 0.19657231867313385 117
1728695251440 0.11847509443759918 118
1728695252078 0.24701093137264252 119
1728695252736 0.18566522002220154 120
1728695253501 0.4268001317977905 121
1728695254139 0.18258772790431976 122
1728695254801 0.2822363078594208 123
1728695255440 0.2941899299621582 124
1728695256101 0.34129229187965393 125
1728695256749 0.18602357804775238 126
1728695257398 0.11747729778289795 127
1728695258049 0.2739030122756958 128
1728695258703 0.16761678457260132 129
1728695259341 0.14432233572006226 130
1728695260000 0.11862357705831528 131
1728695260757 0.19994543492794037 132
1728695261402 0.12832899391651154 133
1728695262024 0.30982881784439087 134
1728695262652 0.13427646458148956 135
1728695263362 0.05373629555106163 136
1728695264007 0.20193065702915192 137
1728695264676 0.15733784437179565 138
1728695265327 0.1577719897031784 139
1728695265979 0.13933387398719788 140
1728695266627 0.21954302489757538 141
1728695267254 0.223517045378685 142
1728695267898 0.1617155820131302 143
1728695268514 0.18180669844150543 144
1728695269123 0.17084580659866333 145
1728695269744 0.21053369343280792 146
1728695270384 0.18763577938079834 147
1728695271008 0.452377051115036 148
1728695271627 0.22007684409618378 149
1728695272258 0.10458439588546753 150
1728695272901 0.17608118057250977 151
1728695273529 0.2105330377817154 152
1728695274160 0.21589739620685577 153
1728695274776 0.23025380074977875 154
1728695275404 0.13177919387817383 155
1728695276038 0.25164997577667236 156
1728695276680 0.10154662281274796 157
1728695277292 0.17962339520454407 158
1728695277910 0.09910772740840912 159
1728695278544 0.21966992318630219 160
1728695279163 0.1446080207824707 161
1728695279804 0.1286768615245819 162
1728695280423 0.22413678467273712 163
1728695281061 0.23353195190429688 164
1728695281720 0.21337927877902985 165
1728695282342 0.14087168872356415 166
1728695283091 0.19927111268043518 167
1728695283595 0.28090065717697144 168
1728695284239 0.23206408321857452 169
1728695284876 0.214066281914711 170
1728695285502 0.043664079159498215 171
1728695286122 0.1862741857767105 172
1728695286739 0.1727689951658249 173
1728695287407 0.420013964176178 174
1728695288103 0.3449956476688385 175
1728695288739 0.18789559602737427 176
1728695289359 0.1749711036682129 177
1728695289990 0.11510741710662842 178
1728695290627 0.08645469695329666 179
1728695291258 0.14610806107521057 180
1728695291865 0.10137712955474854 181
1728695292480 0.13293085992336273 182
1728695293095 0.2642742693424225 183
1728695293708 0.169004425406456 184
1728695294343 0.16565442085266113 185
1728695294969 0.1739036589860916 186
1728695295604 0.08692782372236252 187
1728695296227 0.3739091753959656 188
1728695296853 0.2274920642375946 189
1728695297465 0.17961512506008148 190
1728695298076 0.19649668037891388 191
1728695298724 0.05331713706254959 192
1728695299337 0.2044035643339157 193
1728695299946 0.15078704059123993 194
1728695300569 0.17004218697547913 195
1728695301192 0.2095092535018921 196
1728695301811 0.15346598625183105 197
1728695302428 0.30029138922691345 198
1728695303050 0.014812681823968887 199
1728695303661 0.23547613620758057 200
1728695304286 0.19144926965236664 201
1728695304910 0.18950717151165009 202
1728695305521 0.1627434939146042 203
1728695306166 0.16002750396728516 204
1728695306789 0.16913580894470215 205
1728695307441 0.14164410531520844 206
1728695308079 0.2024262547492981 207
1728695308719 0.104880191385746 208
1728695309337 0.10608432441949844 209
1728695309956 0.2611600458621979 210
1728695310589 0.188863143324852 211
1728695311207 0.3372223675251007 212
1728695311825 0.12967249751091003 213
1728695312464 0.24290847778320312 214
1728695313103 0.06798874586820602 215
1728695313756 0.05060915648937225 216
1728695314385 0.10785477608442307 217
1728695315002 0.14170695841312408 218
1728695315616 0.20824244618415833 219
1728695316225 0.0965309590101242 220
1728695316833 0.06655846536159515 221
1728695317464 0.11999685317277908 222
1728695318078 0.22399337589740753 223
1728695318704 0.19117482006549835 224
1728695319335 0.3493403494358063 225
1728695319943 0.05583305284380913 226
1728695320601 0.20429426431655884 227
1728695321218 0.1414383202791214 228
1728695321829 0.00559435598552227 229
1728695322460 0.08879408985376358 230
1728695323080 0.19474852085113525 231
1728695323704 0.150757297873497 232
1728695324341 0.08572190254926682 233
1728695324969 0.218284010887146 234
1728695325596 0.2993333339691162 235
1728695326234 0.6589532494544983 236
1728695326886 0.25878065824508667 237
1728695327516 0.15488727390766144 238
1728695328127 0.1910398006439209 239
1728695328757 0.4207841455936432 240
1728695329379 0.14167849719524384 241
1728695330022 0.20763559639453888 242
1728695330669 0.2351631075143814 243
1728695331317 0.3195933401584625 244
1728695331942 0.2321641743183136 245
1728695332553 0.1831417679786682 246
1728695333169 0.1229240894317627 247
1728695333795 0.23415371775627136 248
1728695334428 0.16798171401023865 249
1728695335066 0.21434283256530762 250
1728695335682 0.15867701172828674 251
1728695336307 0.1810733824968338 252
1728695336955 0.16760683059692383 253
1728695337562 0.24259419739246368 254
1728695338231 0.16618064045906067 255
1728695338864 0.21886320412158966 256
1728695339490 0.1494118571281433 257
1728695340106 0.14952298998832703 258
1728695340736 0.2259334772825241 259
1728695341368 0.1533208191394806 260
1728695341993 0.20273001492023468 261
1728695342645 0.16510267555713654 262
1728695343264 0.33207571506500244 263
1728695343905 0.24298980832099915 264
1728695344532 0.19691069424152374 265
1728695345157 0.09900657087564468 266
1728695345791 0.19193890690803528 267
1728695346409 0.1572105437517166 268
1728695347039 0.5051729679107666 269
1728695347676 0.145875483751297 270
1728695348313 0.17133742570877075 271
1728695348930 0.18213659524917603 272
1728695349546 0.1525743007659912 273
1728695350162 0.15505634248256683 274
1728695350789 0.1440182328224182 275
1728695351398 0.12741123139858246 276
1728695352023 0.30814409255981445 277
1728695352641 0.18184611201286316 278
1728695353250 0.49934905767440796 279
1728695353860 0.33399534225463867 280
1728695354483 0.10321196913719177 281
1728695355105 0.2133682817220688 282
1728695355726 0.1926632523536682 283
1728695356366 0.21630914509296417 284
1728695356994 0.2806505560874939 285
1728695357611 0.23398253321647644 286
1728695358230 0.19029410183429718 287
1728695358867 0.15065500140190125 288
