1729509617886 0.18766459822654724 1
1729509619888 0.1476294994354248 2
1729509621148 0.28574931621551514 3
1729509622931 0.1895739883184433 4
1729509624751 0.18604156374931335 5
1729509626574 0.1955321580171585 6
1729509628400 0.20338407158851624 7
1729509629661 0.3470129370689392 8
1729509631470 0.20815730094909668 9
1729509633296 0.17021071910858154 10
1729509634565 0.2895061671733856 11
1729509636363 0.17940573394298553 12
1729509638191 0.18416579067707062 13
1729509640025 0.204964742064476 14
1729509641856 0.14707112312316895 15
1729509643692 0.18653486669063568 16
