1728899888018 0.08774904906749725 1
1728900079198 0.09474307298660278 2
1728900081518 0.09926814585924149 3
1728900083837 0.14907768368721008 4
1728900086155 0.09784365445375443 5
1728900088476 0.1129128634929657 6
1728900090796 0.12440119683742523 7
1728900093112 0.1717228889465332 8
1728900095431 0.07432202994823456 9
1728900097758 0.10029511153697968 10
1728900100085 0.0998813584446907 11
1728900102413 0.13587287068367004 12
1728900104742 0.060148172080516815 13
1728900107057 0.10635106265544891 14
1728900109378 0.07949164509773254 15
1728900111708 0.12666553258895874 16
1728900114032 0.15491938591003418 17
1728900116371 0.14269974827766418 18
1728900118697 0.24721524119377136 19
1728900121015 0.2619462311267853 20
1728900123331 0.13836148381233215 21
1728900125653 0.0692986249923706 22
1728900127973 0.08360521495342255 23
1728900130277 0.07153211534023285 24
1728900132595 0.08099474757909775 25
1728900134922 0.17547109723091125 26
1728900137239 0.09068050235509872 27
1728900139565 0.07883381098508835 28
1728900141896 0.07249235361814499 29
1728900144214 0.16869212687015533 30
1728900146537 0.11192953586578369 31
1728900148859 0.11303851753473282 32
1728900151173 0.056695904582738876 33
1728900153490 0.10919564962387085 34
1728900155811 0.013765818439424038 35
1728900158127 0.2760068476200104 36
1728900160435 0.08154192566871643 37
1728900162757 0.138168603181839 38
1728900165074 0.10057579725980759 39
1728900167395 0.02745506912469864 40
1728900169715 0.12231793999671936 41
1728900172038 0.1538703739643097 42
1728900174366 0.14129213988780975 43
1728900176690 0.17981930077075958 44
1728900178999 0.07425010204315186 45
1728900181320 0.03780730441212654 46
1728900183632 0.1390664428472519 47
1728900185947 0.03751952201128006 48
1728900188272 0.10223375260829926 49
1728900190589 0.10801879316568375 50
1728900192912 0.16089487075805664 51
1728900195237 0.08216158300638199 52
1728900197548 0.10498014837503433 53
1728900199860 0.031687378883361816 54
1728900202197 0.06562774628400803 55
1728900204516 0.09623593837022781 56
1728900206835 0.06037019193172455 57
1728900209160 0.07197228074073792 58
1728900211493 0.15011422336101532 59
1728900213815 0.08079887926578522 60
1728900216133 0.2019403576850891 61
1728900218448 0.07178226113319397 62
1728900220769 0.1296667456626892 63
1728900223086 0.054576605558395386 64
1728900225420 0.12417030334472656 65
1728900227738 0.12503266334533691 66
1728900230062 0.30508238077163696 67
1728900232390 0.03691384196281433 68
1728900234715 0.05641379579901695 69
1728900237032 0.14796319603919983 70
1728900239370 0.08178085088729858 71
1728900241693 0.13415981829166412 72
1728900244013 0.0733233243227005 73
1728900246345 0.10391660034656525 74
1728900248668 0.0910949856042862 75
1728900250993 0.10990796983242035 76
1728900253322 0.0708022490143776 77
1728900255650 0.05514416843652725 78
1728900257970 0.11152723431587219 79
1728900260304 0.32281920313835144 80
1728900262624 0.07410554587841034 81
1728900264954 0.06994061917066574 82
1728900267299 0.1382189691066742 83
1728900269628 0.1326361447572708 84
1728900271953 0.06821511685848236 85
1728900274287 0.10586728155612946 86
1728900276614 0.14108683168888092 87
1728900278946 0.19062665104866028 88
1728900281279 0.10570791363716125 89
1728900283611 0.08629059791564941 90
1728900285943 0.15404395759105682 91
1728900288271 0.12707403302192688 92
1728900290604 0.08724701404571533 93
1728900292925 0.056711699813604355 94
1728900295253 0.06770884990692139 95
1728900297579 0.09048628807067871 96
1728900299906 0.08336497098207474 97
1728900302240 0.13751894235610962 98
1728900304567 0.0985654816031456 99
1728900306897 0.0997682511806488 100
1728900309225 0.06855329871177673 101
1728900311566 0.13866841793060303 102
1728900313904 0.09779244661331177 103
1728900316224 0.13698351383209229 104
1728900318543 0.046274907886981964 105
1728900320879 0.08360559493303299 106
1728900323207 0.06178222596645355 107
1728900325544 0.08801449835300446 108
1728900327865 0.04749390110373497 109
1728900330195 0.07016979157924652 110
1728900332538 0.20013326406478882 111
1728900334882 0.13955014944076538 112
1728900337207 0.025341883301734924 113
1728900339526 0.0786534920334816 114
1728900341850 0.10580214858055115 115
1728900344181 0.10551159828901291 116
1728900346508 0.05546006187796593 117
1728900348844 0.0826268270611763 118
1728900351169 0.12420442700386047 119
1728900353496 0.07414492219686508 120
1728900355825 0.125284805893898 121
1728900358146 0.18123865127563477 122
1728900360462 0.10161049664020538 123
1728900362787 0.08510656654834747 124
1728900365116 0.14396584033966064 125
1728900367450 0.14045968651771545 126
1728900369780 0.04148832708597183 127
1728900372109 0.05114773288369179 128
1728900374436 0.08660533279180527 129
1728900376783 0.09451393783092499 130
1728900379112 0.06717749685049057 131
1728900381434 0.10531825572252274 132
1728900383769 0.11684650182723999 133
1728900386095 0.0839184895157814 134
1728900388416 0.1651129126548767 135
1728900390748 0.14156727492809296 136
1728900393082 0.14363348484039307 137
1728900395429 0.20148810744285583 138
1728900397759 0.07685665786266327 139
1728900400102 0.09796519577503204 140
1728900402424 0.08254256844520569 141
1728900404749 0.17991076409816742 142
1728900407088 0.12984874844551086 143
1728900409408 0.06357766687870026 144
1728900411725 0.11177270114421844 145
1728900414064 0.10049811750650406 146
1728900416389 0.15780125558376312 147
1728900418709 0.06916777789592743 148
1728900421043 0.09198935329914093 149
1728900423370 0.10877764225006104 150
1728900425690 0.10072730481624603 151
1728900428021 0.010478617623448372 152
1728900430345 0.08592894673347473 153
1728900432670 0.1406753957271576 154
1728900434996 0.07564939558506012 155
1728900437328 0.11800236999988556 156
1728900439658 0.16779908537864685 157
1728900441983 0.06443042308092117 158
1728900444312 0.10705898702144623 159
1728900446648 0.0794348418712616 160
1728900448973 0.364032119512558 161
1728900451305 0.06846235692501068 162
1728900453627 0.0727691650390625 163
1728900455966 0.14297039806842804 164
1728900458288 0.10431905090808868 165
1728900460624 0.11498433351516724 166
1728900462961 0.08552549034357071 167
1728900465286 0.07609722018241882 168
1728900467611 0.17670804262161255 169
1728900469946 0.06504473835229874 170
1728900472275 0.0964784026145935 171
1728900474597 0.07477816194295883 172
1728900476932 0.12543046474456787 173
1728900479248 0.09287205338478088 174
1728900481567 0.13486258685588837 175
1728900483905 0.06264150142669678 176
1728900486227 0.09742340445518494 177
1728900488545 0.05208500102162361 178
1728900490884 0.08434510231018066 179
1728900493209 0.11374296993017197 180
1728900495543 0.12254280596971512 181
1728900497868 0.1020086407661438 182
1728900500196 0.05495145171880722 183
1728900502528 0.18579202890396118 184
1728900504859 0.14489316940307617 185
1728900507178 0.26468321681022644 186
1728900509506 0.07210943102836609 187
1728900511828 0.06113860756158829 188
1728900514147 0.08376142382621765 189
1728900516472 0.14470455050468445 190
1728900518809 0.11556084454059601 191
1728900521244 0.12005484849214554 192
1728900523570 0.3385421633720398 193
1728900525893 0.07813259214162827 194
1728900528214 0.05089818686246872 195
1728900530529 0.060962047427892685 196
