1728714840519 0.11505086719989777 1
1728714844739 0.2408372163772583 2
1728714848952 0.11171118915081024 3
1728714853189 0.1470446139574051 4
1728714857436 0.29228246212005615 5
1728714861685 0.148418128490448 6
1728714865941 0.15273204445838928 7
1728714870201 0.060964521020650864 8
1728714874470 0.18041539192199707 9
1728714878739 0.13382980227470398 10
1728714883015 0.12912985682487488 11
1728714887298 0.25144487619400024 12
1728714891579 0.09739705920219421 13
1728714895847 0.01968235895037651 14
1728714900138 0.42645788192749023 15
1728714904433 0.12214744091033936 16
1728714908722 0.11314350366592407 17
1728714913018 0.13626202940940857 18
1728714917316 0.20905324816703796 19
1728714921616 0.15585589408874512 20
1728714925917 0.1851852834224701 21
1728714930216 0.09647603332996368 22
1728714934516 0.10031500458717346 23
1728714938809 0.10736504942178726 24
1728714943115 0.13229112327098846 25
1728714947423 0.13740697503089905 26
1728714951736 0.35174334049224854 27
1728714956039 0.09618036448955536 28
1728714960345 0.12144871056079865 29
1728714964648 0.03655729815363884 30
1728714968965 0.19662946462631226 31
1728714973264 0.10161134600639343 32
1728714977565 0.11210618168115616 33
1728714981868 0.1168818473815918 34
1728714986165 0.1812862902879715 35
1728714990472 0.13702107965946198 36
1728714994783 0.24808748066425323 37
1728714999078 0.1385098695755005 38
1728715003387 0.21393358707427979 39
1728715007690 0.14235571026802063 40
1728715011991 0.28397148847579956 41
1728715016294 0.1403786540031433 42
1728715020598 0.2927446663379669 43
1728715024907 0.18595942854881287 44
1728715029221 0.0813530683517456 45
1728715033533 0.6232703924179077 46
1728715037823 0.01708132214844227 47
1728715042132 0.0871969535946846 48
1728715046417 0.19590339064598083 49
1728715050698 0.1100260466337204 50
1728715054995 0.1553409844636917 51
1728715059317 0.2138868272304535 52
1728715063616 0.19505208730697632 53
1728715067918 0.12288448959589005 54
1728715072234 0.42439955472946167 55
1728715076550 0.2764219045639038 56
1728715080861 0.08922789990901947 57
1728715085168 0.11970005184412003 58
1728715089471 0.12608960270881653 59
1728715093778 0.5738869905471802 60
1728715098075 0.0706464946269989 61
1728715102363 0.01398165337741375 62
1728715106670 0.20877602696418762 63
1728715110984 0.36393165588378906 64
1728715115290 0.14647775888442993 65
1728715119596 0.20730061829090118 66
1728715123909 0.3171723484992981 67
1728715128219 0.1130964607000351 68
1728715132524 0.1641010046005249 69
1728715136832 0.30263400077819824 70
1728715141145 0.21080023050308228 71
1728715145457 0.1108914315700531 72
1728715149771 0.8090625405311584 73
1728715154071 0.1334853172302246 74
1728715158372 0.08185568451881409 75
1728715162673 0.11575727164745331 76
1728715166983 0.11304177343845367 77
1728715171289 0.3002922534942627 78
1728715175589 0.10622137784957886 79
1728715179910 0.24667859077453613 80
1728715184223 0.15929967164993286 81
1728715188511 0.01631329022347927 82
1728715192810 0.14701859652996063 83
1728715197122 0.1932363510131836 84
1728715201434 0.28864583373069763 85
1728715205749 0.10630150884389877 86
1728715210065 0.20764033496379852 87
1728715214372 0.28047096729278564 88
1728715218684 0.3764597177505493 89
1728715222988 0.11682455241680145 90
1728715227290 0.12911471724510193 91
1728715231590 0.09703689813613892 92
1728715235893 0.11907552182674408 93
1728715240194 0.09062384814023972 94
1728715244499 0.2336580604314804 95
1728715248805 0.09538701176643372 96
1728715253106 0.06483535468578339 97
1728715257411 0.11468505859375 98
1728715261712 0.12497106194496155 99
1728715266009 0.15658657252788544 100
1728715270327 0.14491313695907593 101
1728715274640 0.13973397016525269 102
1728715278943 0.13133549690246582 103
1728715283252 0.18222667276859283 104
1728715287551 0.08724694699048996 105
1728715291853 0.13772009313106537 106
1728715296156 0.11381363868713379 107
1728715300460 0.1285509616136551 108
1728715304773 0.35959312319755554 109
1728715309077 0.07145177572965622 110
1728715313388 0.12881143391132355 111
1728715317696 0.13928627967834473 112
1728715321994 0.1394512802362442 113
1728715326280 0.010280326008796692 114
1728715330590 0.33935266733169556 115
1728715334893 0.10603287816047668 116
1728715339195 0.06740929186344147 117
1728715343495 0.09913943707942963 118
1728715347793 0.07916805148124695 119
1728715352107 0.11605105549097061 120
1728715356412 0.11670994758605957 121
1728715360730 0.09759817272424698 122
1728715365030 0.14158475399017334 123
1728715369332 0.11431586742401123 124
1728715373645 0.11989685893058777 125
1728715377949 0.12041489779949188 126
1728715382251 0.06907912343740463 127
1728715386562 0.07256640493869781 128
1728715390861 0.12811411917209625 129
1728715395169 0.1297113001346588 130
1728715399471 0.09151235967874527 131
1728715403769 0.14744845032691956 132
1728715408071 0.20578771829605103 133
1728715412354 0.10599520802497864 134
1728715416656 0.15774181485176086 135
1728715420958 0.26823118329048157 136
1728715425254 0.14033746719360352 137
1728715429555 0.20506292581558228 138
1728715433859 0.2754199206829071 139
1728715438157 0.1333395093679428 140
1728715442454 0.09976883232593536 141
1728715446750 0.1199665516614914 142
1728715451052 0.14934313297271729 143
1728715455350 0.07540440559387207 144
1728715459654 0.08243659138679504 145
1728715463954 0.19503849744796753 146
1728715468252 0.10786867141723633 147
1728715472547 0.08052822947502136 148
1728715476868 0.2499629557132721 149
1728715481179 0.17726974189281464 150
1728715485481 0.13315947353839874 151
1728715489794 0.1716143935918808 152
1728715494097 0.19652897119522095 153
1728715498402 0.24449434876441956 154
1728715502710 0.1398114264011383 155
1728715507017 0.31946274638175964 156
1728715511322 0.141096293926239 157
1728715515635 0.03483933210372925 158
1728715519942 0.41625556349754333 159
1728715524251 0.09192776679992676 160
1728715528572 0.12557411193847656 161
1728715532884 0.45239198207855225 162
1728715537179 0.11538220942020416 163
1728715541484 0.11198999732732773 164
1728715545784 0.16008040308952332 165
1728715550090 0.10130739212036133 166
1728715554394 0.08085744082927704 167
1728715558685 0.1601603478193283 168
1728715562988 0.21095308661460876 169
1728715567300 0.10336202383041382 170
1728715571610 0.2307012677192688 171
1728715575921 0.10831470042467117 172
1728715580237 0.16906732320785522 173
1728715584534 0.13387227058410645 174
1728715588838 0.1540529727935791 175
1728715593146 0.0763191357254982 176
1728715597446 0.10891613364219666 177
1728715601754 0.2768397629261017 178
1728715606062 0.09382316470146179 179
1728715610381 0.11763143539428711 180
1728715614681 0.11599558591842651 181
1728715618985 0.10661228001117706 182
1728715623282 0.05807120352983475 183
1728715627594 0.32598206400871277 184
1728715631903 0.3921556770801544 185
1728715636213 0.16888362169265747 186
1728715640538 0.3449226915836334 187
1728715644855 0.10272474586963654 188
1728715649168 0.1092790961265564 189
1728715653475 0.2018817663192749 190
1728715657772 0.13328783214092255 191
1728715662077 0.34106332063674927 192
1728715666390 0.13525396585464478 193
1728715670699 0.5047762989997864 194
1728715674997 0.0846310630440712 195
1728715679293 0.10431928932666779 196
1728715683618 0.1127844750881195 197
1728715687928 0.0899566113948822 198
1728715692230 0.11437489837408066 199
1728715696546 0.11363465338945389 200
1728715700834 0.08076507598161697 201
1728715705133 0.03548160940408707 202
1728715709455 0.3379247486591339 203
1728715713778 0.41663676500320435 204
1728715718079 0.13084253668785095 205
1728715722373 0.08216582983732224 206
1728715726695 0.21366995573043823 207
1728715730999 0.14228086173534393 208
1728715735313 0.16940820217132568 209
1728715739623 0.10684178024530411 210
1728715743931 0.12862372398376465 211
1728715748227 0.0858260840177536 212
1728715752548 0.3363635838031769 213
1728715756857 0.3611912727355957 214
1728715761163 0.08840174973011017 215
1728715765460 0.13052618503570557 216
1728715769756 0.12413650751113892 217
1728715774077 0.1895364671945572 218
1728715778406 0.4489816427230835 219
1728715782708 0.08318159729242325 220
1728715787017 0.09392222762107849 221
1728715791305 0.01880195364356041 222
1728715795616 0.2889232039451599 223
1728715799947 0.22143292427062988 224
1728715804257 0.18205639719963074 225
1728715808569 0.13187526166439056 226
1728715812891 0.25679177045822144 227
1728715817197 0.21993854641914368 228
1728715821508 0.30242809653282166 229
1728715825810 0.05950397998094559 230
1728715830128 0.20397622883319855 231
1728715834449 0.3268829882144928 232
1728715838756 0.1213916540145874 233
1728715843068 0.10952270030975342 234
1728715847364 0.05631884187459946 235
1728715851662 0.1037481352686882 236
1728715855958 0.12961028516292572 237
1728715860272 0.21455837786197662 238
1728715864577 0.15642550587654114 239
1728715868877 0.10590294003486633 240
1728715873183 0.6833635568618774 241
1728715877496 0.16565948724746704 242
1728715881797 0.112651027739048 243
1728715886102 0.14698398113250732 244
1728715890393 0.029320305213332176 245
1728715894694 0.1353648453950882 246
1728715899009 0.24925094842910767 247
1728715903329 0.28408384323120117 248
1728715907634 0.13328437507152557 249
1728715911947 0.2757422924041748 250
1728715916253 0.12674172222614288 251
1728715920558 0.19230791926383972 252
1728715924877 0.14680887758731842 253
1728715929184 0.07160906493663788 254
1728715933495 0.4696439504623413 255
1728715937785 0.11763074994087219 256
1728715942088 0.25165122747421265 257
1728715946386 0.13706812262535095 258
1728715950684 0.09274540096521378 259
1728715954995 0.09909960627555847 260
1728715959285 0.1221705973148346 261
1728715963589 0.07084894180297852 262
1728715967895 0.10186014324426651 263
1728715972219 0.19378286600112915 264
1728715976543 0.1741623431444168 265
1728715980854 0.11578433960676193 266
1728715985161 0.1398160755634308 267
1728715989460 0.12310686707496643 268
1728715993779 0.1449022889137268 269
1728715998087 0.1331515610218048 270
1728716002397 0.40445274114608765 271
1728716006710 0.08916816115379333 272
1728716011021 0.11259803175926208 273
1728716015321 0.08109546452760696 274
1728716019636 0.15038907527923584 275
1728716023948 0.28808915615081787 276
1728716028261 0.21123863756656647 277
1728716032573 0.15075170993804932 278
1728716036889 0.27288398146629333 279
1728716041192 0.09480907022953033 280
1728716045504 0.44329357147216797 281
1728716049796 0.052662938833236694 282
1728716054100 0.135689839720726 283
1728716058409 0.10594108700752258 284
1728716062720 0.14911136031150818 285
1728716067037 0.058653347194194794 286
1728716071356 0.12813174724578857 287
1728716075676 0.1227816492319107 288
1728716079977 0.07058596611022949 289
1728716084296 0.3715980648994446 290
1728716088598 0.3520019054412842 291
1728716092903 0.1424638330936432 292
1728716097204 0.09547603130340576 293
1728716101509 0.16845299303531647 294
1728716105805 0.04061511158943176 295
1728716110112 0.32160595059394836 296
1728716114413 0.09094785153865814 297
1728716118713 0.09913723170757294 298
1728716123019 0.15253865718841553 299
1728716127329 0.12352299690246582 300
1728716131634 0.07220235466957092 301
1728716135939 0.02068530209362507 302
1728716140245 0.10948686301708221 303
1728716144552 0.22782397270202637 304
1728716148861 0.11081667244434357 305
1728716153169 0.17355075478553772 306
1728716157469 0.3660551905632019 307
1728716161782 0.3595372438430786 308
1728716166102 0.2022167146205902 309
1728716170396 0.059308312833309174 310
1728716174696 0.22132596373558044 311
1728716179012 0.3009982109069824 312
1728716183329 0.07241538912057877 313
1728716187637 0.08740530908107758 314
1728716191958 0.42056021094322205 315
1728716196267 0.10062897205352783 316
1728716200583 0.6705370545387268 317
1728716204883 0.12319935858249664 318
1728716209191 0.11981458961963654 319
1728716213517 0.3529883623123169 320
1728716217833 0.43530189990997314 321
1728716222136 0.10037117451429367 322
1728716226447 0.4087095856666565 323
1728716230753 0.14036625623703003 324
1728716235071 0.16860224306583405 325
1728716239382 0.1798814833164215 326
1728716243765 0.2916809022426605 327
1728716248076 0.08139675855636597 328
1728716252388 0.09701873362064362 329
1728716256690 0.10995887219905853 330
1728716260999 0.09175238013267517 331
1728716265303 0.19395554065704346 332
1728716269607 0.10747972130775452 333
1728716273909 0.11408545076847076 334
1728716278207 0.3408331274986267 335
1728716282498 0.060067467391490936 336
1728716286807 0.20667311549186707 337
1728716291124 0.31054121255874634 338
1728716295409 0.1315901279449463 339
1728716299720 0.06474795192480087 340
1728716304033 0.10240614414215088 341
1728716308346 0.09199376404285431 342
1728716312652 0.15689101815223694 343
1728716316960 0.10559168457984924 344
1728716321271 0.4668916165828705 345
1728716325586 0.08501225709915161 346
1728716329904 0.1748371720314026 347
1728716334211 0.12297487258911133 348
1728716338519 0.17160433530807495 349
1728716342837 0.2346455603837967 350
1728716347144 0.05127774924039841 351
1728716351463 0.29771560430526733 352
1728716355761 0.03403858095407486 353
1728716360083 0.4082525372505188 354
1728716364389 0.0883086696267128 355
1728716368691 0.10620947182178497 356
1728716372994 0.1486264169216156 357
1728716377296 0.1839640587568283 358
1728716381601 0.1367015838623047 359
1728716385905 0.16706210374832153 360
1728716390204 0.06446543335914612 361
1728716394507 0.09163171052932739 362
1728716398807 0.09172232449054718 363
1728716403102 0.10771533846855164 364
1728716407396 0.08262202888727188 365
1728716411700 0.23347806930541992 366
1728716415991 0.094999298453331 367
1728716420298 0.11585259437561035 368
1728716424592 0.11428903043270111 369
1728716428890 0.08195154368877411 370
1728716433216 0.1730446219444275 371
1728716437512 0.2941775321960449 372
1728716441809 0.08721861243247986 373
1728716446109 0.12656626105308533 374
1728716450403 0.13283899426460266 375
1728716454706 0.41879022121429443 376
1728716459011 0.09639453887939453 377
1728716463314 0.12039124965667725 378
1728716467605 0.1488317847251892 379
1728716471896 0.11044572293758392 380
1728716476188 0.10460945963859558 381
1728716480458 0.10583560168743134 382
1728716484751 0.08498600125312805 383
1728716489058 0.12624862790107727 384
1728716493367 0.17348206043243408 385
1728716497664 0.08174613118171692 386
1728716501973 0.1361733376979828 387
1728716506273 0.14579153060913086 388
1728716510583 0.4003257155418396 389
1728716514894 0.13848859071731567 390
1728716519207 0.13748866319656372 391
1728716523508 0.10127813369035721 392
1728716527818 0.12291501462459564 393
1728716532129 0.15722957253456116 394
1728716536445 0.1651238203048706 395
1728716540741 0.09221570193767548 396
1728716545065 0.11092185974121094 397
1728716549367 0.20777276158332825 398
1728716553673 0.14267432689666748 399
1728716557984 0.0809786468744278 400
1728716562292 0.12143024802207947 401
1728716566593 0.10101878643035889 402
1728716570895 0.06460626423358917 403
1728716575203 0.09081467241048813 404
1728716579511 0.11114803701639175 405
1728716583809 0.11380110681056976 406
1728716588117 0.30756136775016785 407
1728716592414 0.11450065672397614 408
1728716596732 0.120635487139225 409
1728716601050 0.2621268332004547 410
1728716605369 0.35764288902282715 411
1728716609661 0.02116248942911625 412
1728716613967 0.06580561399459839 413
1728716618286 0.11632407456636429 414
1728716622589 0.1716773957014084 415
1728716626886 0.27494651079177856 416
1728716631194 0.09017828106880188 417
1728716635485 0.05202234536409378 418
1728716639792 0.09603982418775558 419
1728716644103 0.3938215970993042 420
1728716648412 0.23357467353343964 421
1728716652723 0.20704489946365356 422
1728716657047 0.4401717782020569 423
1728716661343 0.048035189509391785 424
1728716665654 0.11205218732357025 425
1728716669959 0.11226107180118561 426
1728716674269 0.5206764936447144 427
1728716678546 0.0553964301943779 428
1728716682837 0.12511079013347626 429
1728716687141 0.12873588502407074 430
1728716691457 0.10450264811515808 431
1728716695760 0.1187586635351181 432
1728716700064 0.1533932387828827 433
1728716704366 0.1701686680316925 434
1728716708671 0.09164893627166748 435
1728716712978 0.3594755530357361 436
1728716717288 0.14131373167037964 437
1728716721597 0.40277403593063354 438
1728716725902 0.13407719135284424 439
1728716730209 0.15262848138809204 440
1728716734529 0.15889260172843933 441
1728716738835 0.12778975069522858 442
1728716743151 0.15205663442611694 443
1728716747432 0.004595036618411541 444
1728716751734 0.03591195493936539 445
1728716756063 0.13495822250843048 446
1728716760366 0.046218205243349075 447
1728716764663 0.0559099018573761 448
1728716768971 0.11217242479324341 449
1728716773271 0.2511674463748932 450
1728716777584 0.16784575581550598 451
1728716781887 0.11766952276229858 452
1728716786198 0.18732072412967682 453
1728716790484 0.020517542958259583 454
1728716794791 0.17383649945259094 455
1728716799104 0.10754305124282837 456
1728716803410 0.23633326590061188 457
1728716807726 0.1312749683856964 458
1728716812030 0.10674972832202911 459
1728716816337 0.07284439355134964 460
1728716820638 0.11802434176206589 461
1728716824945 0.15903815627098083 462
1728716829263 0.12750224769115448 463
1728716833589 0.09483817219734192 464
1728716837894 0.13370254635810852 465
1728716842205 0.11232976615428925 466
1728716846522 0.14890778064727783 467
1728716850828 0.08759556710720062 468
1728716855144 0.40816348791122437 469
1728716859469 0.21425630152225494 470
1728716863782 0.19238068163394928 471
1728716868097 0.127250537276268 472
1728716872401 0.11039173603057861 473
1728716876699 0.11376816034317017 474
1728716881026 0.11308413743972778 475
1728716885341 0.12782929837703705 476
1728716889639 0.09387137740850449 477
1728716893947 0.14647948741912842 478
1728716898253 0.16655674576759338 479
1728716902564 0.09325338900089264 480
1728716906871 0.12567651271820068 481
1728716911171 0.06403402984142303 482
1728716915480 0.07455214112997055 483
1728716919785 0.11346770823001862 484
1728716924091 0.12554077804088593 485
1728716928397 0.11138780415058136 486
1728716932711 0.0897984504699707 487
1728716937017 0.08620858192443848 488
1728716941336 0.22165417671203613 489
1728716945659 0.09879915416240692 490
1728716949963 0.0586068257689476 491
1728716954271 0.08770271390676498 492
1728716958574 0.035176947712898254 493
1728716962891 0.31194859743118286 494
1728716967211 0.12749075889587402 495
1728716971502 0.09583662450313568 496
1728716975809 0.2744653820991516 497
1728716980113 0.11818279325962067 498
1728716984409 0.17208954691886902 499
1728716988720 0.06952192634344101 500
1728716993014 0.08044514805078506 501
1728716997308 0.1294129639863968 502
1728717001614 0.2629052698612213 503
1728717005909 0.045483510941267014 504
1728717010230 0.1098373606801033 505
1728717014546 0.15037305653095245 506
1728717018862 0.18873324990272522 507
1728717023164 0.11666132509708405 508
1728717027467 0.14195194840431213 509
1728717031756 0.08573184907436371 510
1728717036056 0.13754460215568542 511
1728717040371 0.12688365578651428 512
1728717044681 0.41915154457092285 513
1728717048994 0.15490570664405823 514
1728717053300 0.24809542298316956 515
1728717057594 0.11807066202163696 516
1728717061896 0.08946999907493591 517
1728717066190 0.12286661565303802 518
1728717070498 0.13706231117248535 519
1728717074797 0.09428075700998306 520
1728717079092 0.10738039016723633 521
1728717083401 0.1955128163099289 522
1728717087700 0.1447106897830963 523
1728717091981 0.1824066936969757 524
1728717096298 0.09819135069847107 525
1728717100604 0.1617732048034668 526
1728717104911 0.2454104721546173 527
1728717109244 0.21853461861610413 528
1728717113554 0.12182608246803284 529
1728717117854 0.13994349539279938 530
1728717122167 0.1848808079957962 531
1728717126473 0.2922596335411072 532
1728717130777 0.17986300587654114 533
1728717135093 0.1410112977027893 534
1728717139403 0.14786243438720703 535
1728717143698 0.09853626787662506 536
1728717148019 0.20394016802310944 537
1728717152310 0.15276649594306946 538
1728717156607 0.12311863899230957 539
1728717160927 0.1349366307258606 540
1728717165221 0.10393764078617096 541
1728717169506 0.24231693148612976 542
1728717173819 0.26927196979522705 543
1728717178113 0.10735314339399338 544
1728717182415 0.1046498566865921 545
1728717186724 0.3757834732532501 546
1728717191021 0.18663763999938965 547
1728717195315 0.18072593212127686 548
1728717199626 0.07671260088682175 549
1728717203935 0.13659794628620148 550
1728717208231 0.0691448301076889 551
1728717212544 0.10232575237751007 552
1728717216855 0.11641388386487961 553
1728717221142 0.06610465049743652 554
1728717225448 0.16464829444885254 555
1728717229746 0.03856956586241722 556
1728717234050 0.13732324540615082 557
1728717238356 0.10770183056592941 558
1728717242655 0.16952480375766754 559
1728717246964 0.12979984283447266 560
1728717251273 0.14289185404777527 561
1728717255550 0.0073400987312197685 562
1728717259866 0.11596722155809402 563
1728717264171 0.08756709098815918 564
1728717268475 0.13471566140651703 565
1728717272798 0.09682222455739975 566
1728717277100 0.18583542108535767 567
1728717281395 0.029740072786808014 568
1728717285708 0.13857781887054443 569
1728717290007 0.26044124364852905 570
1728717294301 0.08475977927446365 571
1728717298607 0.09582127630710602 572
1728717302917 0.1488235890865326 573
1728717307226 0.07299517095088959 574
1728717311536 0.3508839011192322 575
1728717315833 0.05619990453124046 576
1728717320147 0.14457480609416962 577
1728717324450 0.1257936656475067 578
1728717328756 0.0673564001917839 579
1728717333057 0.12444797903299332 580
1728717337341 0.05481341481208801 581
1728717341635 0.08571134507656097 582
1728717345947 0.11999254673719406 583
1728717350256 0.11428530514240265 584
1728717354551 0.1106245219707489 585
1728717358857 0.15949031710624695 586
1728717363166 0.21591642498970032 587
1728717367454 0.14025664329528809 588
1728717371766 0.19340792298316956 589
1728717376074 0.12207921594381332 590
1728717380375 0.12661178410053253 591
1728717384678 0.3316832184791565 592
1728717388942 0.011450434103608131 593
1728717393238 0.14711274206638336 594
1728717397544 0.09839744120836258 595
1728717401849 0.08575551211833954 596
1728717406168 0.2703050673007965 597
1728717410470 0.11206259578466415 598
1728717414773 0.15523949265480042 599
1728717419073 0.1950996369123459 600
1728717423379 0.07282263040542603 601
1728717427679 0.08271747827529907 602
1728717431972 0.11295896768569946 603
1728717436275 0.10367794334888458 604
1728717440578 0.09545440971851349 605
1728717444878 0.11315826326608658 606
1728717449180 0.09181958436965942 607
1728717453495 0.14826098084449768 608
1728717457801 0.1119774878025055 609
1728717462111 0.09115301817655563 610
1728717466409 0.045839712023735046 611
1728717470708 0.13849619030952454 612
1728717475010 0.10319093614816666 613
1728717479300 0.08414483815431595 614
1728717483608 0.14392973482608795 615
1728717487914 0.09897438436746597 616
1728717492224 0.1173364594578743 617
1728717496523 0.11978302896022797 618
1728717500804 0.015804843977093697 619
1728717505129 0.10855869948863983 620
1728717509438 0.46516209840774536 621
1728717513735 0.14392511546611786 622
1728717518061 0.16922608017921448 623
1728717522346 0.11859217286109924 624
1728717526650 0.09562095999717712 625
1728717530946 0.01787039265036583 626
1728717535263 0.40565645694732666 627
1728717539575 0.12936420738697052 628
1728717543865 0.18777212500572205 629
1728717548170 0.16937607526779175 630
1728717552477 0.4444948434829712 631
1728717556778 0.09201057255268097 632
1728717561085 0.13759759068489075 633
1728717565402 0.19118762016296387 634
1728717569715 0.18021255731582642 635
1728717574030 0.3981100916862488 636
1728717578338 0.08496221899986267 637
1728717582640 0.13038599491119385 638
1728717586936 0.2423780858516693 639
1728717591230 0.08998224884271622 640
1728717595548 0.16499653458595276 641
1728717599856 0.18419022858142853 642
1728717604160 0.08991735428571701 643
1728717608462 0.11895564198493958 644
1728717612770 0.06998310983181 645
1728717617072 0.08470378816127777 646
1728717621374 0.08641557395458221 647
1728717625679 0.19156518578529358 648
1728717629981 0.11503694951534271 649
1728717634278 0.19347241520881653 650
1728717638581 0.11853627115488052 651
1728717642889 0.33192014694213867 652
1728717647195 0.1269378364086151 653
1728717651510 0.19609464704990387 654
1728717655816 0.2005361020565033 655
1728717660113 0.08777059614658356 656
1728717664411 0.08222708106040955 657
1728717668702 0.11894778162240982 658
1728717673001 0.06070026010274887 659
1728717677308 0.21701624989509583 660
1728717681601 0.2298024296760559 661
1728717685909 0.20571815967559814 662
1728717690206 0.0993436872959137 663
1728717694503 0.11120246350765228 664
1728717698809 0.09083138406276703 665
1728717703110 0.2053457498550415 666
1728717707418 0.1914587765932083 667
1728717711730 0.2732888460159302 668
1728717716026 0.07272911071777344 669
1728717720312 0.15826880931854248 670
1728717724603 0.1289030909538269 671
1728717728879 0.058861132711172104 672
1728717733190 0.24452736973762512 673
1728717737503 0.10950450599193573 674
1728717741806 0.11317119002342224 675
1728717746106 0.09856016933917999 676
1728717750414 0.11861997097730637 677
1728717754713 0.2478204071521759 678
1728717759023 0.22162854671478271 679
1728717763327 0.15783143043518066 680
1728717767639 0.07073905318975449 681
1728717771951 0.13711903989315033 682
1728717776263 0.11152379214763641 683
1728717780569 0.125160813331604 684
1728717784873 0.091966412961483 685
1728717789184 0.11656428128480911 686
1728717793476 0.11487075686454773 687
1728717797787 0.22250130772590637 688
1728717802102 0.16798566281795502 689
1728717806386 0.1351551115512848 690
1728717810689 0.1201881617307663 691
1728717814990 0.3122565448284149 692
1728717819291 0.11937001347541809 693
1728717823594 0.1195419579744339 694
1728717827909 0.08912381529808044 695
1728717832210 0.17381954193115234 696
1728717836506 0.0702405646443367 697
1728717840811 0.16853564977645874 698
1728717845109 0.07431843876838684 699
1728717849417 0.17804279923439026 700
1728717853717 0.15587791800498962 701
1728717858019 0.39453595876693726 702
1728717862319 0.14880532026290894 703
1728717866624 0.07750649005174637 704
1728717870927 0.28149017691612244 705
1728717875201 0.08146598190069199 706
1728717879524 0.39588847756385803 707
1728717883824 0.15019714832305908 708
1728717888209 0.08943113684654236 709
1728717892515 0.07905971258878708 710
1728717896823 0.15020471811294556 711
1728717901121 0.1664038598537445 712
1728717905427 0.2099250704050064 713
1728717909737 0.09322352707386017 714
1728717914042 0.09804301708936691 715
1728717918354 0.12968094646930695 716
1728717922661 0.0983646810054779 717
1728717926963 0.05741311237215996 718
1728717931273 0.10510678589344025 719
1728717935595 0.31463587284088135 720
1728717939914 0.10676243901252747 721
1728717944226 0.4238329231739044 722
1728717948544 0.09389057755470276 723
1728717952838 0.13545562326908112 724
1728717957153 0.12875011563301086 725
1728717961471 0.10832162201404572 726
1728717965783 0.20311254262924194 727
1728717970090 0.11595195531845093 728
1728717974386 0.13007202744483948 729
1728717978700 0.2023872435092926 730
1728717983017 0.37715643644332886 731
1728717987320 0.20045730471611023 732
1728717991647 0.14008766412734985 733
1728717995950 0.10136045515537262 734
1728718000257 0.12815792858600616 735
1728718004557 0.13088354468345642 736
1728718008869 0.16625720262527466 737
1728718013177 0.11354997009038925 738
1728718017490 0.31884127855300903 739
1728718021797 0.0928950235247612 740
1728718026091 0.13655853271484375 741
1728718030403 0.16063490509986877 742
1728718034710 0.11697550117969513 743
1728718039026 0.13796314597129822 744
1728718043329 0.08811931312084198 745
1728718047636 0.07661378383636475 746
1728718051946 0.09214188158512115 747
1728718056256 0.19035062193870544 748
1728718060558 0.0818239226937294 749
1728718064860 0.06835442781448364 750
1728718069163 0.3620325028896332 751
1728718073477 0.13969025015830994 752
1728718077753 0.08373850584030151 753
1728718082064 0.0687212124466896 754
1728718086375 0.09663597494363785 755
1728718090684 0.1808847039937973 756
1728718095006 0.08937686681747437 757
1728718099315 0.1962425708770752 758
1728718103606 0.1396813690662384 759
1728718107912 0.11877432465553284 760
1728718112217 0.08155037462711334 761
1728718116505 0.13276106119155884 762
1728718120798 0.14259126782417297 763
1728718125092 0.069589763879776 764
1728718129389 0.19330823421478271 765
1728718133689 0.1158265769481659 766
1728718137993 0.06549251824617386 767
1728718142287 0.13322532176971436 768
1728718146589 0.14105400443077087 769
1728718150892 0.09710220992565155 770
1728718155176 0.12532620131969452 771
1728718159482 0.18228350579738617 772
1728718163773 0.09655915200710297 773
1728718168081 0.13659252226352692 774
1728718172394 0.10908711701631546 775
1728718176696 0.25844594836235046 776
1728718181003 0.0941714495420456 777
1728718185308 0.09949298202991486 778
1728718189617 0.2971689999103546 779
1728718193915 0.10019685328006744 780
1728718198213 0.10414008051156998 781
1728718202514 0.1174439936876297 782
1728718206810 0.08541233092546463 783
1728718211107 0.09654705226421356 784
1728718215407 0.06363856792449951 785
1728718219692 0.08101169764995575 786
1728718223990 0.10358461737632751 787
1728718228303 0.19689661264419556 788
1728718232608 0.17377233505249023 789
1728718236924 0.2735369801521301 790
1728718241240 0.11911271512508392 791
1728718245536 0.1026286706328392 792
1728718249839 0.10131168365478516 793
1728718254142 0.16217489540576935 794
1728718258450 0.12613451480865479 795
1728718262762 0.07082872092723846 796
1728718267081 0.34226715564727783 797
1728718271377 0.5717648863792419 798
1728718275718 0.30066874623298645 799
1728718280015 0.08971444517374039 800
1728718284293 0.10440471768379211 801
1728718288605 0.07014670968055725 802
1728718292910 0.13558551669120789 803
1728718297209 0.061355769634246826 804
1728718301512 0.1136060506105423 805
1728718305820 0.14139047265052795 806
1728718310125 0.07335725426673889 807
1728718314424 0.11097843199968338 808
1728718318727 0.11614781618118286 809
1728718323029 0.16747823357582092 810
1728718327345 0.14447903633117676 811
1728718331665 0.2658853530883789 812
1728718335978 0.13225188851356506 813
1728718340285 0.14021095633506775 814
1728718344592 0.14121109247207642 815
1728718348902 0.17507249116897583 816
1728718353204 0.13754943013191223 817
1728718357518 0.12352432310581207 818
1728718361817 0.1108095794916153 819
1728718366142 0.1140318512916565 820
1728718370458 0.09580835700035095 821
1728718374770 0.13872459530830383 822
1728718379090 0.11252523958683014 823
1728718383399 0.19501103460788727 824
1728718387710 0.11665163934230804 825
1728718392019 0.1137867122888565 826
1728718396317 0.12583805620670319 827
1728718400618 0.11985932290554047 828
1728718404930 0.26311683654785156 829
1728718409230 0.129195898771286 830
1728718413525 0.09765663743019104 831
1728718417839 0.08423583209514618 832
1728718422142 0.08620219677686691 833
1728718426442 0.046029992401599884 834
1728718430764 0.15846891701221466 835
1728718435064 0.1495625525712967 836
1728718439370 0.10873136669397354 837
1728718443687 0.24685433506965637 838
1728718447993 0.1782238781452179 839
1728718452292 0.11907471716403961 840
1728718456603 0.08595013618469238 841
1728718460919 0.3879190981388092 842
1728718465219 0.10934096574783325 843
1728718469534 0.3034088611602783 844
1728718473847 0.2673735022544861 845
1728718478159 0.1122446209192276 846
1728718482470 0.10293710231781006 847
1728718486781 0.07651908695697784 848
1728718491091 0.1463823914527893 849
1728718495409 0.11117078363895416 850
1728718499718 0.1400856077671051 851
1728718504020 0.12159771472215652 852
1728718508322 0.09605665504932404 853
1728718512610 0.029603034257888794 854
1728718516911 0.14197851717472076 855
1728718521226 0.1235094889998436 856
1728718525525 0.1583409309387207 857
1728718529835 0.092367023229599 858
1728718534123 0.017876863479614258 859
1728718538419 0.106870636343956 860
1728718542725 0.14381800591945648 861
1728718547029 0.2028288096189499 862
1728718551321 0.0628429502248764 863
1728718555608 0.03154464066028595 864
1728718559919 0.11831919848918915 865
1728718564219 0.24983114004135132 866
1728718568520 0.09938621520996094 867
1728718572832 0.14727824926376343 868
1728718577129 0.1180061623454094 869
1728718581435 0.458077609539032 870
1728718585760 0.11979837715625763 871
1728718590031 0.07839984446763992 872
1728718594346 0.3067471385002136 873
1728718598664 0.13492505252361298 874
1728718602981 0.10637431591749191 875
1728718607288 0.11569567769765854 876
1728718611593 0.09675351530313492 877
1728718615909 0.12248747050762177 878
1728718620219 0.07849479466676712 879
1728718624523 0.09928581118583679 880
1728718628843 0.11992736905813217 881
1728718633154 0.12195783108472824 882
1728718637469 0.12206918001174927 883
1728718641769 0.1533806473016739 884
1728718646078 0.11832505464553833 885
1728718650410 0.3287695050239563 886
1728718654716 0.1734471321105957 887
1728718659013 0.08496584743261337 888
1728718663333 0.09918488562107086 889
1728718667641 0.1222836971282959 890
1728718671938 0.08942032605409622 891
1728718676251 0.14480546116828918 892
1728718680561 0.09671587496995926 893
1728718684867 0.10323191434144974 894
1728718689165 0.08954767882823944 895
1728718693474 0.14224962890148163 896
1728718697767 0.13118037581443787 897
1728718702071 0.08595888316631317 898
1728718706381 0.12151152640581131 899
1728718710695 0.435818076133728 900
1728718714993 0.0958046168088913 901
1728718719299 0.11662684381008148 902
1728718723590 0.04229528829455376 903
1728718727894 0.12210439145565033 904
1728718732194 0.10869176685810089 905
1728718736484 0.026281293481588364 906
1728718740784 0.08937393128871918 907
1728718745085 0.1485612392425537 908
1728718749380 0.14002451300621033 909
1728718753680 0.11879714578390121 910
1728718757979 0.15013296902179718 911
1728718762288 0.11989941447973251 912
1728718766595 0.11516415327787399 913
1728718770885 0.1151709333062172 914
1728718775191 0.2536637783050537 915
1728718779492 0.13814400136470795 916
1728718783796 0.10175319015979767 917
1728718788102 0.20618930459022522 918
1728718792399 0.09643278270959854 919
1728718796706 0.34651726484298706 920
1728718801005 0.13121360540390015 921
1728718805310 0.14017720520496368 922
1728718809602 0.0915297120809555 923
1728718813913 0.18844453990459442 924
1728718818223 0.22654759883880615 925
1728718822536 0.08226232975721359 926
1728718826845 0.167443186044693 927
1728718831159 0.24115940928459167 928
1728718835472 0.19275766611099243 929
1728718839762 0.02850368805229664 930
1728718844077 0.08402810245752335 931
1728718848386 0.12310442328453064 932
1728718852695 0.08605998754501343 933
1728718857003 0.10746272653341293 934
1728718861328 0.14947909116744995 935
1728718865652 0.08956443518400192 936
1728718869968 0.09060879796743393 937
1728718874294 0.38754159212112427 938
1728718878604 0.535187304019928 939
1728718882912 0.3674824833869934 940
1728718887228 0.14402732253074646 941
1728718891526 0.16096696257591248 942
1728718895820 0.09750804305076599 943
1728718900132 0.0957559198141098 944
1728718904426 0.19712582230567932 945
1728718908726 0.10466694086790085 946
1728718913038 0.1797000765800476 947
1728718917338 0.17050789296627045 948
1728718921637 0.07954239845275879 949
1728718925939 0.12254291772842407 950
1728718930255 0.41486191749572754 951
1728718934564 0.029424838721752167 952
1728718938891 0.11915223300457001 953
1728718943188 0.11590516567230225 954
1728718947496 0.18195754289627075 955
1728718951817 0.1967342495918274 956
1728718956124 0.11244714260101318 957
1728718960427 0.33338162302970886 958
1728718964740 0.2967413663864136 959
1728718969054 0.13051114976406097 960
1728718973360 0.10896240174770355 961
1728718977665 0.14701834321022034 962
1728718981976 0.23664069175720215 963
1728718986296 0.1058955267071724 964
1728718990579 0.06352753937244415 965
1728718994887 0.14757093787193298 966
1728718999195 0.3097524046897888 967
1728719003510 0.10891091823577881 968
1728719007817 0.37698227167129517 969
1728719012115 0.13874463737010956 970
1728719016423 0.11338513344526291 971
1728719020732 0.30956876277923584 972
1728719025029 0.13066300749778748 973
1728719029338 0.10691004991531372 974
1728719033657 0.18302598595619202 975
1728719037965 0.12390850484371185 976
1728719042271 0.03440779820084572 977
1728719046580 0.0951249822974205 978
1728719050888 0.20283293724060059 979
1728719055197 0.11907928436994553 980
1728719059497 0.06775253266096115 981
1728719063806 0.14437268674373627 982
1728719068109 0.1136605441570282 983
1728719072415 0.08978518843650818 984
1728719076722 0.15003399550914764 985
1728719081029 0.13531149923801422 986
1728719085347 0.12541699409484863 987
1728719089641 0.08448179811239243 988
1728719093950 0.2604113817214966 989
1728719098269 0.13584913313388824 990
1728719102564 0.1784212291240692 991
1728719106865 0.07126451283693314 992
1728719111171 0.14453577995300293 993
1728719115472 0.21188843250274658 994
1728719119787 0.14991438388824463 995
1728719124097 0.06435853242874146 996
1728719128398 0.09438270330429077 997
1728719132727 0.16147050261497498 998
1728719137026 0.13409671187400818 999
1728719141335 0.1465085744857788 1000
