1731493521042 0.2654736638069153 1
1731493522965 0.2189110517501831 2
1731493524797 0.26949429512023926 3
1731493526630 0.23912151157855988 4
1731493528465 0.18793396651744843 5
1731493530301 0.1839827299118042 6
1731493532133 0.20902200043201447 7
1731493534030 0.19623318314552307 8
1731493535865 0.1827067732810974 9
1731493537710 0.1615053415298462 10
1731493539547 0.20017077028751373 11
1731493541388 0.19270583987236023 12
1731493543232 0.23848997056484222 13
1731493545079 0.18933477997779846 14
1731493546926 0.25532156229019165 15
1731493548772 0.2527469992637634 16
1731493550620 0.16487476229667664 17
1731493552472 0.20015861093997955 18
1731493554317 0.22216244041919708 19
1731493556165 0.2769942581653595 20
1731493558020 0.1722204089164734 21
1731493559872 0.23091265559196472 22
1731493561721 0.31415364146232605 23
1731493563578 0.19169050455093384 24
1731493565440 0.20487520098686218 25
1731493567307 0.17464320361614227 26
1731493569162 0.1960735321044922 27
1731493571017 0.20842185616493225 28
1731493572877 0.18065331876277924 29
1731493574738 0.24611277878284454 30
1731493576601 0.1863931119441986 31
1731493578461 0.17893153429031372 32
1731493580319 0.2492823451757431 33
1731493582186 0.19442887604236603 34
1731493584041 0.2537055015563965 35
1731493585903 0.20550315082073212 36
1731493587761 0.2314697653055191 37
1731493589633 0.22805100679397583 38
1731493591484 0.1811809539794922 39
1731493593344 0.2175585925579071 40
1731493595204 0.16726267337799072 41
1731493597067 0.16190777719020844 42
1731493598925 0.17355532944202423 43
1731493600783 0.19267237186431885 44
1731493602637 0.18246322870254517 45
1731493604496 0.20096352696418762 46
1731493606357 0.22826647758483887 47
1731493608220 0.21941973268985748 48
1731493610082 0.24816858768463135 49
1731493611942 0.1769140362739563 50
1731493613804 0.20594999194145203 51
1731493615666 0.27235424518585205 52
1731493617519 0.23358696699142456 53
1731493619379 0.22511637210845947 54
1731493621245 0.19391858577728271 55
1731493623107 0.20341545343399048 56
1731493624970 0.25644150376319885 57
1731493626842 0.1993667483329773 58
1731493628701 0.17782823741436005 59
1731493630564 0.27962225675582886 60
1731493632417 0.1885014921426773 61
1731493634286 0.24596330523490906 62
