1728719563253 0.10580100119113922 1
1728719877959 0.1850568950176239 2
1728719882216 0.09814753383398056 3
1728719886480 0.1341543197631836 4
1728719890755 0.23448446393013 5
1728719895014 0.15229472517967224 6
1728719899279 0.14554117619991302 7
1728719903547 0.05810251832008362 8
1728719907809 0.16954806447029114 9
1728719912078 0.11941875517368317 10
1728719916358 0.11688976734876633 11
1728719920637 0.20110419392585754 12
1728719924891 0.088145412504673 13
1728719929147 0.01858801394701004 14
1728719933410 0.28537553548812866 15
1728719937679 0.11437864601612091 16
1728719941956 0.10017366707324982 17
1728719946234 0.11294402182102203 18
1728719950496 0.20390762388706207 19
1728719954770 0.15030935406684875 20
1728719959045 0.17878440022468567 21
1728719963309 0.07984106987714767 22
1728719967594 0.09301528334617615 23
1728719971866 0.10221117734909058 24
1728719976160 0.11973467469215393 25
1728719980426 0.12076054513454437 26
1728719984690 0.2858518660068512 27
1728719988967 0.09182006120681763 28
1728719993248 0.09254267811775208 29
1728719997515 0.03573242574930191 30
1728720001789 0.16809123754501343 31
1728720006070 0.09590893238782883 32
1728720010349 0.10663677752017975 33
1728720014611 0.11192435026168823 34
1728720018904 0.1739313006401062 35
1728720023185 0.12313118577003479 36
1728720027466 0.18045787513256073 37
1728720031750 0.12912553548812866 38
1728720036033 0.1780763864517212 39
1728720040321 0.11998969316482544 40
1728720044608 0.24299925565719604 41
1728720048891 0.13416209816932678 42
1728720053187 0.2360280454158783 43
1728720057479 0.181481271982193 44
1728720061769 0.0741366520524025 45
1728720066071 0.40085509419441223 46
1728720070346 0.016943927854299545 47
1728720074644 0.08163667470216751 48
1728720078936 0.19052845239639282 49
1728720083203 0.1079130545258522 50
1728720087502 0.15253791213035583 51
1728720091817 0.15308642387390137 52
1728720096119 0.147382915019989 53
1728720100425 0.11902756989002228 54
1728720104728 0.25973016023635864 55
1728720109024 0.27389732003211975 56
1728720113333 0.0808914303779602 57
1728720117644 0.10956428945064545 58
1728720121938 0.11724891513586044 59
1728720126245 0.35644957423210144 60
1728720130533 0.06881415843963623 61
1728720134810 0.013947682455182076 62
1728720139122 0.17953211069107056 63
1728720143445 0.25479310750961304 64
1728720147732 0.13546976447105408 65
1728720152035 0.18282824754714966 66
1728720156346 0.270119309425354 67
1728720160639 0.09485077857971191 68
1728720164951 0.13954532146453857 69
1728720169258 0.2253677248954773 70
1728720173572 0.19490167498588562 71
1728720177883 0.11012059450149536 72
1728720182186 0.33949553966522217 73
1728720186486 0.13658376038074493 74
1728720190780 0.06897731125354767 75
1728720195066 0.11069074273109436 76
1728720199370 0.10253646969795227 77
1728720203680 0.24109667539596558 78
1728720207970 0.10170026123523712 79
1728720212294 0.23198702931404114 80
